luminosity_distance log10_Menv log10_Renv log10_Ee Ebv KNtimeshift log_likelihood log_prior
33.43247825629547 -0.542449666942681 13.292476912375376 49.36249662477074 0.31860579799841754 0.0 -12.217118423340471 -11.298318941841021
91.86019332265832 -0.6692457504420481 14.404067598704344 49.598145561721424 0.34210044908067117 0.0 -11.757205953306885 -11.39546179526341
245.80666235259827 -0.6818250336210365 13.776724566881208 50.50912664554487 0.0826965046751617 0.0 -11.57772061309264 -10.641042555738139
279.67806660477277 -1.218015723110582 12.399325387075042 51.833105640392326 0.29410442022778144 0.0 -11.107854680369122 -11.206158866661283
188.53017186567453 -1.8247370360310322 14.588122297962078 49.10791506159424 0.20408062024754173 0.0 -10.767478725783635 -10.925892210565781
549.5300492462418 -0.975016249830059 12.593956507936566 51.59526285236812 0.2126586539987633 0.0 -10.499750239571293 -10.949457362219533
426.4042203241799 -1.5456147423176314 13.97441500309065 50.806701976007524 0.2652289556398223 0.0 -10.271952364732808 -11.10743791191591
487.84838294072546 -2.1600627974110225 14.142984896220124 50.44766559388526 0.36285641023280135 0.0 -10.06163217618277 -11.489910868672869
552.6718331021756 -1.5548164695660462 12.849662876004533 50.96844545508927 0.1734462621187385 0.0 -9.89140825858196 -10.845997187098988
374.10190845631024 -1.9093792539472298 14.48119870819885 49.96706070710378 0.0828071038544047 0.0 -9.752261773260402 -10.641268430520638
453.23977231800814 -1.2271453442512827 12.471088651946243 51.47991158160526 0.14483270307878832 0.0 -9.090369341440237 -10.77673095642057
755.107641353588 -1.5641804832577897 12.247263769362718 51.69848796811837 0.21904291558120167 0.0 -9.057798027917306 -10.967363535874906
954.182168229924 -1.5066092665366315 14.149285202214857 51.60240695966277 0.2306029000479071 0.0 -9.029085960287986 -11.000625366095466
818.6322567052882 -2.143560684802979 14.709495349286101 50.10248114875951 0.0729789375664654 0.0 -8.97160879418267 -10.62139309967299
789.3037142308395 -1.5800900730670033 14.248457646064566 51.43323282263266 0.22278062927357453 0.0 -8.890528367380073 -10.97799760160418
689.8202696017548 -1.671071734391314 12.693953041663331 51.285612111196215 0.21399737715092582 0.0 -8.637263396694987 -10.953185652815664
299.7055108321132 -1.4166835075087048 12.70986714532783 51.23206919778126 0.4929951358645749 0.0 -8.612076312939417 -12.460283024578793
482.34063892586556 -1.3073197097078637 11.058579495036945 51.79119796442946 0.06294447348990721 0.0 -8.592594129558195 -10.601500091752374
20.629814494189574 -1.9947261542648382 10.210075671506043 49.79986635166119 0.1780666398628487 0.0 -8.548754618675567 -10.857646008824181
132.57066114957618 -2.516911481382465 14.595005915987606 48.31279066093886 0.1284876114515111 0.0 -8.445199353470535 -10.739215432234472
74.33704534435645 -1.5833185987954304 12.20037789785367 50.048866181863914 0.5533253826054939 0.0 -8.341603840927435 -13.886484133092708
287.2366868542008 -2.185222935404856 14.560489188432921 49.48098004253998 0.17327575539325935 0.0 -8.252570811628495 -10.845569893697052
261.2616895755478 -1.8069789038734863 13.120232863445587 50.35193330458236 0.3311327717901317 0.0 -8.221290220928033 -11.3489375021687
267.6830268661638 -1.4286414623546229 12.907421620408595 51.49103313963489 0.5168469430103995 0.0 -8.130989059994802 -12.817504106219532
453.2355260927905 -1.650154060522925 12.004066842173348 51.313379431843714 0.2015830889934618 0.0 -7.99473635828327 -10.919134212641454
36.72430311099803 -1.4702772454858994 11.59081546413391 49.06919275866293 0.11670125913927525 0.0 -7.931582352389583 -10.713010716929087
513.5826802735928 -1.501502606068399 11.504912072462728 51.75140627555702 0.06764354064993294 0.0 -7.903645764334555 -10.610766597868457
331.21365303241157 -2.2024199641949744 14.677319174934055 49.782348582761756 0.38683948019073044 0.0 -7.89056803167414 -11.611461570927101
94.51532074845554 -1.3782513357432729 11.745476543830128 50.60524096031652 0.47635517594495785 0.0 -7.749666520245954 -12.270027652371022
540.4874320351971 -1.552458776234904 11.993453691940145 51.7743534079529 0.20890570864541086 0.0 -7.656358124951686 -10.93907905992082
437.86504341352776 -1.938998990982964 14.140315261916411 50.32735526372262 0.11376475456308423 0.0 -7.6425072042446835 -10.7065874302165
110.79504602889251 -1.1904166611872924 11.472613377200874 50.96155683882418 0.4707085194572767 0.0 -7.640229726536834 -12.21289912303607
972.8026904978113 -1.536574802634802 13.190610833635198 51.8218595994224 0.3176731852003399 0.0 -7.557814173273969 -11.294650995727231
679.5502378267091 -1.4930147432357654 13.50217975702316 51.664186607073674 0.2697086486923965 0.0 -7.511949917280129 -11.122129008315657
145.34568505317586 -2.1814340883491785 12.650754685160122 49.55341264504095 0.28870862209935766 0.0 -7.4187385417511615 -11.186955702362566
376.1508684808056 -1.1864665642333523 11.865883758405655 51.733448623445646 0.18245968368058677 0.0 -7.415027524454596 -10.868848959772743
69.24246363940023 -1.9484671616657034 12.512559755295834 49.6913730589746 0.4217002903760144 0.0 -7.379605997790678 -11.81955347332449
36.344826221466064 -1.0973629355430603 11.297164857387543 49.5012269616127 0.1413115502357483 0.0 -7.276645857482187 -10.76852936318726
219.99841092527697 -1.6248251691260975 11.625347703302621 51.1049841000472 0.3986194714300351 0.0 -7.26932149479051 -11.677049479096386
60.80117654453269 -1.200736302101678 10.866835563747152 50.62539029575381 0.5001984912045874 0.0 -7.263754924589318 -12.555381708983123
51.57320625747362 -0.6604320988417332 11.018876246812528 50.327498599262604 0.2011752927632311 0.0 -7.256821145729585 -10.918035092966067
13.07332035718136 -2.947947990234129 13.73117102936924 47.71841903189299 0.4801588314774722 0.0 -7.2152459955716415 -12.310436107942257
504.6450356696357 -1.4056034055867075 12.009186212065766 51.3953054848731 0.029829674180335126 0.0 -7.209785322145576 -10.538524942246633
42.826517224027064 -1.356513094595111 11.193753321771421 50.53515253702369 0.5555697415290249 0.0 -7.2009482003382885 -14.011664286269632
116.9158767001604 -1.1895758733289719 11.472025494596593 51.57675513524045 0.5503607109381743 0.0 -7.174707063679035 -13.742015925065461
409.6595579266518 -2.169581507217715 14.779360044641063 49.84230118352105 0.16445185874141416 0.0 -7.136577144681287 -10.823702590539646
585.5155206459394 -1.9852832472111048 14.78623064610855 50.537345512255 0.32688297492928065 0.0 -7.119238503415083 -11.331476358719968
577.2853543188033 -2.0372578136581794 14.884635767737848 50.66008120641244 0.4938026639021792 0.0 -7.085377008838083 -12.470504845131359
60.459399904075966 -2.447444097343219 12.218688001901516 49.11000020594589 0.1904149319429054 0.0 -7.074443455148003 -10.889461133120133
296.1075484927997 -2.1246117708415357 13.84671613826716 49.77518697386038 0.09228143415919121 0.0 -6.982062363190254 -10.66080956653914
238.60932317916271 -2.3149331626978453 14.586108735451642 49.29924525472885 0.17684199108967452 0.0 -6.98116091898644 -10.854545203314938
279.9490567757094 -2.1228249623869577 13.372589503084775 49.909703350468874 0.1975042236245749 0.0 -6.973555803113801 -10.908194594431674
828.1554851028749 -1.8965303208558182 13.386493131734392 51.19182223540465 0.05231877234551676 0.0 -6.9533702407163975 -10.580857645702666
613.0018317551742 -1.7650236545926679 14.071159597319825 51.213510174600124 0.06524273398150256 0.0 -6.840440184377654 -10.606021507228947
235.55004596710205 -2.3619502782821655 13.766447901725769 49.46554523706436 0.20693882009983064 0.0 -6.832183183311928 -10.933682589501343
55.51848832191196 -1.4142591582237873 10.669617221180124 50.0632666090535 0.17143758508307777 0.0 -6.819167886162215 -10.840974957579883
782.0601706834043 -1.826248305181513 14.691867650684177 51.036507430753595 0.2522452453479911 0.0 -6.775974381141701 -11.066038164926445
867.8664651492059 -1.6085231303743317 14.726012835318052 51.78814641598151 0.3894533391034029 0.0 -6.700553100974368 -11.625648012261708
854.0539264880213 -1.5645783824144255 12.234114751293465 51.77210980957793 0.046780360165414175 0.0 -6.677801275036114 -10.570264819130497
94.79285801994622 -1.9232078190857695 12.988586244698524 50.78716221069166 0.42522671154930464 0.0 -6.670044724096845 -11.843231926608327
814.117176711026 -1.5411761006262026 12.629301443936514 51.760323917778365 0.204020992854367 0.0 -6.658125103903533 -10.925730333210366
179.75284506967293 -1.7450416203995145 12.21737891605828 50.36522123319327 0.17112916510027418 0.0 -6.643093874312589 -10.840206054027034
570.0633392413622 -1.3624746251408233 11.93726094534643 51.895638343587706 0.23596106140118706 0.0 -6.596030379507632 -11.016425979818502
107.44594112521777 -2.202533514027008 12.721237746501412 49.25582875970257 0.22170790130867804 0.0 -6.532534507521908 -10.974934025322057
289.7440671830218 -1.8536193225716744 11.896170457453914 50.765427894769545 5.7975586962490276e-05 0.0 -6.4720122236755175 -10.485105894646857
92.71276076162744 -0.5907166667137069 10.528377446847353 51.2198502721521 0.09915756895142916 0.0 -6.44898496332468 -10.675234855703634
125.2034779859968 -2.196125350115774 12.06907870716353 49.74639247835678 0.09084925345943135 0.0 -6.43254500449582 -10.657831033814556
543.8030343752978 -1.7232899648446267 13.066339101063969 51.12037640610445 0.2211813031129918 0.0 -6.4147313861511455 -10.973433554613235
399.6263987956012 -2.2321630981646363 14.863175987675858 49.760282477618375 0.11469698350398144 0.0 -6.413561600858863 -10.708622113916261
256.1517021273267 -1.5412250581406353 12.738174501053578 51.30629559423841 0.46355295113815653 0.0 -6.411182068298967 -12.144898976765964
703.2004851616408 -1.948827812475078 14.874361450830202 50.75534590867592 0.2729676432444474 0.0 -6.398067262839259 -11.13295411396494
232.13674873039375 -1.7379558207512225 12.726806427856577 50.69934434080269 0.3489381902111726 0.0 -6.357724586824666 -11.425602126081914
289.58945451106143 -1.6841721578266933 13.393381697932334 51.229764057250236 0.3671534018989468 0.0 -6.328615649454474 -11.510630478328071
780.3010530382493 -1.5474148914985468 12.917554491020246 51.61457586760118 0.15577961721096392 0.0 -6.310301308095657 -10.802667197955007
641.7499402117033 -1.902104172371307 13.77463840871387 50.84484201182431 0.192761617607948 0.0 -6.307287353476857 -10.895623477753395
918.831454106658 -1.615973456096928 14.146540986115543 51.90354828397038 0.5458042244762822 0.0 -6.300542553053332 -13.55409026382954
589.6499904255658 -1.5473674409106613 12.865170065168396 51.460114612050965 0.09120641217375063 0.0 -6.299225549635972 -10.658572993477064
79.56775901168852 -0.9074543929442482 10.662005603751515 51.03128786564932 0.2642988448819464 0.0 -6.289828952222074 -11.10441449734532
595.3746408142907 -1.6851912919388479 13.029777512689467 51.17653777199383 0.13632139493919004 0.0 -6.274244440194928 -10.75702013817091
636.6189025255516 -1.6787173886484408 13.327675296969467 51.5122895799033 0.3942676553859825 0.0 -6.223996113827916 -11.652315869013284
669.4922060061929 -2.118802482474825 14.598876316447598 50.33451172815023 0.11513747364575491 0.0 -6.212014873870327 -10.709584970231992
780.1457679118099 -1.834827925232866 14.275189124551378 51.08021497821718 0.005116826948479628 0.0 -6.208736172663727 -10.49398404967825
403.45421014396305 -1.950082798004206 14.28362551018739 50.62211697774048 0.44309466182757146 0.0 -6.194238441945081 -11.972666082011749
594.7328883736238 -1.850674578821101 13.58704993991693 51.10894237603889 0.31391351652684113 0.0 -6.181419005585523 -11.279999247830537
327.41825843246954 -2.535829442705416 14.981642155136619 49.445943984474816 0.006380426696526004 0.0 -6.166288224545904 -10.496213992693441
885.5975568998654 -1.979164846363262 14.217586728840097 51.18790262610359 0.0006099736442755277 0.0 -6.162010754966769 -10.486070814910688
91.73887851543978 -1.7348972777560645 11.062432236375418 50.14454364014982 0.1608547204837811 0.0 -6.158705392276972 -10.814923602766905
412.8891618846499 -1.9531230168410136 14.131299783921982 51.11556168588251 0.39690903995092897 0.0 -6.15615384372218 -11.667255120219597
35.140290989083454 -1.4534177827621826 10.855860147443812 50.03544964243303 0.45979296479024007 0.0 -6.098445120116896 -12.110938458692738
471.36342497722325 -2.0608280955139566 14.71209155724626 50.838890104678235 0.4711489916802532 0.0 -6.082573882241985 -12.217239987456335
508.46324629784954 -1.6940280761081223 13.207823892391751 51.17584375126252 0.24905706686337517 0.0 -6.063033390024482 -11.056129179605096
387.90252169707765 -1.8357430174756684 14.112941276041727 50.99403259449075 0.2518150055491551 0.0 -6.05749011875861 -11.064695217609378
361.78712136889686 -1.686259814326907 13.002618761077592 51.05109668472495 0.296827590968763 0.0 -6.054764058199678 -11.215992230347535
544.2732894415676 -2.157396096108115 14.537245322027918 50.45163739563218 0.2523279006859239 0.0 -6.02914963227672 -11.066296371335252
836.7139297392769 -1.7494468027247683 14.946879690550912 51.43286195448051 0.40081554972353306 0.0 -6.000180928724348 -11.689767085263476
831.9964111062985 -1.795296586065085 14.546706908851291 51.23287359089097 0.24594216315247328 0.0 -5.9803535628181255 -11.04654184849035
689.5184420413319 -1.9310194042167836 14.939925717800799 50.84018389278743 0.24930128406383678 0.0 -5.974737936976264 -11.056884753483823
433.6888473775209 -1.3056880037450558 12.23540368769659 51.99634209154161 0.414509858297103 0.0 -5.956532204095244 -11.772943166594946
555.0957464989441 -1.6050074364268445 13.760407639677487 51.642756596686944 0.5665396313916451 0.0 -5.940359446459215 -15.066630148046663
136.77374644235752 -1.3647989377386582 10.9417696190505 51.31974155748868 0.419374522388128 0.0 -5.931107628938711 -11.80423822423845
93.07442231720935 -1.2958209299764718 11.161274498682822 51.33666479523196 0.4317112951419608 0.0 -5.915302459524686 -11.888292969403532
327.69590568388105 -2.1282469125319237 14.20491036985907 49.99793113619422 0.13054412878485966 0.0 -5.915118005779099 -10.743858906429606
306.485484055021 -1.4506632381592013 12.023052843691143 51.38667493348206 0.21905115234730202 0.0 -5.89736928412044 -10.967386846181858
63.092600658334106 -2.929858604655649 14.533633615307807 47.86688837273823 0.4357708207750091 0.0 -5.884947367482665 -11.9175721170571
744.5905156736537 -1.5896431641740927 13.18935080846475 51.574207680531636 0.02352799255716419 0.0 -5.86505669345005 -10.526977375405108
742.8514717753673 -1.8632782006601003 14.558139189684375 51.35855955553343 0.48493181974480143 0.0 -5.840483902919435 -12.363567579107912
295.2888546375062 -2.1717804790562676 14.481369585587505 49.92149197976122 0.2609445983409787 0.0 -5.8226134970549435 -11.09358649697388
295.2888546375062 -2.1717804790562676 14.481369585587505 49.92149197976122 0.2609445983409787 0.0 -5.8226134970549435 -11.09358649697388
35.764098167419434 -1.8803641200065613 11.111757755279541 49.21698701381683 0.14765109629631043 0.0 -5.816447736241626 -10.783344472597223
612.0142526056899 -1.6071398910184098 12.82056275012422 51.4934687980152 0.21803040608847027 0.0 -5.8031513911787975 -10.964502233017399
345.17751834473427 -1.5441764345764302 12.506147246885988 51.359878743994315 0.3258137856919213 0.0 -5.802487727094022 -11.327130965988488
840.9881178759806 -1.6561202945145812 13.079817169701395 51.81100254245668 0.19915308746995447 0.0 -5.793468914999987 -10.912602487577061
840.9881178759806 -1.6561202945145812 13.079817169701395 51.81100254245668 0.19915308746995447 0.0 -5.793468914999987 -10.912602487577061
998.2111090769923 -1.8789211702223056 14.72760408560289 51.37409528069091 0.3663804790873154 0.0 -5.782490545016348 -11.50687172609491
687.5698762814503 -1.6396804829128628 14.805700864277254 51.73676428102519 0.5663033757660723 0.0 -5.780356806507684 -15.02710743838648
980.3725468348124 -1.6101585184776592 13.82581419042169 51.742647840189036 0.11260239872750848 0.0 -5.777235420465058 -10.704056256684705
864.2929466452746 -1.674962694853046 14.265396264176237 51.61764397773932 0.38162017235692414 0.0 -5.776423916713735 -11.583722623823167
670.5985874641929 -1.6637304789462415 14.294376605210735 51.584280811172825 0.361288782465278 0.0 -5.767117327886213 -11.482457560176918
509.9855565254552 -1.915323300983145 13.624557523363343 50.65674068789469 0.09941685046381811 0.0 -5.749510790150341 -10.67578288890882
79.91194536894838 -1.9110235635093975 12.570058356959352 50.50605954860042 0.4549527953811561 0.0 -5.71201586914437 -12.068853741891104
156.20312063603708 -2.508908773348982 13.356746785562503 48.928263185371364 0.007829540803751606 0.0 -5.711731704384718 -10.498777459306668
217.3468064550753 -2.011169446661369 12.854979209796994 50.28356393958209 0.3216965464689934 0.0 -5.702874699440842 -11.3105718714851
217.3468064550753 -2.011169446661369 12.854979209796994 50.28356393958209 0.3216965464689934 0.0 -5.702874699440842 -11.3105718714851
906.4530882762765 -1.877676736820571 14.925119873057652 51.15311353199829 0.0980443587872964 0.0 -5.671753500650566 -10.67288531382754
676.091576011343 -2.0603471156986366 14.836949974124796 50.739856747287135 0.32709509660347297 0.0 -5.6711645238878985 -11.33234071165571
106.00976814645487 -2.4833725378648346 13.260899980547265 48.66983293283067 0.01489782628340956 0.0 -5.657138592134114 -10.511376249737062
649.8905406562444 -1.7005946882867473 13.36387230712484 51.2905720871196 0.16774996014142332 0.0 -5.651374636427844 -10.831820057663876
108.42395608229258 -1.4743354985765622 11.011119577360702 50.93770112989642 0.3810731670711229 0.0 -5.647004748182206 -11.580859519271943
108.42395608229258 -1.4743354985765622 11.011119577360702 50.93770112989642 0.3810731670711229 0.0 -5.647004748182206 -11.580859519271943
259.3512657440102 -1.6188303900022003 11.916956521948537 50.92340878449819 0.11943884465357855 0.0 -5.622895994601232 -10.719036280087783
259.3512657440102 -1.6188303900022003 11.916956521948537 50.92340878449819 0.11943884465357855 0.0 -5.622895994601232 -10.719036280087783
754.0708663507005 -1.9669332805489361 14.79963032078804 50.83279353681666 0.021822376658046143 0.0 -5.610008517557999 -10.523874700722008
788.0347510757132 -1.6794651278807091 13.06330253453179 51.786710213746254 0.11892929004492386 0.0 -5.595688631099333 -10.717911971285684
83.42015019760233 -2.776922438541143 13.83371867760011 48.455113740910924 0.05209322998724139 0.0 -5.574016066205513 -10.580424072146812
83.42015019760233 -2.776922438541143 13.83371867760011 48.455113740910924 0.05209322998724139 0.0 -5.574016066205513 -10.580424072146812
952.7068106148874 -2.042877878401239 14.992980020873523 50.84898778763098 0.21207264534209055 0.0 -5.57158163138237 -10.947829715342202
905.548085550104 -1.735815400205491 14.028934002874568 51.39690222970863 0.1424009701129216 0.0 -5.560977771720477 -10.771059699498444
649.1457821323144 -1.9705992088659467 13.955728675351917 50.900442240503715 0.19864604790280305 0.0 -5.541645790340395 -10.911244953284854
108.26706300772632 -2.77390744148395 13.84118267278469 48.18584642067789 0.00241146394270307 0.0 -5.534198040196398 -10.489226403660783
477.9367766733905 -2.071574383915518 14.609356499762201 50.44213010571049 0.0067211634997515245 0.0 -5.525525080395986 -10.49681616162921
149.79403142594566 -1.1055872808809761 11.139790841802084 51.99929799981303 0.46181685726973365 0.0 -5.512985804057674 -12.129074991178996
463.009221346235 -2.166858972945658 14.092473111427903 50.33873268299191 0.13788134720443349 0.0 -5.500185524622754 -10.760603778989065
76.16519872716873 -1.7395938688356019 11.511664498663428 50.3970664394223 0.19571800294625444 0.0 -5.496073446542318 -10.903441329754209
52.754190643169856 -2.4670455851313293 12.851569275962342 48.683263128019476 0.09042828841737721 0.0 -5.494576688532264 -10.65695722944126
407.89404946884537 -2.0942512459250437 14.195662130087019 50.205062992798844 0.020069540019862643 0.0 -5.494040188086196 -10.520696125570586
413.373195044684 -1.54663400848998 12.537214508297193 51.99288022325395 0.33476705642878546 0.0 -5.4878177151804275 -11.36411542283567
64.72703713775674 -2.608259992181744 13.74035388495304 48.402373521570425 0.3694772489485612 0.0 -5.486765708882785 -11.522017282180038
328.63598385634 -1.6749369654488602 12.361217748747883 51.32243424178785 0.3596373308582726 0.0 -5.452273735489422 -11.474665336994132
384.0947895598059 -1.66684244151047 13.661860022707435 51.415582325607666 0.42121038607720673 0.0 -5.444098517541234 -11.816307881707663
235.8885058417003 -1.8045101460138446 12.417161595215314 51.09524085972067 0.30831278490514213 0.0 -5.4037810439608736 -11.258563243309752
656.5762669145813 -1.6111339244475884 14.066228547113996 51.75649103258726 0.5321752850412808 0.0 -5.403480806786339 -13.140361045425905
400.38427548961005 -1.860633162823206 14.8110752202541 51.052291875015214 0.508851058638875 0.0 -5.379601497391761 -12.683032312971761
384.0394251745848 -1.799196291873657 14.125851181592298 51.16756579996145 0.35094102035745917 0.0 -5.3763472727543045 -11.434605273259587
224.94139712862722 -1.3169136659915948 11.090247904628182 51.75307483361318 0.3333923518702338 0.0 -5.371985984774944 -11.358347100144487
224.94139712862722 -1.3169136659915948 11.090247904628182 51.75307483361318 0.3333923518702338 0.0 -5.371985984774944 -11.358347100144487
19.20318603515625 -3.1377989053726196 14.022397994995117 47.387976467609406 0.3633162001848221 0.0 -5.366096505328134 -11.492107524450049
19.20318603515625 -3.1377989053726196 14.022397994995117 47.387976467609406 0.3633162001848221 0.0 -5.366096505328134 -11.492107524450049
967.2693658196938 -1.8144847187812285 13.59705547002795 51.20326563382359 0.006298109421205487 0.0 -5.36512490219865 -10.496068571414732
570.4125219634519 -1.8579494916049755 14.705333679684353 51.13793236430601 0.5161440311976724 0.0 -5.362891194405127 -12.80493050461052
338.11846824494245 -1.8468934233382983 13.315831266755694 50.74618168547199 0.2269887840851332 0.0 -5.346938943655443 -10.990107014672398
338.11846824494245 -1.8468934233382983 13.315831266755694 50.74618168547199 0.2269887840851332 0.0 -5.346938943655443 -10.990107014672398
92.40588330198173 -1.1533161978674271 10.781207353108064 51.43111172552736 0.35546881207206654 0.0 -5.334048673048632 -11.455262455178215
871.8740796565482 -2.0843836108412823 14.42428448485338 50.731556923485556 0.04232518451399134 0.0 -5.316042202314603 -10.56182449422874
116.73734903353566 -1.802333592330748 11.60841800870654 50.15807331020713 0.0884511051851284 0.0 -5.311964671578568 -10.65286334019072
206.28744048279955 -1.7071700235275564 12.341801909080992 50.85073194117495 0.3526665907946591 0.0 -5.289667329238655 -11.442427616888557
321.54035480814036 -1.4424816501602278 11.931022052262406 51.507508284241624 0.15949203168933745 0.0 -5.23070471227028 -10.811617920997957
162.97151688102952 -1.1357396027857658 11.068615096397442 51.88954805774784 0.3419731543645739 0.0 -5.226579271348071 -11.394909212557977
15.139420254268448 -3.219408275902709 14.159428996625726 47.077875221270986 0.2874761341182876 0.0 -5.224206137427237 -11.182620644782958
15.139420254268448 -3.219408275902709 14.159428996625726 47.077875221270986 0.2874761341182876 0.0 -5.224206137427237 -11.182620644782958
222.8678342153178 -1.9437676989946122 14.113794039633309 50.69662074958291 0.460718581345987 0.0 -5.206316170147388 -12.119192310326024
222.8678342153178 -1.9437676989946122 14.113794039633309 50.69662074958291 0.460718581345987 0.0 -5.206316170147388 -12.119192310326024
181.88825071707265 -1.395666222087332 11.224659466462766 51.25765524868351 0.19494936299451826 0.0 -5.183298390320003 -10.901402854867465
254.2654100700391 -1.8626751197375802 12.9153780558329 51.02930637934329 0.39715227666444697 0.0 -5.180588338949017 -11.66864211722925
254.2654100700391 -1.8626751197375802 12.9153780558329 51.02930637934329 0.39715227666444697 0.0 -5.180588338949017 -11.66864211722925
609.0257207431409 -2.082988695691217 14.634105175143961 50.57827363126209 0.22495856094799513 0.0 -5.179553528997897 -10.984246522016964
382.2893298892113 -1.7839041140058254 13.563372127545827 51.146108179982214 0.49991660133054583 0.0 -5.161312731604645 -12.551485100336723
382.2893298892113 -1.7839041140058254 13.563372127545827 51.146108179982214 0.49991660133054583 0.0 -5.161312731604645 -12.551485100336723
237.00618947350432 -1.4070047453418786 11.707661644019394 51.51207560941844 0.198044326481758 0.0 -5.158679575922346 -10.909636307893322
851.6483894054516 -2.004590525250063 14.684072704583155 51.1490567536466 0.07834682303248622 0.0 -5.146544005483293 -10.632199495029177
268.64248912785564 -1.3099454615460484 11.14441931954834 51.610984124543 0.11643573396289757 0.0 -5.141141615687051 -10.712428209616897
66.67156112237863 -2.147650025866301 12.472201818431055 49.62537641685478 0.2531959643010727 0.0 -5.140040388769374 -11.06901214344415
846.8222552011797 -1.6573447518870035 13.588531663250668 51.590049305101736 0.0718823871708849 0.0 -5.131423864079031 -10.619199863503077
114.13042223358855 -1.6000720965401416 11.438863594392892 51.00227253584338 0.5542712829614594 0.0 -5.125833495005463 -13.937345394403378
233.72045422870417 -1.9126209573736217 13.501257295180272 50.58293420284656 0.4208585940379372 0.0 -5.121497852411274 -11.813983757818706
755.1024171221651 -1.8846348494829495 13.80807650415668 51.3258265828149 0.04070238823284205 0.0 -5.111104287371999 -10.558767723299127
326.55299042929283 -1.9615775177874588 14.676948018666078 51.00560688242768 0.3033028737317636 0.0 -5.108595895523259 -11.239770273478909
326.55299042929283 -1.9615775177874588 14.676948018666078 51.00560688242768 0.3033028737317636 0.0 -5.108595895523259 -11.239770273478909
707.310119881214 -1.5058768032521384 12.942708532328734 51.88099786917208 0.2608082343278058 0.0 -5.105746524180943 -11.093148764415254
972.4617344366555 -1.7412181630834347 13.870424982272993 51.69647191164825 0.25319444645861117 0.0 -5.093583887628653 -11.069007388370018
397.27015659115284 -2.121561090763314 14.471108715438762 50.39025546591872 0.35139887997588803 0.0 -5.078604348421536 -11.436674882619627
249.81752427977128 -2.2468397872891757 14.807042038416691 49.838504438027904 0.283454151129468 0.0 -5.076841795531625 -11.16860335570165
320.41413068027117 -1.9993341743900714 13.456280800489516 50.66007398941949 0.32541742378260463 0.0 -5.069826980730404 -11.325524859597124
320.41413068027117 -1.9993341743900714 13.456280800489516 50.66007398941949 0.32541742378260463 0.0 -5.069826980730404 -11.325524859597124
258.3127119606576 -1.668232836119751 13.334666847828437 51.41795350602006 0.48315505825876426 0.0 -5.067438166781676 -12.343457908221522
357.02184133299426 -1.6359653049366782 13.01721526963101 51.357725542690815 0.33503548350511997 0.0 -5.060650928063059 -11.365245648268335
357.02184133299426 -1.6359653049366782 13.01721526963101 51.357725542690815 0.33503548350511997 0.0 -5.060650928063059 -11.365245648268335
848.2839397605765 -1.7764211555900609 13.515729389852389 51.38183750379552 0.12469360813435007 0.0 -5.054190206782565 -10.730705009844119
30.853904252115434 -2.93229577966512 14.158355452473732 47.545938415273206 0.350637602001477 0.0 -5.0507980828763035 -11.43323612267847
600.9249980949182 -1.9050145986320888 14.576966775732792 50.97094343155926 0.24790491770944445 0.0 -5.007544133176396 -11.052572270806277
782.2964808152611 -1.716262134700032 13.81156678844391 51.48791062986972 0.06348977172486471 0.0 -5.004912977655214 -10.602571019922358
895.5170473902074 -1.624001379673461 13.719041808215145 51.85897219578098 0.03473493631587478 0.0 -4.99729729574073 -10.547606844022935
379.130043110217 -2.109572652637625 14.05201102345604 50.60130265790702 0.06415365922794877 0.0 -4.996394964424346 -10.60387639928589
844.6779687565365 -1.4824385848615296 12.936939654900739 51.965638526062996 0.13546131851579937 0.0 -4.9871358373035 -10.755049783826495
268.39034773517795 -1.746915222482114 12.628995472131503 51.05267822168386 0.41603070815071413 0.0 -4.979695354045615 -11.78262218694832
389.8486534466857 -1.8710709812219446 14.012142727565397 50.916967318911546 0.4059947664855484 0.0 -4.9599069130587985 -11.720416672805458
122.52312620153111 -2.484085082286558 13.905668285396445 48.91804307450937 0.12453204944776865 0.0 -4.955421972503154 -10.730344216371858
122.52312620153111 -2.484085082286558 13.905668285396445 48.91804307450937 0.12453204944776865 0.0 -4.955421972503154 -10.730344216371858
169.1321691044987 -1.3679271976959462 11.747149421577504 51.70335229930792 0.4908762256070035 0.0 -4.955017978021447 -12.433947964055802
169.1321691044987 -1.3679271976959462 11.747149421577504 51.70335229930792 0.4908762256070035 0.0 -4.955017978021447 -12.433947964055802
747.3276405851697 -1.5981082197045406 12.632553704011553 51.697657610276195 0.08797515095871963 0.0 -4.9532377945381185 -10.65188034314489
417.4579969992882 -2.0559083018647426 13.838006716901212 50.33522875969087 0.009041035420262817 0.0 -4.951523159488369 -10.500925634639025
430.1077070451504 -2.373839885072094 14.947106941660657 49.68931984106813 0.05717164267568104 0.0 -4.941785820032831 -10.590232437441152
296.3954078538336 -2.1967080804376877 14.613397532128413 50.0313802577522 0.14865657232862758 0.0 -4.936861819745342 -10.78571450345263
56.64734081029453 -2.189094166286667 12.050105328394265 49.460822100957365 0.07231380115547593 0.0 -4.926450502305957 -10.620062170854478
97.10607183979155 -2.53744297422129 13.297231337572459 48.75605798621609 0.15312652246450648 0.0 -4.92347613728428 -10.796319254079453
955.3775684659255 -2.068288444507484 14.55799136706668 50.7435393275049 0.010412409175209353 0.0 -4.917848411910963 -10.503362882839964
172.73244699722161 -2.135627096686781 12.847721177447601 50.16415722607029 0.16922481235527556 0.0 -4.914579364036699 -10.835471475822915
78.45191687048325 -2.682694080436292 13.18727505462419 48.33056017194041 0.05035740685612746 0.0 -4.900912246586762 -10.577093471492026
535.71227463232 -2.056399990232813 13.83749800529896 50.693820172128746 0.046215625803576514 0.0 -4.895495553342853 -10.569190979501492
437.10558428307064 -1.5806364237600992 13.139002921583044 51.64914493878616 0.2896969049528768 0.0 -4.892526916910031 -11.190445439299227
666.9866125926628 -2.090037058485187 14.878272978268685 50.8558083277873 0.13753980768137702 0.0 -4.888709826655841 -10.759818069646018
847.3983090515071 -1.6864920110952433 14.643503371793994 51.76096162753893 0.4863825732484413 0.0 -4.88255616365115 -12.380292739735438
311.71277451720044 -2.33469852674594 14.486043129111827 49.94974811954335 0.07756694911297624 0.0 -4.881882752809237 -10.630622217362195
311.71277451720044 -2.33469852674594 14.486043129111827 49.94974811954335 0.07756694911297624 0.0 -4.881882752809237 -10.630622217362195
432.0816093232211 -2.1221058507012938 13.915145812488369 50.42654075612115 0.11694505357300694 0.0 -4.849485645278627 -10.713545850448165
432.0816093232211 -2.1221058507012938 13.915145812488369 50.42654075612115 0.11694505357300694 0.0 -4.849485645278627 -10.713545850448165
868.8172218886 -1.8780984186203082 14.775241714768756 51.2539116086862 0.07256666844134654 0.0 -4.8468756121253636 -10.620567946136534
868.8172218886 -1.8780984186203082 14.775241714768756 51.2539116086862 0.07256666844134654 0.0 -4.8468756121253636 -10.620567946136534
236.79207096434007 -1.9801741091510605 14.43927976841967 50.88705242548343 0.41908333208682846 0.0 -4.8393727006255105 -11.802337144721625
236.79207096434007 -1.9801741091510605 14.43927976841967 50.88705242548343 0.41908333208682846 0.0 -4.8393727006255105 -11.802337144721625
296.1334478674483 -1.3382298532216836 11.249105797498434 51.71835759774021 0.1421231531163492 0.0 -4.827651498201905 -10.77041382062695
296.1334478674483 -1.3382298532216836 11.249105797498434 51.71835759774021 0.1421231531163492 0.0 -4.827651498201905 -10.77041382062695
566.6854865438148 -1.615609369186561 12.323782118956471 51.64287000309398 0.05534779661533825 0.0 -4.810529191664265 -10.58669880903129
302.8653030878547 -2.099401183747416 14.099074508829748 50.383946811594384 0.027460336200981563 0.0 -4.8017715391963005 -10.534167572198008
189.91480229033468 -1.1840075002244932 11.156860016861923 51.952372364137496 0.4425321038611555 0.0 -4.797695772357331 -11.96832490186326
189.91480229033468 -1.1840075002244932 11.156860016861923 51.952372364137496 0.4425321038611555 0.0 -4.797695772357331 -11.96832490186326
366.19156206863596 -2.1460784530197645 13.737884953410658 50.305455219651336 0.10342888571787723 0.0 -4.79020712327817 -10.684301475574205
366.19156206863596 -2.1460784530197645 13.737884953410658 50.305455219651336 0.10342888571787723 0.0 -4.79020712327817 -10.684301475574205
537.6840446539777 -1.5770924544378162 13.385301635937159 51.73732169210319 0.3570557636440419 0.0 -4.773514280894768 -11.462604805042268
537.6840446539777 -1.5770924544378162 13.385301635937159 51.73732169210319 0.3570557636440419 0.0 -4.773514280894768 -11.462604805042268
523.8389764879189 -1.6098332258660615 13.244500006737601 51.60719034808257 0.24878170394143034 0.0 -4.760856520285488 -11.05527792940293
167.35153432618353 -2.568019121106399 14.674262370117193 48.87056350420712 0.09562896226489753 0.0 -4.755466160756055 -10.667806281205975
69.15563499650928 -2.210036421243269 12.49730318864907 49.69903776419305 0.14567282355643177 0.0 -4.750380065504251 -10.778697774127254
69.15563499650928 -2.210036421243269 12.49730318864907 49.69903776419305 0.14567282355643177 0.0 -4.750380065504251 -10.778697774127254
578.5584596271947 -2.024764954055194 14.752081325090897 50.677652221411364 0.1359793139934162 0.0 -4.7478180728002 -10.756235997789814
578.5584596271947 -2.024764954055194 14.752081325090897 50.677652221411364 0.1359793139934162 0.0 -4.7478180728002 -10.756235997789814
103.08482404090074 -2.0904057648708987 13.032791277164664 50.29979059518413 0.3229816656799937 0.0 -4.7476130901561975 -11.315711107850074
103.08482404090074 -2.0904057648708987 13.032791277164664 50.29979059518413 0.3229816656799937 0.0 -4.7476130901561975 -11.315711107850074
512.8500750998562 -1.6530396666368952 12.426592022497303 51.41118619977749 0.08543330981728581 0.0 -4.7429096379712155 -10.64664692934571
885.2111933557269 -1.5227464399150028 13.095601994241122 51.97153373913206 0.02365837237862222 0.0 -4.74113938544195 -10.527214945015956
144.16165887849635 -2.0332560154376904 12.8540357785209 50.24973201761745 0.4808694284609821 0.0 -4.714224068816336 -12.318169620448993
40.32359784452107 -2.866635453385814 13.380952531066193 47.93549056648832 0.30776015558761693 0.0 -4.710849166424955 -11.25647282819356
532.801573453543 -1.8186333521298161 13.472114882043167 51.12044006129395 0.21085501078181315 0.0 -4.7107091763244044 -10.94445616674898
532.801573453543 -1.8186333521298161 13.472114882043167 51.12044006129395 0.21085501078181315 0.0 -4.7107091763244044 -10.94445616674898
39.58574350888672 -2.5704167653562537 12.662883789656547 48.382036800298096 0.12236428212367548 0.0 -4.70061912966253 -10.725515699433956
73.53114800432861 -2.495203265785124 13.218087869826372 48.74265954504259 0.17677537848335928 0.0 -4.69406835533093 -10.85437681588096
320.8038643548633 -1.607678283617605 12.650223936881346 51.72718035795367 0.4824538305301308 0.0 -4.693737412284885 -12.335631277721463
428.5585864956076 -2.036918713328155 14.069815354548325 50.49137787435794 0.04111995234686948 0.0 -4.692772637644042 -10.559553373179545
428.5585864956076 -2.036918713328155 14.069815354548325 50.49137787435794 0.04111995234686948 0.0 -4.692772637644042 -10.559553373179545
131.35221228556983 -1.882448121933456 12.118510268905588 50.38882378975279 0.3504169381680513 0.0 -4.6763914426138715 -11.432241571199796
258.40139892766086 -2.0650565334051043 14.249514324262478 50.70275310727933 0.27995752417652664 0.0 -4.668602427845921 -11.156574668627279
258.40139892766086 -2.0650565334051043 14.249514324262478 50.70275310727933 0.27995752417652664 0.0 -4.668602427845921 -11.156574668627279
174.8225387853196 -2.104561397890193 13.599621490493563 50.08083150542268 0.39598039278699765 0.0 -4.66806663418088 -11.661977362710033
964.1241035534806 -1.7884409810581232 14.763728584275501 51.57492595720558 0.1447419366897075 0.0 -4.66422071066715 -10.776518693329127
118.72751284679195 -2.0096362754265624 13.175782847305236 50.330761413449125 0.4416738255080256 0.0 -4.638251281707399 -11.961737787625037
449.02237588242053 -1.5567082875525937 13.638832796403607 51.97547658637277 0.4344033157867605 0.0 -4.633003023079923 -11.907612994678697
356.0621533398146 -1.8291075493214421 13.715262763003814 51.01311056468578 0.37974220726792535 0.0 -4.630380489210466 -11.573927131647443
356.0621533398146 -1.8291075493214421 13.715262763003814 51.01311056468578 0.37974220726792535 0.0 -4.630380489210466 -11.573927131647443
445.30767467105227 -1.5302429841551293 12.177052243502324 51.57156059914292 0.1276263213671317 0.0 -4.626551434296033 -10.737277086656983
529.0062128256583 -1.913847323586106 14.201521283141279 50.9374770159486 0.1315370612943958 0.0 -4.623265101404383 -10.746108621553299
264.5116152022126 -2.246591624046985 13.798713383567641 49.813530128694204 0.08946360419360012 0.0 -4.617365623507913 -10.65495769282673
706.442316501681 -1.8282148946167287 14.104479927219442 51.224836226768375 0.1837617057651616 0.0 -4.6014038596560916 -10.872193575924987
706.442316501681 -1.8282148946167287 14.104479927219442 51.224836226768375 0.1837617057651616 0.0 -4.6014038596560916 -10.872193575924987
473.9502456029881 -1.8614088838216505 13.202537170414136 50.88840821152396 0.06377097182449319 0.0 -4.596057054479421 -10.603123726080877
882.9060721798658 -1.665220300603702 14.195085252504914 51.77803290135991 0.31829088708534975 0.0 -4.593492468192882 -11.29707889892666
472.62478462512723 -1.977462500398632 14.579538050920032 50.77904837650513 0.25499565345040703 0.0 -4.590823179790712 -11.074666149875279
693.3693133525305 -2.0844608810068674 14.924575203371862 50.80740126418556 0.20664072430450167 0.0 -4.582877844767205 -10.932867251775047
568.1213060418289 -1.9733293940036538 13.626908720754457 50.80622447654131 0.05140793136898369 0.0 -4.577983550518046 -10.579107833826429
568.1213060418289 -1.9733293940036538 13.626908720754457 50.80622447654131 0.05140793136898369 0.0 -4.577983550518046 -10.579107833826429
831.3970145939535 -1.69482503782619 13.366853079428312 51.51414168299477 0.04426603191041401 0.0 -4.577791903840521 -10.56549267314165
779.3178001903251 -1.8359817576843551 13.651498915334393 51.25413725823025 0.08996012103046783 0.0 -4.57100222208633 -10.655986342263478
415.8777687340253 -1.642391348659972 13.360048207117066 51.82226855022226 0.5359254157678806 0.0 -4.568939587503084 -13.238226956471234
503.2321739910066 -1.9054456508335655 14.133385791857638 51.172430844045714 0.36535542452839953 0.0 -4.565105024233924 -11.501908541581487
850.4971674724263 -1.8123011159801363 14.293267788688105 51.3711067732989 0.07752854636364953 0.0 -4.563194617792462 -10.630544612886979
850.4971674724263 -1.8123011159801363 14.293267788688105 51.3711067732989 0.07752854636364953 0.0 -4.563194617792462 -10.630544612886979
409.510653549359 -1.9023564067695187 13.098132018494786 50.887163849875144 0.1280764430389406 0.0 -4.555385472260467 -10.738289623176602
432.36050975521306 -2.313951736478315 14.641246800760449 49.870914846579346 0.020878794316046223 0.0 -4.555359449810729 -10.522162363229752
613.913607430288 -1.969748093930559 14.994595587533478 51.167916095988474 0.41834721415092824 0.0 -4.555233731123103 -11.797547343170192
158.40317313522027 -2.3658529462776356 13.291742055773245 49.28554554854389 0.004567880569312632 0.0 -4.5539192724496065 -10.493016841456146
364.1260604449113 -1.5114776235457015 12.085720413102493 51.86888117088256 0.2691165682437556 0.0 -4.552724497111567 -11.120174865491228
364.1260604449113 -1.5114776235457015 12.085720413102493 51.86888117088256 0.2691165682437556 0.0 -4.552724497111567 -11.120174865491228
533.0551013142558 -2.051057271021119 14.21040797242172 50.5343518621627 0.04205885759992458 0.0 -4.5446607493945494 -10.561322187718382
412.80328578970665 -2.1269821841771797 14.75610761284046 50.651536932495446 0.1860145100431922 0.0 -4.544187977537857 -10.878007102345286
45.91088607929616 -1.762739839539794 10.463366827182478 50.19612995176624 0.14134661300419263 0.0 -4.54344784496399 -10.76861070193448
45.91088607929616 -1.762739839539794 10.463366827182478 50.19612995176624 0.14134661300419263 0.0 -4.54344784496399 -10.76861070193448
593.4637679874409 -1.635114921573761 12.773259868768694 51.61200203247155 0.1692561716831687 0.0 -4.54320899646557 -10.835549259745378
329.4515938614297 -1.9878093037744486 14.652384710697891 50.90848407268402 0.3155151227123895 0.0 -4.5426399438377505 -11.28621461586777
207.91812770498055 -2.0683686317382244 13.94806974092349 50.61931520706403 0.4663793883850733 0.0 -4.533953403742574 -12.171209127700251
269.31030256080555 -2.1715716319660654 14.111849468691734 50.04971364726736 0.19805493802509683 0.0 -4.52636678287071 -10.909664654448457
313.0249185021576 -2.080721929696235 13.997620255811821 50.572540672366344 0.3244603518400333 0.0 -4.520594789921884 -11.321657289751082
464.5213701941893 -2.098067710604923 14.761914865170962 50.4747567370522 0.11785640693099687 0.0 -4.51708083699092 -10.715548828745657
98.65112000937684 -1.5229681750972226 11.323783468920688 51.08146021320246 0.5253276601995732 0.0 -4.515687986923257 -12.98315708897615
667.5704325725897 -2.0187485233268565 14.47914122547569 50.73633005351405 0.09042570951031378 0.0 -4.513644733252399 -10.656951878711949
54.21803682489597 -2.247879772512099 11.600716829373775 49.37157200723978 0.11770844470514498 0.0 -4.509325743239062 -10.715223363485268
470.3288178683947 -1.7058546374494075 13.750978641980893 51.55431235523184 0.5456745462116149 0.0 -4.508752035988091 -13.54922621541913
479.4008443255542 -1.732628618937218 12.579497543412282 51.26486004657813 0.061848202493293786 0.0 -4.508511222860867 -10.599350555385504
329.18110041808507 -1.9574618703004716 14.36091824264884 51.07101557446503 0.4165136274501937 0.0 -4.505964066605022 -11.785715291346783
223.95698928338484 -2.231598729249089 13.315758899085681 49.82744316469411 0.06572773255187403 0.0 -4.49486586146099 -10.606978272821896
846.925878568993 -1.672246503240149 13.102363351752473 51.57676273843238 0.024391356738944325 0.0 -4.4898788760376265 -10.528551592909123
493.91817446600294 -1.6506124967812101 13.742914984337158 51.67150311934734 0.3516215210745556 0.0 -4.482729133003024 -11.437682811089143
493.91817446600294 -1.6506124967812101 13.742914984337158 51.67150311934734 0.3516215210745556 0.0 -4.482729133003024 -11.437682811089143
50.79048084399375 -2.8660919913568206 13.232297456482003 47.888491790329645 0.053175853394040774 0.0 -4.482473522579997 -10.582506980468068
255.5702400050896 -2.0470102107369392 12.884658981743822 50.357105060041995 0.09048719078084633 0.0 -4.474757279236595 -10.657079448155786
394.11304018518285 -2.1873659349960395 14.589690374169482 50.15716093369471 0.0496819527742351 0.0 -4.461111153252035 -10.575800440055154
192.7260241993459 -1.729065998707557 12.006530228371727 50.89217622747416 0.2767492656152503 0.0 -4.45992096426805 -11.14566384587651
43.6465933105543 -2.773684542608818 13.478818708584164 48.15324496288656 0.39998580738992967 0.0 -4.457390462232745 -11.684942973541458
328.2948137999341 -1.9200042696550499 14.147888095237569 50.84531370397643 0.40828007290101875 0.0 -4.455467403908812 -11.734245228726445
194.30653579584535 -2.1553170058560758 12.997073151475655 49.97766469310879 0.1362039914545427 0.0 -4.449463448850818 -10.756750948896052
589.9163531398927 -1.8506105676524909 14.042962970088173 51.23053875979449 0.05153881406275609 0.0 -4.4493693290651635 -10.579359083594834
114.96466432505741 -2.376623416779416 13.571074556373684 49.58229378881032 0.17891554006434257 0.0 -4.447966764707488 -10.859801076933614
773.222859995905 -1.8158838366381702 13.746924813578323 51.4824082800193 0.08050453424423204 0.0 -4.447353693336178 -10.636576426165236
593.6005956374908 -1.8235276579073982 13.454214608475548 51.35087831238965 0.09630218213780438 0.0 -4.447331896413565 -10.669219319277204
614.9254050129686 -1.6550781504623844 13.244298336299867 51.76096233791224 0.2929003376796944 0.0 -4.443688940886293 -11.201841567668852
957.6259862592598 -1.8956989748362703 14.608603638477682 51.232728658517324 0.15025184430934027 0.0 -4.431058084929309 -10.789486319849352
251.501734695615 -1.9930305409855427 13.402205431780981 50.74304246404521 0.2686989753154898 0.0 -4.429036535972572 -11.118798906058595
110.70775067396059 -2.659569878036681 14.031641664291003 48.7715744239532 0.10014779477827736 0.0 -4.427510143567385 -10.677329476129616
331.83002075119555 -1.9872637763215648 13.548139140665622 50.5986102129837 0.24199475199705134 0.0 -4.4271420482513255 -11.034522726800104
805.8877552017622 -2.0456971369434473 14.635555280581457 50.90777082008292 0.08289142696622889 0.0 -4.420499236317621 -10.641440676431174
426.96860045211037 -1.7327860259927825 13.419556136310511 51.425760760369386 0.4456447905434542 0.0 -4.408424378614588 -11.992584910231361
562.0346916130425 -1.7387067783711228 13.285938102086735 51.40936014871593 0.23172565361402278 0.0 -4.40737167800016 -11.003915627058129
516.8850500081139 -2.14115786252302 14.886296516016039 50.44841888240381 0.22214664979294657 0.0 -4.402315627919451 -10.9761859017477
520.1831008536869 -1.9909375363208177 14.95070049773192 50.83926973228369 0.3314705711906301 0.0 -4.402187897916408 -11.350338588015484
725.6010368878167 -1.5772404795021928 12.636783102486461 51.778314461174624 0.07060735860962009 0.0 -4.400885597719654 -10.61665568270945
301.92879748608215 -1.6427787433789467 13.247075822416138 51.499366448439595 0.5130737716227297 0.0 -4.400608040857168 -12.751791144103649
223.96815097739227 -2.336904854287928 13.801007515182523 49.71055753217666 0.07411095914905332 0.0 -4.39622055124996 -10.623662340135997
135.07289891174446 -1.8528637746135486 12.57498874141807 50.71721863221254 0.3363694827948838 0.0 -4.395640676993638 -11.370881545250008
180.1496573520129 -1.4302777426782818 11.73850601646219 51.60226692028559 0.4982285398283376 0.0 -4.3956058758458685 -12.528463209729255
818.7565628388635 -1.6758820338720164 12.936670965585998 51.64649429612129 0.010978612420276132 0.0 -4.391136537417266 -10.504370892040342
498.19504131208714 -1.8425690755827873 13.29497715827133 51.248193916193266 0.022023926225573125 0.0 -4.387508427865646 -10.524240837046008
980.3761899704217 -1.8124380496525339 14.787024508401391 51.571488066005415 0.33854742968351936 0.0 -4.385481065195863 -11.380151776691282
435.24989479472833 -1.4240548422384611 12.196919019402403 51.97417350950609 0.3260623471317216 0.0 -4.385315564932583 -11.328139484656054
574.0929962182233 -1.5512988259444964 12.56200444815926 51.684401328621554 0.08161317608699235 0.0 -4.3823926098789565 -10.63883278577357
873.419553253771 -1.805265759826797 14.522521773671507 51.52072418250737 0.09930828931114975 0.0 -4.3817363847921245 -10.675553390889775
760.6029025224085 -1.6150606664630196 13.070981919511407 51.69035408830827 0.05590131674705012 0.0 -4.376320753990758 -10.587769912915554
623.8177895474564 -1.924564966693877 13.616196258633867 50.958018839954676 0.037014044141638475 0.0 -4.373526695388386 -10.551854752484717
62.96112200709347 -2.7644801953510303 13.564791295213857 48.201967105437866 0.17116377079540668 0.0 -4.370925973645946 -10.840292297990986
599.0095549111213 -1.4913054134837078 12.784284435351998 51.93064971204949 0.2030121633270595 0.0 -4.36998881029929 -10.922995512136382
867.4659985481741 -1.671653195182019 13.595620397181845 51.727015711156646 0.009835311952064064 0.0 -4.368727121626632 -10.502336523666367
465.6335767958254 -1.983534556441398 14.84672832216362 50.889445136952894 0.2654756071170077 0.0 -4.360439146396634 -11.108241212105067
342.3559279188161 -1.7283274045028998 12.469586692941686 51.30309503731077 0.15290323851680254 0.0 -4.358388307944187 -10.795786846174185
717.1874376718141 -1.829017596042485 13.454740674573735 51.335617785910486 0.023021280392693688 0.0 -4.35787888140074 -10.526054613074168
152.82845879808502 -1.6759851397405665 12.377318711888021 51.34537772638369 0.42840245004728933 0.0 -4.3573268282996045 -11.865046366892974
787.1590704904638 -1.6810539172696624 14.24395875245602 51.75649516947372 0.3754388383494911 0.0 -4.35379545992881 -11.55183609178756
324.2195590383081 -1.6248457308960607 12.933282424075294 51.748957292879965 0.5042484560089942 0.0 -4.3527459611196235 -12.613108838446928
856.4488710642042 -1.7816765737332565 13.534872836236877 51.51556257820856 0.0473367247083722 0.0 -4.349352629234194 -10.571323872412794
619.563383430383 -2.0535946572668062 14.906614446804069 50.73431121962613 0.06481030234024814 0.0 -4.340708844710101 -10.605169212651264
84.19701787958914 -2.4682356482167807 13.567617731897762 49.06234924589063 0.15423644238696613 0.0 -4.3401263213426295 -10.798970009959069
256.43536594605297 -2.469459598357016 14.790538742788742 49.51571377334576 0.10084368411940856 0.0 -4.339555960304236 -10.678804117334218
329.2353728516463 -1.8827103816005653 13.887773631841501 50.92845632618645 0.38322838120670566 0.0 -4.338772272154564 -11.592188013119186
84.13268459448386 -1.774886074413331 11.569508892294273 50.461108462485214 0.39771396992733293 0.0 -4.337439183632402 -11.671852403403781
903.9423976853332 -1.9642048835693782 14.483862067442043 51.114398902693715 0.09611604536049181 0.0 -4.33654491254067 -10.668828432376474
677.9575743382989 -1.8047472472253934 14.543214948356418 51.56346415552133 0.45968383073588637 0.0 -4.336233685246279 -12.109969769621033
143.11751804313576 -1.5352110423802499 11.728303441841973 51.61738319500054 0.4201374016564984 0.0 -4.333136922262242 -11.809236001199775
210.69066597195666 -1.9845908448035643 13.412017752508376 50.615905766794604 0.24243873081143288 0.0 -4.10224816000657 -11.035867370629608
196.731672558957 -2.1804430117541465 13.262521878268343 49.91582064934688 0.11733631708872999 0.0 -4.199783843505723 -10.71440528050747
332.7905216950233 -2.191721343588659 14.780618792477846 50.3449238221374 0.31900259231189965 0.0 -4.039467080840811 -11.299883614390229
332.7905216950233 -2.191721343588659 14.780618792477846 50.3449238221374 0.31900259231189965 0.0 -4.039467080840811 -11.299883614390229
272.8994472258702 -2.2348602944693323 14.595396027166814 50.09074225596133 0.1617044246882686 0.0 -4.040666099170289 -10.816990404731243
281.6619883192058 -2.125620198498783 14.126109802694756 50.29989995864313 0.22329186290043884 0.0 -4.025182228770495 -10.979460929474815
339.7821491341038 -2.122995207472803 14.604600232296015 50.49590021541033 0.20405994169197475 0.0 -3.961715630216194 -10.925836069140031
289.3816847270208 -2.035429038042496 13.402599402176458 50.52680098595064 0.12527160664726145 0.0 -3.952472471637149 -10.73199686528569
291.1931244987809 -2.2597905945268684 14.781451624482994 50.130901187175986 0.15217674223621602 0.0 -4.007057910453292 -10.794056515956498
165.54922208178706 -2.0588469148583934 13.167764311761491 50.32321035559213 0.20987806366321357 0.0 -4.014047340509725 -10.941757665610602
89.47070046406712 -2.1512309205678632 12.624631948520364 49.84227502645386 0.3095046679748482 0.0 -3.9057936028609155 -11.263086676233758
330.9052902377393 -1.9923192183242477 13.762683504488374 50.716463780248 0.33926697379137494 0.0 -4.320085284386595 -11.383233433524579
259.67307371067665 -1.977942420768116 13.410714071120049 50.73987483750445 0.2808320937277203 0.0 -4.052032913574313 -11.159569718824226
192.05872031504322 -2.0880312394107037 14.052999280850376 50.527192984774004 0.41945686372364144 0.0 -4.090735571341396 -11.804776458121035
244.47530584999478 -1.9601197084430124 13.190153745179881 50.68103990211791 0.2700175757825784 0.0 -3.949034453759834 -11.123150130464792
302.28758427541555 -2.1173392384622347 13.798630972738884 50.33509340341246 0.012134129662168574 0.0 -4.039903815251783 -10.506431212584223
362.35781955275513 -2.2151587373612482 14.15458739618726 50.076912346744145 0.038963976017877267 0.0 -4.191423237141894 -10.555503506115105
66.19650674044748 -2.263200214440709 12.357165465076921 49.46490942984497 0.24676138583264756 0.0 -3.8732103225447556 -11.049054431130182
66.19650674044748 -2.263200214440709 12.357165465076921 49.46490942984497 0.24676138583264756 0.0 -3.8732103225447556 -11.049054431130182
67.86786726390245 -2.459965332237103 12.772282444120762 49.02453639633205 0.12227868788125637 0.0 -3.9004443511510147 -10.725325523187312
67.86786726390245 -2.459965332237103 12.772282444120762 49.02453639633205 0.12227868788125637 0.0 -3.9004443511510147 -10.725325523187312
128.0191959299757 -2.3680792176728547 13.7437009007858 49.515985072032045 0.22762088512605796 0.0 -3.8559097083272933 -10.991938686863252
123.11974821264138 -2.4301338498942666 13.955949846415436 49.40914239488923 0.32322515099728055 0.0 -4.065022986082344 -11.316687797242494
249.74160412165182 -2.0335201361142925 14.229962196231856 50.65321098364968 0.3388720727085857 0.0 -4.161273969864749 -11.381540979188769
335.2288321381201 -2.2469406985876117 14.562553838858252 50.05306360369327 0.13162962661648447 0.0 -4.022880946096517 -10.746318607544435
335.2288321381201 -2.2469406985876117 14.562553838858252 50.05306360369327 0.13162962661648447 0.0 -4.022880946096517 -10.746318607544435
240.09992933250675 -2.266403445938823 14.306571239323016 49.913454073152195 0.05743986140636468 0.0 -4.288218240258509 -10.590753155227862
72.78815981014853 -2.3612351182152285 12.949534739222866 49.35243261149511 0.2765145877313409 0.0 -3.847394818700245 -11.144870393447441
146.42271341806685 -2.1347901964646185 13.507961988123153 50.08946147483036 0.3341836946801665 0.0 -4.081111306304558 -11.36166354530417
217.82284136925693 -2.249617646341159 14.63427930085916 50.15536942671235 0.268767034244103 0.0 -4.221109682094674 -11.119023029621475
86.71188256815226 -2.206144680800242 12.555321550847577 49.70340738629984 0.27537248352814886 0.0 -3.8999385195775784 -11.141017869542441
86.71188256815226 -2.206144680800242 12.555321550847577 49.70340738629984 0.27537248352814886 0.0 -3.8999385195775784 -11.141017869542441
318.4733054758868 -2.2128445534553136 14.756875194858136 50.33772293961891 0.1878536980517825 0.0 -4.263366095682593 -10.882778449219574
127.38557185757709 -1.9205350820314204 12.477021520523005 50.40624149892746 0.3274707093698099 0.0 -4.232961122453825 -11.333873092890698
43.82282766009812 -1.763912997966787 10.688320093831637 50.26032138872956 0.2555273808286778 0.0 -3.9871249899557264 -11.076342791253007
43.82282766009812 -1.763912997966787 10.688320093831637 50.26032138872956 0.2555273808286778 0.0 -3.9871249899557264 -11.076342791253007
152.1363569793586 -1.4896871075378004 11.037604868301296 51.26734441108407 0.18985586610518004 0.0 -4.292858983633635 -10.887998622764874
155.11763566746012 -1.518628005487097 11.589444759541179 51.37915565456775 0.3898354308666064 0.0 -4.016528953891995 -11.627738738187437
40.60591188280989 -1.6075102340678047 10.356550974960609 50.61021191586351 0.19365056689978283 0.0 -4.056651607279082 -10.89796779204959
151.7304389197381 -1.672701024538188 12.177249969680867 51.06177420933248 0.41412720539018993 0.0 -4.2987907778598835 -11.770522559687526
168.677248053706 -1.8025265693545434 13.110767664721866 50.9982746243684 0.5588858679073445 0.0 -4.203017333827549 -14.231106692520108
212.6507597510787 -1.8490413131297307 12.990868792421018 50.88157099401864 0.34499777902681855 0.0 -3.9669781509356574 -11.408122304025621
212.6507597510787 -1.8490413131297307 12.990868792421018 50.88157099401864 0.34499777902681855 0.0 -3.9669781509356574 -11.408122304025621
193.18380491947107 -1.8480818504027985 13.172235056672164 50.87131567632091 0.5226367918636636 0.0 -4.106436442198553 -12.927566733561008
46.59008601279459 -2.2008761335440696 11.562497343576839 49.29995378089187 0.06845355281645715 0.0 -3.973434935454393 -10.61237264526931
61.244412647270536 -2.510828707164671 13.191844968829944 48.796177074450725 0.2700729200152627 0.0 -4.163065599970156 -11.123333174496526
34.11309374970641 -2.927993777343917 13.716234057810034 47.7585881272073 0.19352848953124765 0.0 -3.907121827158766 -10.89764552701553
41.34405552896074 -2.7188955498282183 13.1473551246989 48.21290094261513 0.34662095806667387 0.0 -4.305488724481075 -11.415285821646325
54.95367423053911 -2.5308086713481344 13.217291442260422 48.83874207220106 0.41099777971266593 0.0 -3.971912587756916 -11.750943139938615
50.466617945658356 -2.5568274390270984 13.111881161290633 48.69486490466853 0.258407131902391 0.0 -4.0168015173034926 -11.085472379521576
38.97719281840176 -2.5617002947869416 13.100089160403279 48.62806068220638 0.41869547078850516 0.0 -4.1142580063525225 -11.799810534127372
22.67082758531473 -2.331345431826706 11.41125221915224 48.83403504949439 0.2655771963444814 0.0 -3.9362292817326736 -11.108572257946008
41.63386538728942 -2.2488014955613567 12.321906485030013 49.3853138387429 0.4663458880530502 0.0 -4.117833338968076 -12.17089319818504
41.63386538728942 -2.2488014955613567 12.321906485030013 49.3853138387429 0.4663458880530502 0.0 -4.117833338968076 -12.17089319818504
39.05878256446048 -2.426835878321934 12.349426303004716 48.778302080176594 0.2785018125320032 0.0 -4.2375261803897795 -11.151609245873608
260.11839991611726 -1.714772344234369 12.843954401229038 51.235140457154586 0.3190514183034503 0.0 -4.140996496708729 -11.300076318398645
439.5909259568508 -1.7040995524604186 13.24703733785334 51.5869850769347 0.3137896717128673 0.0 -4.075802770236134 -11.27952024732802
411.01367191452533 -1.9018716953771122 14.22921743160416 51.183209120754036 0.4221212112808536 0.0 -4.119681934226749 -11.822350491593719
323.48096782993235 -1.90482994923096 14.0218425072053 50.97053775840663 0.4737800394318295 0.0 -4.009070402225141 -12.243568971147077
323.48096782993235 -1.90482994923096 14.0218425072053 50.97053775840663 0.4737800394318295 0.0 -4.009070402225141 -12.243568971147077
425.07783824754904 -1.8809398162964919 14.276234635684506 51.1457024510906 0.36947072406109255 0.0 -3.907755334572575 -11.521985128158201
352.27548959949814 -1.7543345186889292 13.38876489891355 51.226814986415285 0.3204039784149376 0.0 -4.329913534882113 -11.305429352081006
463.7734651409609 -1.7273106439285768 13.693151391325198 51.440926167342475 0.3646967706020483 0.0 -4.157066802686841 -11.498732372968519
455.7309396072283 -1.6390311099686783 13.572972637280257 51.66510714107698 0.4708857164596211 0.0 -4.227328846940653 -12.21464313899012
484.16923054218285 -1.6992768379525125 13.971643789062064 51.566621637242235 0.47816128702019517 0.0 -4.256502842753898 -12.289011589132611
566.0890866001486 -1.7913607645586427 13.919056536270373 51.368194332809495 0.33200523551448297 0.0 -4.198452586701455 -11.352560228029478
566.0890866001486 -1.7913607645586427 13.919056536270373 51.368194332809495 0.33200523551448297 0.0 -4.198452586701455 -11.352560228029478
388.291301230377 -1.9122401603431758 13.815602020760382 51.00354677243614 0.3505541135430666 0.0 -4.149067790071542 -11.432859716455583
547.7921374601414 -1.6455451540356196 13.380747993166514 51.646789584951286 0.35271600729162805 0.0 -4.319784582606957 -11.442652535141507
344.28129225480274 -2.1180758777488506 14.923596006090953 50.60847597674757 0.35904511701834024 0.0 -3.917421125064816 -11.471885755546376
357.51156985687925 -1.9055173736937316 13.511909271068767 51.01902794784607 0.23895407000202448 0.0 -4.110359626976145 -11.025361928837187
469.7792802148146 -1.7773035102504382 13.644407939048243 51.38362966254425 0.27128141593331345 0.0 -3.872507645272309 -11.127338497943732
469.7792802148146 -1.7773035102504382 13.644407939048243 51.38362966254425 0.27128141593331345 0.0 -3.872507645272309 -11.127338497943732
448.87822076992387 -1.8199943231241855 14.104739426585477 51.28226202654426 0.29929064215969103 0.0 -4.160312459644413 -11.22497035896237
657.0897818104344 -1.8468230069706393 14.714479987315707 51.3955822934178 0.4502678503852326 0.0 -4.223172296983032 -12.029739000040873
213.92398155671944 -1.5386066821675515 12.518256514983172 51.69983415395506 0.5698050008074245 0.0 -3.9916788564368466 -15.88125644663536
246.99995524128448 -1.556010440074767 12.170562954283534 51.611296875113595 0.46890101739747403 0.0 -4.188703380238015 -12.19528086937712
265.3511100109731 -1.5310391999425086 12.548414841975369 51.7930916847132 0.4020022336167544 0.0 -4.127881248849696 -11.696707145877186
416.1843938449157 -1.4758121300515876 12.57021286461876 51.91166312996325 0.349612449297567 0.0 -4.12853812911268 -11.428624022174965
314.3588232994706 -1.4881438343225781 12.45888666388907 51.88369321537978 0.4502258800268219 0.0 -3.902668021766071 -12.029395411979099
314.3588232994706 -1.4881438343225781 12.45888666388907 51.88369321537978 0.4502258800268219 0.0 -3.902668021766071 -12.029395411979099
270.4631073121208 -1.5725241223104547 12.968815433136946 51.79934312083802 0.5114382246167513 0.0 -4.094222443588316 -12.724595617411685
373.3734073235399 -1.5770681711070367 13.146522023865066 51.890951481929804 0.554387125095898 0.0 -3.960774768390186 -13.943755877446094
373.3734073235399 -1.5770681711070367 13.146522023865066 51.890951481929804 0.554387125095898 0.0 -3.960774768390186 -13.943755877446094
348.415090827341 -1.5524411509605778 13.343933022461208 51.87983105437421 0.5638425205941918 0.0 -4.189891389879977 -14.688036967254021
343.8789037488992 -1.6828169043676162 13.029987915592997 51.44196922300766 0.4723542404147096 0.0 -4.318542507714981 -12.229214974931004
375.8329763762012 -1.6492698190581176 13.347568205280533 51.53486314325165 0.4457798935443197 0.0 -4.326997667546096 -11.993651336241987
225.74835984348985 -1.7126617161266684 12.892508858140403 51.25969791138645 0.5462485811990516 0.0 -4.025533559111501 -13.570939206817414
307.6993111457992 -1.5218382751350976 12.482633981634045 51.867281721327615 0.424251843868678 0.0 -3.879740188149706 -11.836629824122824
370.9117682148405 -2.0675738726472264 14.65656131280876 50.571680433481085 0.23444750192518138 0.0 -4.284274539217388 -11.011937304740531
501.1410930758282 -2.0511914552542736 14.735768297743533 50.80384850762619 0.26000046778756 0.0 -3.974831760494365 -11.090559731541894
624.3360166215369 -2.001464793399022 14.329931436527906 50.80026445874326 0.11664185250927284 0.0 -4.31373278270871 -10.712880361602695
533.1904192022353 -2.109004368637378 14.855261374499687 50.62898361759651 0.08129170056455717 0.0 -3.9647179273361632 -10.638177979519261
533.1904192022353 -2.109004368637378 14.855261374499687 50.62898361759651 0.08129170056455717 0.0 -3.9647179273361632 -10.638177979519261
511.98140405068995 -2.1124090874335613 14.990212304067029 50.53911354941431 0.21358264836898155 0.0 -4.145157719661377 -10.952029162915982
627.6173122756168 -1.9998883231420885 14.907877791564283 50.973629156844 0.2759606384751689 0.0 -4.000289049046496 -11.142999968835204
538.4738136886813 -1.9366862391800446 14.804748631192957 51.097580986115354 0.24748009497036488 0.0 -4.155996750375921 -11.05126394621269
632.4233339261742 -1.81934828513443 14.332600819565574 51.36156438604115 0.3116854868099405 0.0 -4.092478509306354 -11.27141666263623
527.3974953928574 -1.7992753140601572 13.837357806257554 51.34483313439565 0.23919621583633421 0.0 -3.9277597866255274 -11.026088384844938
554.7434045032146 -1.869495561401183 13.960163782316688 51.22014120994526 0.22262974091731463 0.0 -3.9953376139178225 -10.977566115770905
482.0542643056321 -2.078141407754993 14.608085908598383 50.58350526331123 0.22040712879884158 0.0 -4.210888921835046 -10.971231728983364
496.7915596425881 -2.0035961690314603 14.549425198692614 50.82042842003441 0.28108602861090876 0.0 -4.101887549335784 -11.160441027090911
526.2901444122596 -2.051765828460723 14.730256339594739 50.83089218880625 0.16140951524272798 0.0 -3.9528050499519534 -10.816272589320869
937.6796431797605 -1.8005845180175917 14.291311768173944 51.63534817534471 0.11222695669056067 0.0 -4.0115768510441185 -10.703240052254701
960.2129156004603 -1.9836279501789047 14.773036513025179 51.12536638552301 0.031171386373231177 0.0 -3.969556668973864 -10.54100088650066
960.2129156004603 -1.9836279501789047 14.773036513025179 51.12536638552301 0.031171386373231177 0.0 -3.969556668973864 -10.54100088650066
932.209879275573 -1.9077327833001343 14.908145490048085 51.33367694361674 0.26819940289429917 0.0 -4.265911153230682 -11.117155309411553
742.5291270683693 -1.679628835081787 13.822711308745292 51.69462581334538 0.28172942075200275 0.0 -4.251403347094362 -11.162652056241082
862.6603209918636 -1.6772088131890044 13.650844080823312 51.769244519416695 0.20423421871451053 0.0 -4.192414989581251 -10.926309322755738
910.4111473620372 -1.64244031266254 13.849175786424404 51.9686414659329 0.20402442666161832 0.0 -3.8920755750069613 -10.925739654651569
910.4111473620372 -1.64244031266254 13.849175786424404 51.9686414659329 0.20402442666161832 0.0 -3.8920755750069613 -10.925739654651569
985.6316270484381 -1.7961587782478459 14.635969294717949 51.60928740229086 0.30457627369295087 0.0 -4.286610893752208 -11.244513625660664
847.532947193286 -1.9073261339254408 14.78578014196783 51.297356988003834 0.07916746206588289 0.0 -4.123716254603706 -10.633861909890458
913.6558597792166 -1.8118678803814632 14.488456144251778 51.589665860890825 0.21764188187355435 0.0 -3.9705896914420777 -10.963406452251263
847.3882109182106 -1.7817557195212474 14.278788469353998 51.640904490266514 0.07263940489560647 0.0 -4.20413667050584 -10.620713478141978
952.2067109215714 -1.927407171680632 14.942296607538152 51.22871357409477 0.1353796031338332 0.0 -4.100415331022384 -10.754862783349633
733.9879187331971 -1.6592541555193723 13.892809430085304 51.84609163775747 0.19811650501854833 0.0 -4.105305016326925 -10.909829133863564
778.8797452140573 -1.6492658272559346 13.988968336272347 51.834586920738666 0.363854915203019 0.0 -4.250701343492984 -11.49468740020502
561.087914934861 -2.0635320246909816 14.499563778077146 50.74324370333571 0.025075042984670542 0.0 -3.9693748219976923 -10.529799954749464
784.1041964148659 -1.895860666207403 14.610073125563002 51.35394725795312 0.23879347382896407 0.0 -4.148483980440505 -11.024880418950886
800.3439963185982 -1.89520850026204 14.745258577712523 51.322300107860585 0.08382460068813347 0.0 -4.223386912532501 -10.643348843892124
910.5462914879206 -1.7655168809206137 14.53023033284008 51.77772767453912 0.26898215393945735 0.0 -4.024120075710653 -11.119731766683257
973.1209089586264 -1.857609244738836 14.841895510865346 51.407887140757296 0.2201172472805147 0.0 -4.202181445311615 -10.970408524190095
765.717512579717 -1.7360553288713634 13.673967630316197 51.533214084484236 0.17455723512235033 0.0 -4.247686037189359 -10.848785788001985
838.0539805302708 -1.9702876681182198 14.902937803296352 51.14025397315728 0.042574751495781 0.0 -4.084461396767434 -10.562295419733664
396.93888538864474 -1.7808179555693053 12.958595863091075 51.18910167248211 0.17181434503543824 0.0 -4.04401597367455 -10.841915038391663
376.9064506074377 -1.6107287655104847 12.322874874212232 51.58765525459001 0.05946707378383258 0.0 -3.9832376650396477 -10.594697563601088
522.6299778022211 -1.8276225696885957 13.53162610544989 51.16906257487803 0.046047405753214525 0.0 -4.123753858761175 -10.568871332673234
408.56430562761716 -1.7937783021636422 12.923609335265107 51.08539462783959 0.02482126989063298 0.0 -4.079842178098545 -10.5293364014679
372.5540487317505 -1.90885461192492 13.043398939824701 50.81705838682042 0.06134438396048519 0.0 -4.085486631798258 -10.598364230174914
591.1118920967846 -1.778491132844092 13.436586906688781 51.304717617861364 0.13970880815758865 0.0 -4.182274372635857 -10.76481836135228
323.3656815124001 -1.819327326137235 13.123795919879013 51.13211237633638 0.12189318658109383 0.0 -4.099291136502835 -10.724469451046604
323.3656815124001 -1.819327326137235 13.123795919879013 51.13211237633638 0.12189318658109383 0.0 -4.099291136502835 -10.724469451046604
708.4078573986749 -1.8429418471875714 13.820252020191326 51.24328196762584 0.10616132921775437 0.0 -4.1667290005033575 -10.690144980034493
551.0315262569404 -1.668378062192125 13.035317391153908 51.52329694027448 0.18789468449939195 0.0 -4.228674736884173 -10.882885038807888
677.641996222389 -1.7170434364388405 13.639566648834304 51.57772002603163 0.12251462203674691 0.0 -4.04957739044588 -10.725849817425333
543.0449584905825 -1.6424267104394783 12.853298222967458 51.55339058003825 0.1734526752463568 0.0 -4.286468552792828 -10.84601326209354
746.2292443152412 -1.5862578061070334 13.142407685775959 51.935188907979665 0.21275476832810428 0.0 -4.141648371360268 -10.949724574127277
708.3500671442226 -1.7040458183409957 13.732352526438572 51.75185431169872 0.17033260824209231 0.0 -3.956791392395884 -10.838222936349313
774.1050228684219 -1.6181316079660588 13.035068521679895 51.91901549594631 0.03603617339719944 0.0 -4.229230331235341 -10.55002994032838
652.5197803507388 -1.6809680097937587 13.559773496204434 51.639697687981474 0.15509512218631424 0.0 -4.126452757999629 -10.801025575592167
652.5197803507388 -1.6809680097937587 13.559773496204434 51.639697687981474 0.15509512218631424 0.0 -4.126452757999629 -10.801025575592167
307.6487800759459 -1.793087718107226 12.841170910160754 51.18119011259263 0.1862618725435219 0.0 -4.00900961241141 -10.878647503501206
679.9976760489919 -1.77605259426646 13.381183707691319 51.31507173749107 0.06453747340925847 0.0 -4.271686120422234 -10.604631858099197
610.6064733724872 -1.7396213519126968 13.456245891612069 51.53118484310781 0.2192216569637735 0.0 -4.170036427912582 -10.967869501689044
