 F
        1722       16791           3         128
   -0.239316308253741497E+02   -0.156326531260519523E+02
 T
   2
    0.200000000000000000E+01    0.300000000000000000E+01    0.617187500000000000E+00    0.382812500000000000E+00
   0
   0
 T T     0           0
    0.000000000000000000E+00   -0.100000000000000002+101    0.000000000000000000E+00
 T F     1          79
    0.224387671260854366E-05   -0.244046105618725697E+02   -0.156139838761995957E+02
 T F     1          49
    0.174791839638840765E-05   -0.249075194981175407E+02   -0.156635231839387856E+02
