

    0.390625000000000347E-02   -0.928825718426296342-309    0.119841486215591431E+04    0.351837217807769775E+00    0.386714794070894263E+00    0.859186316728591919E+02    0.685571910604754864E+00    0.718795552605657861E+00   -0.142537236213684082E+01    0.109492713212966919E+01   -0.122364065051078796E+02   -0.134941703081130981E+02    0.477577260088920597E+00
    0.390625000000000347E-02   -0.928825718427165898-309    0.572998929023742676E+04   -0.112767124176025391E+01    0.572026451018031956E+00    0.959223888516426086E+02    0.417009830933296521E+00    0.120059491218002434E+01    0.113705295324325562E+02    0.160972189903259277E+01   -0.109741964936256409E+02   -0.833508878946304321E+01    0.374972853112220783E+00
    0.390625000000000347E-02   -0.928825718428035453-309    0.278924942016601562E+04   -0.858328998088836670E+00    0.142742564108097381E+01    0.489408758282661438E+02    0.110902082812899661E+01    0.133794293051057545E+01    0.445236682891845703E+01    0.109038776159286499E+01   -0.101804709434509277E+02   -0.404938459396362305E+01    0.302994471287727385E+00
    0.390625000000000347E-02   -0.928825718428905009-309    0.350912404060363770E+04   -0.182303321361541748E+01    0.694633185529080488E+00    0.493858478665351868E+02    0.750048257743415214E+00    0.494979666301331778E+00    0.952427387237548828E+01    0.133928871154785156E+01   -0.238444358110427856E+01   -0.849244505167007446E+01    0.121715572357177740E+00
    0.390625000000000347E-02   -0.928825718429774564-309    0.266311752796173096E+04   -0.449279785156250000E+00    0.112334019117374950E+01    0.577369571328163147E+02    0.233965120397807091E+00    0.949935204728512977E-01    0.114678579568862915E+02    0.170819330215454102E+01   -0.214469164609909058E+01   -0.507866710424423218E+01    0.716582213401794482E-01
    0.390625000000000347E-02   -0.928825718430644120-309    0.974802017211914062E+03    0.772443711757659912E+00    0.114218091153780277E+01    0.256388760209083557E+02    0.104967635079902699E+01    0.601009628017688646E+00    0.317807078361511230E+01    0.180563098192214966E+01   -0.133934766054153442E+01   -0.130252629518508911E+01    0.148686943745613115E+00
    0.390625000000000347E-02   -0.928825718431513676-309    0.385496139526367188E+04    0.452733159065246582E+00    0.115605297381072814E+01    0.345199651122093201E+02    0.142908296091581222E+01    0.474300605346867743E+00   -0.737986922264099121E+01    0.138557237386703491E+01   -0.341453880071640015E+01   -0.114104685187339783E+02    0.493195216655731239E+00
    0.390625000000000347E-02   -0.928825718432383231-309    0.692655622959136963E+03    0.600364089012145996E+00    0.142454658268054368E+01    0.354910991191864014E+02    0.959511536695463629E+00    0.101084877288027078E+00   -0.135991573333740234E+01    0.161606961488723755E+01   -0.796591043472290039E+00   -0.482761502265930176E+01    0.536304430103301977E+00
    0.390625000000000347E-02   -0.928825718433252787-309    0.550349086523056030E+04   -0.111350542306900024E+01    0.141411357649933489E+01    0.469321287274360657E+02    0.760957460224058413E+00    0.145454625552995442E+01    0.361409246921539307E+01    0.151930731534957886E+01   -0.128422227501869202E+02   -0.954207837581634521E+01    0.433300470757484457E+00
    0.390625000000000347E-02   -0.928825718434122342-309    0.273508095741271973E+04   -0.421880841255187988E+00    0.132877060301266603E+01    0.719548900723457336E+02    0.916151393840041628E+00    0.137947791336361456E-01    0.137256324291229248E+01    0.158954685926437378E+01   -0.424735218286514282E+01   -0.441645026206970215E+01    0.231117828440666195E+00
    0.390625000000000347E-02   -0.928825718426296342-309    0.264534467458724976E+04   -0.218175649642944336E-01    0.116476963047873339E+01    0.389330057501792908E+02    0.137813427577285852E+01    0.106483676981133146E+01   -0.132043290138244629E+02    0.134022748470306396E+01   -0.108752435445785522E+02   -0.518889784812927246E+01    0.301624372744560276E+00
    0.390625000000000347E-02   -0.928825718427165898-309    0.204297441244125366E+04    0.854871392250061035E+00    0.118627860723017742E+01    0.284692116379737854E+02    0.230781529777050520E+00    0.591039127403460318E+00    0.339417099952697754E+01    0.167072337865829468E+01   -0.148470559716224670E+02   -0.827071577310562134E+01    0.169439750432968141E-01
    0.390625000000000347E-02   -0.928825718428035453-309    0.118674111366271973E+04   -0.380892038345336914E+00    0.118222914561197623E+01    0.863565344810485840E+02    0.129134723418422137E+01    0.291482658817009355E+00   -0.134474533796310425E+02    0.161109572649002075E+01   -0.126154053211212158E+02   -0.788085937500000000E+01    0.345738147711753874E+00
    0.390625000000000347E-02   -0.928825718428905009-309    0.651944953203201294E+04   -0.119087553024291992E+01    0.970607443899359046E+00    0.367502422928810120E+02    0.286598806287805319E+00    0.101746874636588114E+01   -0.105594474077224731E+02    0.114748716354370117E+01   -0.261026233434677124E+01   -0.672488898038864136E+01    0.378172240304946894E+00
    0.390625000000000347E-02   -0.928825718429774564-309    0.258127236366271973E+04   -0.264220237731933594E+00    0.474838376300392773E+00    0.229487153291702271E+02    0.262065599878427258E+00    0.860227289199466449E+00   -0.353790521621704102E+01    0.196272957324981689E+01   -0.555682986974716187E+01   -0.138918006420135498E+02    0.782494536638259908E-01
    0.390625000000000347E-02   -0.928825718430644120-309    0.563135719299316406E+04   -0.176721411943435669E+01    0.119686739611483173E+01    0.829799680709838867E+02    0.938278954353183536E+00    0.127363342625301934E+01    0.974722802639007568E+01    0.160690236091613770E+01   -0.894469499588012695E+01   -0.349523752927780151E+01    0.125412634420394908E+00
    0.390625000000000347E-02   -0.928825718431513676-309    0.628018629550933838E+04    0.485299110412597656E+00    0.106199138254393866E+01    0.700685858130455017E+02    0.105758490934223448E+01    0.156820698520128299E+01    0.826290249824523926E+01    0.121506381034851074E+01   -0.449592053890228271E+01   -0.417551100254058838E+01    0.138878173613548289E+00
    0.390625000000000347E-02   -0.928825718432383231-309    0.488053101301193237E+04    0.329772293567657471E+00    0.793749114155491209E+00    0.616346107721328735E+02    0.273194263477649857E+00    0.315152532899416415E+00   -0.130601298809051514E+02    0.127742141485214233E+01   -0.697155296802520752E+01   -0.139006528258323669E+02    0.351458014011383074E-01
    0.390625000000000347E-02   -0.928825718433252787-309    0.412769585847854614E+04   -0.176590216159820557E+01    0.129626146330307473E+00    0.349994217753410339E+02    0.130330533722435438E+01    0.102092207567376539E+00    0.301421284675598145E+00    0.156881445646286011E+01   -0.239966243505477905E+01   -0.405794888734817505E+01    0.202584412336349495E+00
    0.390625000000000347E-02   -0.928825718434122342-309    0.391943341493606567E+04    0.613673746585845947E+00    0.120197674854375425E+01    0.915140157938003540E+02    0.116316021952624449E+01    0.230255066522028484E+00   -0.285529553890228271E+01    0.139745509624481201E+01   -0.586012512445449829E+01   -0.509315907955169678E+01    0.209692357206344604E+00
    0.390625000000000347E-02   -0.928825718426296342-309    0.348507976531982422E+04   -0.382203280925750732E+00    0.104725577660400315E+01    0.441826879978179932E+02    0.711644528153928868E+00    0.691403078662024440E+00   -0.221931338310241699E+00    0.161942237615585327E+01   -0.219798266887664795E+01   -0.403978765010833740E+01    0.235367870163917553E+00
    0.390625000000000347E-02   -0.928825718427165898-309    0.200706821680068970E+04   -0.160491114854812622E+01    0.583415237461132441E+00    0.129388625621795654E+02    0.831317312777192230E+00    0.941801380207787586E+00   -0.110811978578567505E+02    0.189232105016708374E+01   -0.139517623186111450E+02   -0.666372299194335938E+01    0.373524625039100666E+00
    0.390625000000000347E-02   -0.928825718428035453-309    0.386762732267379761E+04    0.985444366931915283E+00    0.151130960937706615E+01    0.673724298477172852E+02    0.136337308125271384E+01    0.108089244787476879E+01    0.920608878135681152E+01    0.126396048069000244E+01   -0.620874702930450439E+01   -0.738236457109451294E+01    0.500036327004432679E+00
    0.390625000000000347E-02   -0.928825718428905009-309    0.535945969820022583E+04   -0.783328175544738770E+00    0.864998694275773139E+00    0.423023200035095215E+02    0.380109372555375857E+00    0.936191639430995926E+00    0.231870353221893311E+01    0.134119737148284912E+01   -0.687972307205200195E+01   -0.138774669170379639E+02    0.492709687685966513E+00
    0.390625000000000347E-02   -0.928825718429774564-309    0.917504310607910156E+03   -0.147559666633605957E+01    0.937258372949388519E+00    0.824367939233779907E+02    0.127147448686167075E+01    0.141313036591191232E+01    0.382894814014434814E+01    0.150272804498672485E+01   -0.120712816715240479E+01   -0.537809461355209351E+01    0.601234368324279830E-01
    0.390625000000000347E-02   -0.928825718430644120-309    0.633793836832046509E+04    0.369714677333831787E+00    0.650793102587111427E+00    0.410365855693817139E+02    0.123321662775970431E+01    0.485086782268716987E+00    0.609867811203002930E+01    0.158806359767913818E+01   -0.121754559874534607E+02   -0.961293786764144897E+01    0.529132343959808349E+00
    0.390625000000000347E-02   -0.928825718431513676-309    0.356054419279098511E+04    0.420823454856872559E+00    0.106568544195132264E+01    0.180927620530128479E+02    0.125269249125902205E+01    0.730858049479927607E+00   -0.115877383947372437E+02    0.165085142850875854E+01   -0.990661919116973877E+01   -0.106110611557960510E+02    0.835651617050170957E-02
    0.390625000000000347E-02   -0.928825718432383231-309    0.544532155990600586E+04    0.260125696659088135E+00    0.104294116286028937E+01    0.403295445442199707E+02    0.155989845315185915E+01    0.117259966917435432E+01   -0.837986111640930176E+01    0.182410871982574463E+01   -0.100422245264053345E+02   -0.138629928231239319E+02    0.863465729713440017E-01
    0.390625000000000347E-02   -0.928825718433252787-309    0.235232144594192505E+04    0.285166442394256592E+00    0.636125436595986637E+00    0.295439175367355347E+02    0.361841855982843630E+00    0.361917131895530431E+00    0.898696839809417725E+01    0.103010511398315430E+01   -0.117919027805328369E+02   -0.310689210891723633E-01    0.458692806816101084E+00
    0.390625000000000347E-02   -0.928825718434122342-309    0.298758715391159058E+04   -0.225897192955017090E+00    0.442734416796305708E+00    0.297971470355987549E+02    0.725223778492782745E+00    0.105214004528464855E+00    0.120750099420547485E+02    0.102228915691375732E+01   -0.110214722156524658E+02   -0.429559350013732910E+00    0.317555836844444273E+00
    0.390625000000000347E-02   -0.928825718426296342-309    0.339810305833816528E+04   -0.347769618034362793E+00    0.107386538902914208E+01    0.650874989032745361E+02    0.150538146504333548E+01    0.657273410532925095E+00   -0.114751535654067993E+02    0.156733816862106323E+01   -0.168166905641555786E+01   -0.542179048061370850E+00    0.882624864578247141E-03
    0.390625000000000347E-02   -0.928825718427165898-309    0.596582663059234619E+04   -0.167407709360122681E+01    0.136475147465573854E+01    0.287821165323257446E+02    0.134638263364665867E+01    0.738872593512141851E+00    0.524683892726898193E+01    0.140953147411346436E+01   -0.427910327911376953E+01   -0.112678241729736328E+02    0.102702597713470456E+00
    0.390625000000000347E-02   -0.928825718428035453-309    0.309778618812561035E+04   -0.199087190628051758E+01    0.922053435446031688E+00    0.166960403323173523E+02    0.134287443905912962E+01    0.472210294368453770E-01   -0.133178150653839111E+02    0.107869386672973633E+01   -0.167858541011810303E+01   -0.223181605339050293E+01    0.449101537013053886E+00
    0.390625000000000347E-02   -0.928825718428905009-309    0.389304637908935547E+03   -0.171770733594894409E+01    0.511565662657379683E+00    0.777485017776489258E+02    0.108085443541139692E+01    0.747346844921585096E+00   -0.108321422338485718E+02    0.115788823366165161E+01   -0.917701810598373413E+01   -0.376457244157791138E+01    0.154481561923027033E+00
    0.390625000000000347E-02   -0.928825718429774564-309    0.327777320146560669E+04   -0.160225307941436768E+01    0.136031495597931906E+01    0.346533363461494446E+02    0.119265199261697097E+01    0.236634138361689894E+00    0.193040370941162109E+01    0.104974639415740967E+01   -0.715048760175704956E+01   -0.132188549637794495E+02    0.409164962482452432E+00
    0.390625000000000347E-02   -0.928825718430644120-309    0.936494231224060059E+03    0.159794092178344727E+00    0.113251557653985002E+01    0.288617486357688904E+02    0.290473456002518449E+00    0.952520333118058393E+00   -0.146199327707290649E+02    0.115163493156433105E+01   -0.131305360794067383E+02   -0.427665084600448608E+01    0.240593916893005397E-01
    0.390625000000000347E-02   -0.928825718431513676-309    0.570600050687789917E+04    0.431781709194183350E+00    0.139791492532600614E+01    0.211758728027343750E+02    0.120040110479288287E+01    0.780703530544288982E+00   -0.595357418060302734E+00    0.101643174886703491E+01   -0.622418135404586792E+01   -0.305508971214294434E+01    0.281408612751960774E+00
    0.390625000000000347E-02   -0.928825718432383231-309    0.455170631408691406E+03    0.998325943946838379E-01    0.114246582868235391E+01    0.655894024372100830E+02    0.273385636569107304E+00    0.122006684335554483E+01    0.134624326229095459E+02    0.141970670223236084E+01   -0.917786657810211182E+01   -0.121613529324531555E+02    0.290384194564819342E+00
    0.390625000000000347E-02   -0.928825718433252787-309    0.453974676132202148E+04   -0.888645291328430176E+00    0.957367407879284760E+00    0.811307684183120728E+02    0.447851701861017026E+00    0.110023264620308736E+01   -0.593327343463897705E+01    0.181497633457183838E+01   -0.105297160148620605E+02   -0.238794833421707153E+01    0.723194223403930692E-01
    0.390625000000000347E-02   -0.928825718434122342-309    0.118475008010864258E+04   -0.175875103473663330E+01    0.119480193951584979E+01    0.416443859338760376E+02    0.939563700713740624E+00    0.772670729294445469E+00   -0.979310274124145508E+00    0.169560462236404419E+01   -0.145321977138519287E+02   -0.105222487449645996E+02    0.356838102149963365E+00
    0.390625000000000347E-02   -0.928825718426296342-309    0.576608365774154663E+04   -0.122112494707107544E+01    0.132029269503712632E+01    0.464161634445190430E-01    0.106021254427949096E+01    0.249889814628099123E-01   -0.110176849365234375E+02    0.188625925779342651E+01   -0.928415715694427490E+01   -0.596602499485015869E+01    0.161270779252052326E+00
    0.390625000000000347E-02   -0.928825718427165898-309    0.142343795299530029E+04   -0.573960125446319580E+00    0.107182581491535478E+01    0.901462554931640625E+00    0.112833836878210358E+01    0.129657619493999676E+01    0.791816711425781250E+01    0.171746140718460083E+01   -0.464671522378921509E+01   -0.124572864174842834E+02    0.423697327995300299E+00
    0.390625000000000347E-02   -0.928825718428035453-309    0.105747538805007935E+04    0.303537249565124512E+00    0.136456124219843522E+01    0.844537727236747742E+02    0.755513438807286053E+00    0.682360887344175882E+00    0.488140940666198730E+01    0.149659973382949829E+01   -0.113624936342239380E+02   -0.142382383346557617E+00    0.133187000298500058E+00
    0.390625000000000347E-02   -0.928825718428905009-309    0.327523851394653320E+04    0.162900090217590332E-01    0.811660795781045108E+00    0.429310448169708252E+02    0.830010751382237122E+00    0.131047546153452643E+01   -0.893503367900848389E+01    0.151511663198471069E+01   -0.756859570741653442E+01   -0.136643484234809875E+02    0.540382279801368770E+00
    0.390625000000000347E-02   -0.928825718429774564-309    0.150253397226333618E+04   -0.206315636634826660E+00    0.438302594515398714E+00    0.555952636599540710E+02    0.391447760090442187E+00    0.461779243736182843E+00    0.566403865814208984E+01    0.152423560619354248E+01   -0.134683236479759216E+02   -0.606552779674530029E+01    0.643971903562545744E-01
    0.390625000000000347E-02   -0.928825718430644120-309    0.593966114521026611E+04    0.365421175956726074E-01    0.134106262066533133E+01    0.834093500375747681E+02    0.119388730404979326E+01    0.971862403981518463E+00   -0.774843871593475342E+01    0.108527922630310059E+01   -0.611120671033859253E+01   -0.148652413487434387E+02    0.126852367186546328E+00
    0.390625000000000347E-02   -0.928825718431513676-309    0.698630809783935547E+04    0.501141667366027832E+00    0.155730989025325273E+01    0.152341318130493164E+01    0.100570033113557811E+01    0.111189095636707247E+01    0.707998752593994141E+01    0.182470631599426270E+01   -0.133325868844985962E+02   -0.114659294486045837E+02    0.492888566780090354E+00
    0.390625000000000347E-02   -0.928825718432383231-309    0.251093113422393799E+04   -0.676266372203826904E+00    0.126698741709145701E+01    0.122239851951599121E+01    0.149808606813219969E+01    0.114562102549698386E+01   -0.129572600126266479E+02    0.190638440847396851E+01   -0.134358295798301697E+02   -0.139801704883575439E+02    0.330428888082504313E-01
    0.390625000000000347E-02   -0.928825718433252787-309    0.684452414512634277E+04   -0.182856124639511108E+01    0.143811101611267067E+01    0.174363681077957153E+02    0.145545022186949513E+01    0.249995519236834662E+00    0.562466025352478027E+01    0.113983803987503052E+01   -0.315152138471603394E+01   -0.620166778564453125E+01    0.529474408006668118E+00
    0.390625000000000347E-02   -0.928825718434122342-309    0.511379569768905640E+04    0.678498089313507080E+00    0.108783589824027205E+01    0.905397720336914062E+02    0.861443781654117169E+00    0.129421483449985608E+01    0.142520928382873535E+02    0.188971608877182007E+01   -0.443480551242828369E+01   -0.563802123069763184E+01    0.410419538497924841E+00
    0.390625000000000347E-02   -0.928825718426296342-309    0.470429825782775879E+04   -0.325837731361389160E+00    0.984483164740196037E+00    0.100041702389717102E+02    0.861162245995598430E+00    0.606057046491499385E+00   -0.359717130661010742E+01    0.107853883504867554E+01   -0.287652969360351562E+01   -0.746160328388214111E+01    0.480199034643173261E+00
    0.390625000000000347E-02   -0.928825718427165898-309    0.277981328964233398E+04    0.194543004035949707E-01    0.743158649626373125E+00    0.783700157403945923E+02    0.154203924286692273E+00    0.332100193077489114E+00   -0.177170991897583008E+01    0.144592475891113281E+01   -0.233298450708389282E+01   -0.139472025632858276E+02    0.231998918008804317E+00
    0.390625000000000347E-02   -0.928825718428035453-309    0.355804371833801270E+04    0.665247082710266113E+00    0.148829960085256929E+01    0.836566727757453918E+02    0.501863948122159620E+00    0.129653939962446696E+01    0.192516982555389404E+01    0.145234489440917969E+01   -0.108556607365608215E+02   -0.105590254068374634E+01    0.471717033576965372E+00
    0.390625000000000347E-02   -0.928825718428905009-309    0.426287835836410522E+04   -0.884182274341583252E+00    0.119962421785946116E+01    0.489280591607093811E+02    0.680401653825664199E+00    0.134925257463122028E+01   -0.983703553676605225E+01    0.179655921459197998E+01   -0.113912209868431091E+02   -0.117830023169517517E+02    0.305174899291992208E+00
    0.390625000000000347E-02   -0.928825718429774564-309    0.583542311191558838E+04   -0.238818466663360596E+00    0.130761370042012182E+01    0.819875496625900269E+02    0.788962534039221119E+00    0.147776250797434217E+01   -0.106634616851806641E+01    0.185269623994827271E+01   -0.748508602380752563E+01   -0.139773130416870117E+02    0.556742535138130212E+00
    0.390625000000000347E-02   -0.928825718430644120-309    0.671454703807830811E+04   -0.294518649578094482E+00    0.147952377946869040E+01    0.203153445124626160E+02    0.452298317434689678E+00    0.367385309015627659E+00    0.176924586296081543E+01    0.156208157539367676E+01   -0.124504154920578003E+02   -0.613140732049942017E+01    0.425620030903816227E+00
    0.390625000000000347E-02   -0.928825718431513676-309    0.454986506700515747E+04   -0.128602385520935059E+01    0.724050638689678783E+00    0.797823688387870789E+02    0.284919423146185180E+00    0.633884042214709065E+00    0.986481428146362305E+01    0.191392678022384644E+01   -0.737579315900802612E+01   -0.634431660175323486E+01    0.159033749985694889E+00
    0.390625000000000347E-02   -0.928825718432383231-309    0.130829054117202759E+04   -0.104713773727416992E+01    0.151530674622580341E+01    0.676462179422378540E+01    0.954012181865261044E+00    0.126493971372499692E+01    0.728695929050445557E+01    0.158549565076828003E+01   -0.604271650314331055E+01   -0.664067745208740234E+01    0.430941266012191793E+00
    0.390625000000000347E-02   -0.928825718433252787-309    0.652944850921630859E+04    0.838290870189666748E+00    0.153693948706003725E+01    0.176140252947807312E+02    0.828044683110459201E+00    0.581264774845300036E+00   -0.479014277458190918E+01    0.139748728275299072E+01   -0.541007101535797119E+01   -0.868159890174865723E+01    0.267839014577865631E+00
    0.390625000000000347E-02   -0.928825718434122342-309    0.257575947046279907E+04   -0.118007463216781616E+01    0.810919740734292294E+00    0.100447622537612915E+02    0.103393722480125394E+01    0.487710578508933457E+00   -0.247727394104003906E+01    0.129017370939254761E+01   -0.132887515425682068E+02   -0.103159984946250916E+02    0.235792191982269299E-01
    0.390625000000000347E-02   -0.928825718426296342-309    0.365389454364776611E+04   -0.169789922237396240E+01    0.118095570145614981E+01    0.852390355467796326E+02    0.334147623001163629E+00    0.145401801336654790E+01   -0.100887787342071533E+02    0.143741679191589355E+01   -0.248096466064453125E+01   -0.117780321836471558E+02    0.416856183528900165E-01
    0.390625000000000347E-02   -0.928825718427165898-309    0.162926292419433594E+04   -0.162302124500274658E+01    0.153174619501448062E+01    0.477597892284393311E+01    0.513399045473836524E+00    0.105902844668278751E+01   -0.784997999668121338E+01    0.123801922798156738E+01   -0.144799241423606873E+02   -0.998403847217559814E+01    0.521445285272598258E+00
    0.390625000000000347E-02   -0.928825718428035453-309    0.953808128833770752E+03   -0.175381076335906982E+01    0.142154358451810126E+01    0.911605955958366394E+02    0.644688195473916315E+00    0.125138667887812338E+01   -0.766284763813018799E+01    0.157922840118408203E+01   -0.763856470584869385E+01   -0.237847477197647095E+01    0.351620414257049554E-02
    0.390625000000000347E-02   -0.928825718428905009-309    0.534988629817962646E+04   -0.177906519174575806E+01    0.915337566226156696E+00    0.941953133940696716E+02    0.147078956161456631E+01    0.740429606482267522E+00    0.765434145927429199E+01    0.189566683769226074E+01   -0.105940818786621094E+02   -0.110192602872848511E+02    0.553489583158493059E+00
    0.390625000000000347E-02   -0.928825718429774564-309    0.543234604597091675E+04   -0.129442185163497925E+01    0.110566163147839602E+01    0.413893625736236572E+02    0.342347548012382652E+00    0.582171175480524702E-01   -0.283307611942291260E+01    0.101792895793914795E+01   -0.125192686915397644E+02   -0.188594430685043335E+01    0.561747362709045461E+00
    0.390625000000000347E-02   -0.928825718430644120-309    0.359590506553649902E+04   -0.156249862909317017E+01    0.152878832825953292E+01    0.958803157210350037E+02    0.556899909345139443E+00    0.110361313389396853E+01   -0.117260259389877319E+02    0.100802463293075562E+01   -0.957304000854492188E+01   -0.109758889675140381E+02    0.107311455273628245E+00
    0.390625000000000347E-02   -0.928825718431513676-309    0.494166433811187744E+04    0.386831283569335938E+00    0.117728844544291422E+01    0.582293838858604431E+02    0.431324706702473748E+00    0.146444016945689692E+01   -0.145452421903610229E+02    0.163320893049240112E+01   -0.103860667347908020E+02   -0.684945970773696899E+01    0.232101373457908627E+00
    0.390625000000000347E-02   -0.928825718432383231-309    0.604782909154891968E+04    0.659933447837829590E+00    0.156312096132651468E+01    0.189138785004615784E+02    0.124733994318391006E+01    0.482391829693124941E+00    0.596469998359680176E+01    0.102952843904495239E+01   -0.245883196592330933E+01   -0.110532510280609131E+02    0.666193101882934652E-01
    0.390625000000000347E-02   -0.928825718433252787-309    0.186246752738952637E+04   -0.166201967000961304E+01    0.125036058817697326E+01    0.722203107476234436E+02    0.801281006467328694E+00    0.147035513346174707E+01    0.393563568592071533E+01    0.154377710819244385E+01   -0.114892762899398804E+02   -0.474543035030364990E+01    0.742953488588333211E-01
    0.390625000000000347E-02   -0.928825718434122342-309    0.452088618278503418E+04    0.419448018074035645E-01    0.128416556541292137E+01    0.909442936778068542E+02    0.120675021607028099E+01    0.979167350821875809E-01    0.133224427700042725E+02    0.194121932983398438E+01   -0.113493928313255310E+02   -0.839673936367034912E+01    0.481020179414749172E+00
    0.390625000000000347E-02   -0.928825718426296342-309    0.609101808071136475E+04   -0.267157793045043945E+00    0.117765460194710148E+01    0.285988476276397705E+02    0.854525138813443497E+00    0.282125787968638075E+00   -0.145488256216049194E+02    0.140901809930801392E+01   -0.518976241350173950E+01   -0.411120951175689697E+01    0.543017906141281093E+00
    0.390625000000000347E-02   -0.928825718427165898-309    0.676118737459182739E+04    0.528331577777862549E+00    0.281342859818422275E+00    0.100392272472381592E+02    0.684021826014652667E+00    0.128583243093910160E+01   -0.730775356292724609E+01    0.155063337087631226E+01   -0.402006804943084717E+00   -0.111668497323989868E+02    0.149227743387222288E-01
    0.390625000000000347E-02   -0.928825718428035453-309    0.645657217502593994E+04    0.315234720706939697E+00    0.485554539434164822E+00    0.141346777081489563E+02    0.338344348760208191E+00    0.119687427848069650E+01    0.587862432003021240E+01    0.120423787832260132E+01   -0.128429344296455383E+02   -0.109127461910247803E+01    0.325300179147720359E+00
    0.390625000000000347E-02   -0.928825718428905009-309    0.103278565406799316E+04   -0.176142841577529907E+01    0.155456878649799179E+01    0.384935510158538818E+02    0.144614493936427113E+01    0.147841321393600023E+01   -0.308678627014160156E+01    0.125549381971359253E+01   -0.307245165109634399E+01   -0.114673259854316711E+02    0.165535900998115548E+00
    0.390625000000000347E-02   -0.928825718429774564-309    0.397664433717727661E+04   -0.165195637941360474E+01    0.143940142401538052E+01    0.207779129147529602E+02    0.726688569107191262E+00    0.472413745311573596E+00    0.124470126628875732E+02    0.137170964479446411E+01   -0.804008245468139648E+01   -0.597894519567489624E+01    0.151043487310409553E-01
    0.390625000000000347E-02   -0.928825718430644120-309    0.375330811738967896E+04   -0.121433627605438232E+01    0.153010516688021680E+01    0.184841778874397278E+02    0.151385384391763717E+00    0.684285385335813401E+00    0.145803755521774292E+02    0.186647742986679077E+01   -0.814426392316818237E+01   -0.607788383960723877E+01    0.292128018379211422E-01
    0.390625000000000347E-02   -0.928825718431513676-309    0.404755759239196777E+04   -0.635019540786743164E+00    0.777337729283698931E+00    0.825421832799911499E+02    0.333554497495105573E+00    0.481339933077408633E+00    0.752613186836242676E+01    0.180922138690948486E+01   -0.137225818634033203E+02   -0.807066857814788818E+01    0.518241940426826475E+00
    0.390625000000000347E-02   -0.928825718432383231-309    0.431757628917694092E+04    0.905070722103118896E+00    0.124312106997645344E+01    0.349034678936004639E+02    0.148650013145143212E+01    0.584211396143904604E+00    0.639542698860168457E+01    0.183900785446166992E+01   -0.106528964638710022E+02   -0.611488401889801025E+01    0.286014809131622305E+00
    0.390625000000000347E-02   -0.928825718433252787-309    0.598826956748962402E+04   -0.174825268983840942E+01    0.615513105616477318E+00    0.347963967919349670E+02    0.321141555669111289E+00    0.790590890598236506E+00   -0.112440168857574463E+01    0.167806082963943481E+01   -0.926930308341979980E+01   -0.756576061248779297E+00    0.459835715603828465E+00
    0.390625000000000347E-02   -0.928825718434122342-309    0.151427197456359863E+04   -0.158897042274475098E+00    0.486257145152651837E+00    0.408960211873054504E+02    0.310661631869648180E+00    0.937380324738795956E+00   -0.554630041122436523E+01    0.110417860746383667E+01   -0.382110804319381714E+01   -0.479572892189025879E+01    0.291593496394157436E+00
    0.390625000000000347E-02   -0.928825718426296342-309    0.550487983226776123E+04   -0.341630220413208008E+00    0.115623317043304619E+01    0.877525658011436462E+02    0.564691528068762660E+00    0.997751325833315050E+00   -0.881885468959808350E+01    0.184762257337570190E+01   -0.215065509080886841E+01   -0.148758056759834290E+02    0.330138614702224720E+00
    0.390625000000000347E-02   -0.928825718427165898-309    0.172757041454315186E+04   -0.575232744216918945E+00    0.133942596383028700E+01    0.139328151941299438E+02    0.347811418301654518E+00    0.806128344561274135E+00   -0.876815915107727051E+01    0.136501431465148926E+01   -0.956718564033508301E+01   -0.361712783575057983E+01    0.371245460414886486E+00
    0.390625000000000347E-02   -0.928825718428035453-309    0.590620994567871094E+03   -0.265254855155944824E+00    0.347717284889457301E+00    0.954727846384048462E+02    0.147691331328768927E+01    0.444140430837396516E+00   -0.135922497510910034E+02    0.377269065380096436E+01   -0.316242277622222900E+00   -0.503335118293762207E+01    0.798371548891067540E-01
    0.390625000000000347E-02   -0.928825718428905009-309    0.168242335319519043E+04   -0.529136657714843750E-01    0.132493828599720831E+01    0.925974431633949280E+02    0.109559175510848794E+01    0.204569876493623015E+00    0.907602131366729736E+01    0.142230308055877686E+01   -0.127155688405036926E+02   -0.955138206481933594E+01    0.941229517936706533E-01
    0.390625000000000347E-02   -0.928825718429774564-309    0.173450148105621338E+04    0.388370156288146973E-01    0.134747669857529440E+01    0.236170467138290405E+02    0.299330828101904756E+00    0.140449404658597565E+01    0.396506488323211670E+01    0.101243901252746582E+01   -0.909977674484252930E+01   -0.148127970099449158E+02    0.862700469732284592E-01
    0.390625000000000347E-02   -0.928825718430644120-309    0.829723179340362549E+03    0.902022123336791992E+00    0.125695566093330369E+01    0.611218614578247070E+02    0.290499671494498901E+00    0.671033922273472472E+00   -0.646505892276763916E+01    0.154756438732147217E+01   -0.102355340123176575E+02   -0.123723694682121277E+02    0.594029051542282124E-01
    0.390625000000000347E-02   -0.928825718431513676-309    0.457082766294479370E+04    0.567878067493438721E+00    0.148522549033652651E+01    0.597913473844528198E+01    0.105139018858725009E+01    0.990832589365884253E+00    0.112198770046234131E+01    0.178767359256744385E+01   -0.991246104240417480E+01   -0.143203577399253845E+02    0.527120423269271887E+00
    0.390625000000000347E-02   -0.928825718432383231-309    0.155869555473327637E+04   -0.105852836370468140E+01    0.108293879070689769E+01    0.634806593656539917E+02    0.111140606339219095E+01    0.143162642539845986E+01   -0.454530715942382812E+00    0.189738774299621582E+01   -0.126743486523628235E+02   -0.285400003194808960E+01    0.164395414566993719E+00
    0.390625000000000347E-02   -0.928825718433252787-309    0.167070829868316650E+04   -0.669476985931396484E-01    0.145715908044646580E+01    0.356529951095581055E+01    0.929879604349398869E+00    0.152077782348346413E+01    0.936792969703674316E+01    0.148780101537704468E+01   -0.138986706733703613E+00   -0.141923823952674866E+02    0.375722248363494882E+00
    0.390625000000000347E-02   -0.928825718434122342-309    0.344234931468963623E+04   -0.101031064987182617E+00    0.153723618871836498E+01    0.390781078934669495E+02    0.972927127462953734E+00    0.335160009125395064E+00    0.127569544315338135E+02    0.160002517700195312E+01   -0.549097985029220581E+01   -0.276138871908187866E+01    0.832630153656005872E-01
    0.390625000000000347E-02   -0.928825718426296342-309    0.599328219890594482E+03   -0.448597788810729980E+00    0.754809324998440334E+00    0.944827796816825867E+02    0.455033623142580224E+00    0.103074998273697149E+01   -0.121135175228118896E+01    0.173598152399063110E+01   -0.850599825382232666E+01   -0.249557286500930786E+01    0.209489220428466794E+00
    0.390625000000000347E-02   -0.928825718427165898-309    0.378825426101684570E+04    0.629803299903869629E+00    0.471793943285294226E+00    0.538146497011184692E+02    0.223890132322685120E+00    0.650364223994715829E+00   -0.141870117187500000E+02    0.172784745693206787E+01   -0.331488132476806641E+01   -0.669509053230285645E+01    0.465920504808425909E-01
    0.390625000000000347E-02   -0.928825718428035453-309    0.211333775520324707E+04   -0.177035105228424072E+01    0.120352539347525456E+01    0.545629141330718994E+02    0.148642794522172883E+01    0.156609954052632450E+01    0.128596723079681396E+02    0.138395553827285767E+01   -0.191940218210220337E+01   -0.856644809246063232E+01    0.127339431452751173E+00
    0.390625000000000347E-02   -0.928825718428905009-309    0.113041722774505615E+04   -0.449917435646057129E+00    0.108998674944297091E+01    0.130061441659927368E+01    0.984687397165391443E+00    0.417920070265561217E+00   -0.129858326911926270E+02    0.163287150859832764E+01   -0.112219154834747314E+01   -0.110820829868316650E+00    0.523543489623069735E+00
    0.390625000000000347E-02   -0.928825718429774564-309    0.223308765888214111E+04   -0.450444400310516357E+00    0.125987643784480530E+01    0.437067895531654358E+02    0.853188055095682629E+00    0.107531631910376624E+01    0.127611011266708374E+02    0.126188123226165771E+01   -0.231342762708663940E+01   -0.491962194442749023E+01    0.330129675865173319E-01
    0.390625000000000347E-02   -0.928825718430644120-309    0.550855982303619385E+04    0.357297658920288086E-01    0.106080425707852855E+01    0.454161860346794128E+02    0.129442643097084131E+01    0.423966579864098969E+00    0.102180165052413940E+02    0.196441185474395752E+01   -0.999543070793151855E+01   -0.974414527416229248E+01    0.248906045937538151E+00
    0.390625000000000347E-02   -0.928825718431513676-309    0.775863468647003174E+03   -0.421545565128326416E+00    0.127521089866799286E+01    0.947480056285858154E+02    0.207247976252941918E+00    0.386917254942432051E-01    0.387321710586547852E+00    0.108025223016738892E+01   -0.114192885160446167E+02   -0.178433597087860107E+01    0.294111314320564254E+00
    0.390625000000000347E-02   -0.928825718432383231-309    0.495010161399841309E+04   -0.168071877956390381E+01    0.119034294932087703E+01    0.567368381023406982E+02    0.424552683363376537E+00    0.934349158478554376E+00   -0.148089694976806641E+02    0.145410817861557007E+01   -0.314916282892227173E+01   -0.708992689847946167E+01    0.242322592449188245E+00
    0.390625000000000347E-02   -0.928825718433252787-309    0.164508646726608276E+04    0.373768210411071777E-01    0.931539374885195559E+00    0.897163896560668945E+02    0.129625411889566533E+01    0.424939830003873809E+00    0.124083262681961060E+02    0.177040928602218628E+01   -0.347030282020568848E+01   -0.715290606021881104E+01    0.398261696577072166E-01
    0.390625000000000347E-02   -0.928825718434122342-309    0.699083840847015381E+04    0.610781610012054443E+00    0.668742995229666515E+00    0.362287538051605225E+02    0.295672362569273428E+00    0.634107342030328369E+00   -0.999371230602264404E+01    0.142148929834365845E+01   -0.113162398338317871E-01   -0.351496964693069458E+01    0.333784261393547055E+00
    0.390625000000000347E-02   -0.928825718426296342-309    0.619086056947708130E+04   -0.121106040477752686E+01    0.487487930917794465E+00    0.178481950163841248E+02    0.944952856850868161E+00    0.143169823712113509E+00    0.298148989677429199E+01    0.163857388496398926E+01   -0.130763867497444153E+02   -0.328732073307037354E+01    0.112788028264045714E+00
    0.390625000000000347E-02   -0.928825718427165898-309    0.345501148700714111E+04   -0.463654816150665283E+00    0.913342417357548286E+00    0.629940803647041321E+02    0.282528008517024087E+00    0.687967632064741319E+00   -0.173273742198944092E+01    0.104812955856323242E+01   -0.502214670181274414E+01   -0.563912093639373779E+01    0.347079348564147952E-02
    0.390625000000000347E-02   -0.928825718428035453-309    0.133391821384429932E+04   -0.462243974208831787E+00    0.112404510604888119E+01    0.916758173704147339E+02    0.195199523392233204E+00    0.774449450425320207E+00   -0.414296150207519531E+01    0.191486287117004395E+01   -0.272645115852355957E+01   -0.444072693586349487E+01    0.373516368556022660E+00
    0.390625000000000347E-02   -0.928825718428905009-309    0.537604969739913940E+04    0.688852667808532715E+00    0.151918607496338698E+01    0.654899611473083496E+02    0.939057928972031664E+00    0.748426174177123760E+00   -0.497621297836303711E-01    0.143132066726684570E+01   -0.599167943000793457E+01   -0.320741683244705200E+01    0.261179922151565547E+00
    0.390625000000000347E-02   -0.928825718429774564-309    0.506411582231521606E+04    0.512522101402282715E+00    0.870255231513283767E+00    0.666558648347854614E+02    0.146188013303824715E+01    0.100834463163559374E+01    0.132283937931060791E+02    0.180076920986175537E+01   -0.351795762777328491E+01   -0.127363818883895874E+02    0.227089483523368857E+00
    0.390625000000000347E-02   -0.928825718430644120-309    0.676731067895889282E+04    0.869497478008270264E+00    0.142972943412660669E+01    0.633488341569900513E+02    0.133423971138806330E+01    0.645253232952852418E+00   -0.835548162460327148E+01    0.168247520923614502E+01   -0.561773836612701416E+01   -0.346462637186050415E+01    0.104930278730392457E+00
    0.390625000000000347E-02   -0.928825718431513676-309    0.271950191259384155E+04   -0.195824676752090454E+01    0.107289449374784551E+01    0.779741978645324707E+01    0.337743920367098438E+00    0.766662513039550575E+00    0.176780283451080322E+01    0.163083732128143311E+01   -0.413808256387710571E+01   -0.107868701219558716E+02    0.236741789889335641E+00
    0.390625000000000347E-02   -0.928825718432383231-309    0.361037760972976685E+04   -0.135136443376541138E+01    0.121177399408963260E+01    0.954917263984680176E+02    0.325987114854672411E+00    0.186081868908183679E+00   -0.179878771305084229E+01    0.132257211208343506E+01   -0.474731326103210449E+01   -0.558005243539810181E+01    0.258888850450515740E-01
    0.390625000000000347E-02   -0.928825718433252787-309    0.199388659000396729E+04   -0.123398309946060181E+01    0.145549415524959991E+01    0.119076991081237793E+02    0.134545835030083305E+01    0.839485217437492270E+00   -0.516617238521575928E+01    0.155861508846282959E+01   -0.602991163730621338E+01   -0.119113352894783020E+02    0.166744827532768258E+00
    0.390625000000000347E-02   -0.928825718434122342-309    0.688409656286239624E+04    0.318497896194458008E+00    0.469176469816187047E+00    0.817335353493690491E+02    0.152052287782395407E+00    0.152573601565778427E+00    0.100029730796813965E+02    0.171931159496307373E+01   -0.137357139587402344E+02   -0.354041934013366699E+01    0.350564607954025276E+00
    0.390625000000000347E-02   -0.928825718426296342-309    0.654605561494827271E+04   -0.199519062042236328E+01    0.154762199322489025E+01    0.603168012499809265E+02    0.582666180145170132E+00    0.954630024835186441E+00   -0.307701766490936279E+01    0.158336383104324341E+01   -0.876657754182815552E+01   -0.140692269802093506E+02    0.288506458783149733E+00
    0.390625000000000347E-02   -0.928825718427165898-309    0.324103337526321411E+04   -0.236408412456512451E+00    0.692357271023959386E+00    0.164321774840354919E+02    0.107979280161294522E+01    0.106313585251558429E+01    0.118370479345321655E+02    0.191016203165054321E+01   -0.114748576283454895E+02   -0.842670053243637085E+01    0.476186690926551859E+00
    0.390625000000000347E-02   -0.928825718428035453-309    0.345853543281555176E+04   -0.174819493293762207E+01    0.136501367127435835E+01    0.137675144076347351E+02    0.146058078090358689E+01    0.914366399716443068E-01   -0.138364756107330322E+02    0.151011431217193604E+01   -0.688070476055145264E+01   -0.667977869510650635E+01    0.202572982907295224E+00
    0.390625000000000347E-02   -0.928825718428905009-309    0.194384163618087769E+04    0.715507209300994873E+00    0.792682673936395799E+00    0.822856197953224182E+02    0.793529459995732767E+00    0.517039253788838526E+00    0.861479222774505615E+01    0.122586935758590698E+01   -0.131746655702590942E+02   -0.129377147555351257E+02    0.170950652718544011E+00
    0.390625000000000347E-02   -0.928825718429774564-309    0.208992725610733032E+04   -0.321009933948516846E+00    0.986713898595576011E+00    0.983756064176559448E+02    0.205981299856499989E+00    0.408936395670883246E+00    0.146900689601898193E+02    0.188951599597930908E+01   -0.569291532039642334E+01   -0.688075214624404907E+01    0.271050479435920699E+00
    0.390625000000000347E-02   -0.928825718430644120-309    0.190655106306076050E+04    0.304560065269470215E-01    0.132978759002538371E+01    0.108396198749542236E+02    0.191893188092953804E+00    0.135477917484773114E-01   -0.110995101928710938E+02    0.179913628101348877E+01   -0.598787695169448853E+01   -0.690373063087463379E+01    0.428847701668739312E+00
    0.390625000000000347E-02   -0.928825718431513676-309    0.142423820495605469E+04   -0.196588462591171265E+01    0.146955263133039638E+01    0.922136217355728149E+01    0.698274908124161597E+00    0.635439931663749791E+00   -0.981542229652404785E+01    0.115775948762893677E+01   -0.127271533012390137E+02   -0.101970165967941284E+02    0.177863444352149958E+00
    0.390625000000000347E-02   -0.928825718432383231-309    0.305731630325317383E+04    0.310282111167907715E-01    0.467207009431064746E+00    0.650060847401618958E+02    0.969253307142162512E+00    0.246372257364862846E+00   -0.248680114746093750E+01    0.113308048248291016E+01   -0.130306300520896912E+02   -0.137550213932991028E+02    0.493914315390586889E+00
    0.390625000000000347E-02   -0.928825718433252787-309    0.731903016567230225E+03   -0.565104722976684570E+00    0.138152017689452222E+01    0.870817973613739014E+02    0.850376911714562866E+00    0.417192496736346119E+00   -0.433957457542419434E+01    0.177472335100173950E+01   -0.561917155981063843E+01   -0.130773246288299561E+02    0.284868625044822688E+00
    0.390625000000000347E-02   -0.928825718434122342-309    0.269214189052581787E+04   -0.762512087821960449E-01    0.404943638304101128E+00    0.730167970061302185E+02    0.295639780457811974E+00    0.107187188433780389E+00    0.102599912881851196E+02    0.108172261714935303E+01   -0.466562837362289429E+01   -0.139378067851066589E+02    0.196171888518333448E+00
    0.390625000000000347E-02   -0.928825718426296342-309    0.369364136457443237E+04    0.252762138843536377E+00    0.136022535894702856E+01    0.153052961826324463E+02    0.351390769224559085E+00    0.106973251293868366E+01   -0.117979824542999268E+01    0.184123569726943970E+01   -0.701587110757827759E+01   -0.130497515201568604E+01    0.202884613966941851E+00
    0.390625000000000347E-02   -0.928825718427165898-309    0.475168335437774658E+04   -0.161428332328796387E+01    0.108897586282436309E+01    0.795322962999343872E+02    0.147779546459283195E+01    0.662186474610335918E-01   -0.767902672290802002E+01    0.133498644828796387E+01   -0.345464318990707397E+01   -0.665262311697006226E+01    0.547676473188400292E+00
    0.390625000000000347E-02   -0.928825718428035453-309    0.255746799707412720E+04    0.659438133239746094E+00    0.154474531605419574E+01    0.113905654549598694E+02    0.539371950526727595E+00    0.103395829082159518E+01   -0.612209200859069824E+01    0.111007946729660034E+01   -0.139694541692733765E+01   -0.341461479663848877E+01    0.348164666676521295E+00
    0.390625000000000347E-02   -0.928825718428905009-309    0.257520413398742676E+04    0.809214115142822266E-01    0.131186220888541283E+01    0.537846202254295349E+02    0.148822192751400628E+01    0.393361865512044606E+00   -0.829354941844940186E+01    0.108147263526916504E+01   -0.171779751777648926E+01   -0.272354364395141602E+01    0.178064363479614254E-01
    0.390625000000000347E-02   -0.928825718429774564-309    0.577996122837066650E+04   -0.837945997714996338E+00    0.276017180387421013E+00    0.435947558283805847E+02    0.846005572053576960E+00    0.129063529632343754E+01   -0.145987200736999512E+02    0.130438834428787231E+01   -0.526760458946228027E+01   -0.246893763542175293E+00    0.316656187248229970E+00
    0.390625000000000347E-02   -0.928825718430644120-309    0.338877832889556885E+04   -0.424477398395538330E+00    0.915126503552188053E+00    0.397021238207817078E+02    0.508897939127547286E-01    0.193922454425756147E+00   -0.546349525451660156E+01    0.144883227348327637E+01   -0.723618775606155396E+01   -0.135698121786117554E+02    0.898985665798187339E-01
    0.390625000000000347E-02   -0.928825718431513676-309    0.357688552141189575E+04   -0.854465544223785400E+00    0.368972622597388666E+00    0.575615186691284180E+02    0.125754217002189428E+01    0.146903162562376166E+01   -0.751796901226043701E+01    0.112737756967544556E+01   -0.198505550622940063E+01   -0.137630948424339294E+02    0.213174170708656324E+00
    0.390625000000000347E-02   -0.928825718432383231-309    0.733871936798095703E+03   -0.113183349370956421E+01    0.122284578121791077E+01    0.794709155559539795E+02    0.153060910110992476E+01    0.418322665320975506E+00    0.738858282566070557E+01    0.101986068487167358E+01   -0.634184002876281738E+01   -0.705716460943222046E+01    0.526588801288604746E+00
    0.390625000000000347E-02   -0.928825718433252787-309    0.887857437133789062E+03    0.283475935459136963E+00    0.693060068065844970E+00    0.672948217391967773E+01    0.931424071334076675E+00    0.855206460724664441E+00   -0.116101008653640747E+02    0.105945169925689697E+01   -0.907244592905044556E+01   -0.122502163052558899E+02    0.372870929932594297E+00
    0.390625000000000347E-02   -0.928825718434122342-309    0.182964217662811279E+04   -0.448198497295379639E+00    0.149749040957816781E+01    0.343111159801483154E+02    0.139333916749477260E+01    0.850437300972874954E+00   -0.532743752002716064E+01    0.180637395381927490E+01   -0.741615593433380127E+01   -0.799402892589569092E+01    0.468001650309562700E+00
    0.390625000000000347E-02   -0.928825718426296342-309    0.539428609609603882E+04   -0.165600830316543579E+01    0.840734487563671640E+00    0.654782479405403137E+02    0.897754204208963263E-01    0.180529708586991883E+00   -0.404543280601501465E+01    0.105866956710815430E+01   -0.844194710254669189E+01   -0.129175204038619995E+02    0.503047282147407571E+00
    0.390625000000000347E-02   -0.928825718427165898-309    0.581789016723632812E+01   -0.273424863815307617E+00    0.995059662524607647E+00    0.607269464135169983E+02    0.101334289606194106E+01    0.150239430335891821E+01   -0.138660353422164917E+02    0.191583436727523804E+01   -0.217986792325973511E+01   -0.627257823944091797E+01    0.269019691658020033E+00
    0.390625000000000347E-02   -0.928825718428035453-309    0.530702233314514160E+03    0.720832467079162598E+00    0.803843275782258226E+00    0.701730841398239136E+02    0.420079571417452224E+00    0.122848033099964749E+01   -0.641448497772216797E+00    0.125877952575683594E+01   -0.307675480842590332E+01   -0.641757041215896606E+01    0.504663471651077278E+00
    0.390625000000000347E-02   -0.928825718428905009-309    0.166672289371490479E+03   -0.616701841354370117E-01    0.746813028828137049E+00    0.756370620131492615E+02    0.102209278464420739E+01    0.111324489290110651E+01   -0.141241890192031860E+02    0.125926822423934937E+01   -0.202778220176696777E+01   -0.143947452306747437E+02    0.332495055913925197E+00
    0.390625000000000347E-02   -0.928825718429774564-309    0.208742052316665649E+04   -0.149346482753753662E+01    0.827124781720832924E+00    0.697022073268890381E+02    0.127882409366515204E+01    0.405757392761223301E+00   -0.818907201290130615E+01    0.166871011257171631E+01   -0.669523894786834717E+01   -0.137835296988487244E+02    0.560934747362136887E+00
    0.390625000000000347E-02   -0.928825718430644120-309    0.187126278877258301E+04    0.592648983001708984E+00    0.136900532364958294E+01    0.937004908919334412E+02    0.979887527837282057E+00    0.119015749492827227E+01    0.122469395399093628E+02    0.178475749492645264E+01   -0.939834147691726685E+01   -0.986613929271697998E+01    0.841036413431167640E-01
    0.390625000000000347E-02   -0.928825718431513676-309    0.399143064022064209E+04    0.726576685905456543E+00    0.719942155460019273E+00    0.531849217414855957E+01    0.107914443632021384E+01    0.717534961948425698E+00    0.621466040611267090E+01    0.114110565185546875E+01   -0.157111197710037231E+01   -0.143310543894767761E+02    0.176381678581237801E-01
    0.390625000000000347E-02   -0.928825718432383231-309    0.440883755683898926E+03   -0.767291069030761719E+00    0.133440550748252784E+01    0.854856855869293213E+02    0.138170061257652987E+01    0.691687142242984221E+00    0.600404977798461914E+01    0.177577424049377441E+01   -0.920445710420608521E+01   -0.229478895664215088E+01    0.165310041832923887E+00
    0.390625000000000347E-02   -0.928825718433252787-309    0.149632346630096436E+04   -0.155571031570434570E+01    0.611737579680307064E+00    0.390457711815834045E+02    0.679579330018291183E+00    0.125453581485227716E+01    0.929726421833038330E+01    0.174289947748184204E+01   -0.312742888927459717E+00   -0.541185736656188965E+00    0.302309558486938468E+00
    0.390625000000000347E-02   -0.928825718434122342-309    0.327341562509536743E+04    0.320839643478393555E+00    0.607142545798898259E+00    0.988326634168624878E+02    0.113840043636474952E+01    0.821714578064747014E+00   -0.200784444808959961E+01    0.646602493524551392E+01   -0.815126270055770874E+01   -0.364413321018218994E+01    0.401196944546699519E+00
    0.390625000000000347E-02   -0.928825718426296342-309    0.229536169767379761E+04   -0.126586616039276123E+01    0.103533947869564691E+01    0.589943241477012634E+02    0.630610289026891091E+00    0.965660754846510594E+00    0.109142196178436279E+02    0.176898664236068726E+01   -0.930565774440765381E+01   -0.146457910537719727E+02    0.292027814698219312E+00
    0.390625000000000347E-02   -0.928825718427165898-309    0.208557051420211792E+04    0.443562865257263184E-01    0.873241946206333330E+00    0.862113025188446045E+02    0.568492774405930379E+00    0.156075026938771022E+01   -0.377039015293121338E+01    0.113416999578475952E+01   -0.139391756057739258E+02   -0.141206583380699158E+02    0.168460367774963371E+00
    0.390625000000000347E-02   -0.928825718428035453-309    0.555313444137573242E+04   -0.153011113405227661E+01    0.252370015148625892E+00    0.437354559302330017E+02    0.847181898629443375E+00    0.152364430027801401E+01    0.126521837711334229E+02    0.194197571277618408E+01   -0.978036403656005859E+01   -0.158929288387298584E+01    0.153873721003532415E+00
    0.390625000000000347E-02   -0.928825718428905009-309    0.440345484018325806E+04   -0.195418715476989746E+01    0.970852998501759212E+00    0.514897227287292480E+00    0.143363406395037840E+01    0.235559584070761940E+00   -0.467188417911529541E+01    0.129649031162261963E+01   -0.655671983957290649E+01   -0.104184892773628235E+02    0.170796065425872806E+00
    0.390625000000000347E-02   -0.928825718429774564-309    0.257521331310272217E+03    0.855182528495788574E+00    0.170131896758408008E+00    0.599136722087860107E+01    0.104453670996949932E+01    0.144976005570837763E+01   -0.929273843765258789E+01    0.105888736248016357E+01   -0.131588271260261536E+02   -0.738052636384963989E+01    0.537169381999969553E+00
    0.390625000000000347E-02   -0.928825718430644120-309    0.733167648315429688E+03   -0.997731804847717285E+00    0.131214071766146056E+01    0.400991690754890442E+02    0.133155290434033646E+01    0.771834455100268491E+00    0.245904386043548584E+01    0.114253473281860352E+01   -0.104826888442039490E+02   -0.660916149616241455E+01    0.126669939851760865E+00
    0.390625000000000347E-02   -0.928825718431513676-309    0.129989206790924072E+03   -0.673921048641204834E+00    0.153062170567116707E+01    0.181439992189407349E+02    0.493230437598935034E+00    0.108381173016030785E+01   -0.440649747848510742E+01    0.116687792539596558E+01   -0.115570378303527832E+02   -0.108586460351943970E+02    0.240920764446258540E+00
    0.390625000000000347E-02   -0.928825718432383231-309    0.850309431552886963E+03    0.345510244369506836E-01    0.145838852186102819E+01    0.756590545177459717E+01    0.126470021648040398E+01    0.820811267112505738E+00    0.115311616659164429E+02    0.119313299655914307E+01   -0.324086576700210571E+01   -0.194808840751647949E+01    0.436217261052131655E+00
    0.390625000000000347E-02   -0.928825718433252787-309    0.358632206916809082E+03   -0.944213509559631348E+00    0.107019730542625258E+01    0.880961315631866455E+02    0.524861769342295892E+00    0.437474767494334338E+00   -0.910189747810363770E+01    0.130678570270538330E+01   -0.514646619558334351E+01   -0.141243642568588257E+02    0.570469347667694082E+00
    0.390625000000000347E-02   -0.928825718434122342-309    0.571165734529495239E+04   -0.110463303327560425E+01    0.115935039270283680E+01    0.485025599598884583E+02    0.823601531726798175E+00    0.802298916570227394E-01    0.975213646888732910E+01    0.189035284519195557E+01   -0.868245720863342285E+01   -0.200367361307144165E+01    0.209078920984268196E+00
    0.390625000000000347E-02   -0.928825718426296342-309    0.810964405536651611E+03   -0.882461726665496826E+00    0.107474075719689366E+01    0.893397849798202515E+02    0.794777879174545371E-01    0.131690247027380941E+00    0.105304223299026489E+02    0.174546903371810913E+01   -0.118242260813713074E+02   -0.351200848817825317E+01    0.157191837787628186E+00
    0.390625000000000347E-02   -0.928825718427165898-309    0.327697336673736572E+03    0.292651772499084473E+00    0.118650390365618330E+01    0.519249760508537292E+02    0.980727734355256064E+00    0.690793006712936197E+00   -0.540697574615478516E-01    0.139417636394500732E+01   -0.432211697101593018E+01   -0.137343236804008484E+02    0.605974681377410909E-01
    0.390625000000000347E-02   -0.928825718428035453-309    0.576997143030166626E+04    0.186904609203338623E+00    0.122119436629966605E+01    0.640644019246101379E+02    0.647413108611771704E+00    0.103933480734651784E+01   -0.148944962024688721E+02    0.106121981143951416E+01   -0.163087159395217896E+01   -0.130437907576560974E+02    0.172016148447990430E+00
    0.390625000000000347E-02   -0.928825718428905009-309    0.332404386997222900E+04   -0.167000013589859009E+01    0.133676348522892563E+01    0.147866637110710144E+02    0.880591015236108166E+00    0.193546917503135935E+00    0.738299489021301270E+00    0.139796739816665649E+01   -0.168774783611297607E+01   -0.121960008144378662E+02    0.382825416755676273E+00
    0.390625000000000347E-02   -0.928825718429774564-309    0.472299653291702271E+04   -0.113853293657302856E+01    0.534488961887271796E+00    0.790180245637893677E+02    0.922043700169679958E+00    0.237164440313751917E+00   -0.137036526203155518E+02    0.118367069959640503E+01   -0.148139664530754089E+02   -0.507826656103134155E+01    0.559534113478660555E+00
    0.390625000000000347E-02   -0.928825718430644120-309    0.601806163787841797E+04    0.149599373340606689E+00    0.133988521205569278E+01    0.412476180195808411E+02    0.316101627335866386E+00    0.183226720951239541E+00    0.494762063026428223E+00    0.182750064134597778E+01   -0.801351249217987061E+01   -0.622592568397521973E+00    0.200609918761253364E+00
    0.390625000000000347E-02   -0.928825718431513676-309    0.305460011959075928E+04    0.580135583877563477E-01    0.125169651658958836E+01    0.237852625250816345E+02    0.743007900118546449E+00    0.619087550407147802E+00   -0.694227039813995361E+01    0.165786486864089966E+01   -0.108293107151985168E+02   -0.763419181108474731E+01    0.322370219421386717E+00
    0.390625000000000347E-02   -0.928825718432383231-309    0.169534087181091309E+02   -0.174616235494613647E+01    0.853718572194409275E+00    0.341423513889312744E+02    0.136047346058615992E+01    0.254974590177982019E+00   -0.613676548004150391E+01    0.140969616174697876E+01   -0.910105526447296143E+01   -0.127126246690750122E+02    0.890891582965850845E-02
    0.390625000000000347E-02   -0.928825718433252787-309    0.431687366962432861E+04    0.908476054668426514E+00    0.873666654064949588E+00    0.212786303758621216E+02    0.893759056857897027E+00    0.523415142318759519E+00    0.736796379089355469E+01    0.119548743963241577E+01   -0.931539863348007202E+01   -0.707489311695098877E+01    0.470067101669311538E+00
    0.390625000000000347E-02   -0.928825718434122342-309    0.238894528150558472E+04    0.664068698883056641E+00    0.591528250833172176E+00    0.900894125103950500E+02    0.475259811473081661E+00    0.962026164136932926E-01   -0.130016469955444336E+02    0.113735967874526978E+01   -0.673560529947280884E+01   -0.310191661119461060E+01    0.558824294757843010E+00
    0.390625000000000347E-02   -0.928825718426296342-309    0.443770921230316162E+04   -0.205211102962493896E+00    0.102333002334091794E+01    0.508047922253608704E+02    0.500597927113017205E+00    0.600307708219911640E+00   -0.123301416635513306E+02    0.190820187330245972E+01   -0.532606601715087891E+01   -0.547027766704559326E+01    0.455500891399383545E+00
    0.390625000000000347E-02   -0.928825718427165898-309    0.657992947101593018E+04   -0.559265196323394775E+00    0.556489310042182161E+00    0.987393826246261597E+02    0.301847140825001359E+00    0.925593652290863544E+00    0.139821016788482666E+02    0.145858049392700195E+01   -0.118664512038230896E+02   -0.563511639833450317E+01    0.317226737523078950E+00
    0.390625000000000347E-02   -0.928825718428035453-309    0.391702556610107422E+04   -0.116199493408203125E+00    0.836204946205766242E+00    0.645915139317512512E+02    0.117541933259036765E+00    0.549359397583986220E+00    0.638075172901153564E+01    0.128325843811035156E+01   -0.739617437124252319E+01   -0.121520671248435974E+02    0.443059360814094583E+00
    0.390625000000000347E-02   -0.928825718428905009-309    0.136451637744903564E+04   -0.166679275035858154E+01    0.103312262005000099E+01    0.646863997578620911E+02    0.587548721899775139E+00    0.110646537942144341E+01   -0.104904770851135254E+00    0.134883683919906616E+01   -0.609299093484878540E+01   -0.821390837430953979E+01    0.100434282517433165E+00
    0.390625000000000347E-02   -0.928825718429774564-309    0.249010497331619263E+04   -0.195758819580078125E+01    0.514662867961856008E+00    0.202656887769699097E+02    0.155572120175828577E+01    0.115388302504814244E+01   -0.510190844535827637E+01    0.169440138339996338E+01   -0.404645204544067383E+01   -0.109735697507858276E+02    0.686693744659423871E-01
    0.390625000000000347E-02   -0.928825718430644120-309    0.632339155673980713E+04   -0.124711340665817261E+01    0.137405111015413861E+01    0.330654385685920715E+02    0.946598253479670748E+00    0.124952350641236887E+01   -0.492102921009063721E+01    0.133808225393295288E+01   -0.594677031040191650E+00   -0.551057070493698120E+01    0.126024910640716553E+00
    0.390625000000000347E-02   -0.928825718431513676-309    0.319079065322875977E+04   -0.153607439994812012E+01    0.965201406335884915E+00    0.804883241057395935E+02    0.156182051684781276E+01    0.121656941584507927E+01    0.333527326583862305E+01    0.177140921354293823E+01   -0.431052893400192261E+01   -0.320664256811141968E+01    0.447176036453247105E+00
    0.390625000000000347E-02   -0.928825718432383231-309    0.664876699447631836E+02   -0.904904127120971680E+00    0.475105826735991943E+00    0.589853430390357971E+02    0.421896398638455683E+00    0.229007396357272380E+00   -0.659756183624267578E+01    0.149971538782119751E+01   -0.741198331117630005E+01   -0.207428723573684692E+01    0.385205945062637334E+00
    0.390625000000000347E-02   -0.928825718433252787-309    0.740616083145141602E+03   -0.188156169652938843E+01    0.104333646263096069E+01    0.979854238629341125E+02    0.764025796306857963E+00    0.536393308877204031E-01    0.444252133369445801E+01    0.199507808685302734E+01   -0.170641422271728516E+01   -0.104920917749404907E+02    0.213942160105705270E+00
    0.390625000000000347E-02   -0.928825718434122342-309    0.472167599201202393E+04   -0.581952929496765137E-01    0.655702456819069135E+00    0.496112961173057556E+02    0.152198757481160563E+01    0.149111555606810753E+01   -0.206563353538513184E+01    0.132458108663558960E+01   -0.111720576882362366E+02   -0.474050849676132202E+01    0.231494760775566105E+00
    0.390625000000000347E-02   -0.928825718426296342-309    0.271253287792205811E+03   -0.109169852733612061E+01    0.631157397997522795E+00    0.821339913010597229E+02    0.552451702116596555E+00    0.103414498257519893E+01   -0.716102600097656250E+01    0.118002182245254517E+01   -0.142350715398788452E+02   -0.237977206707000732E+01    0.917729588270187469E-01
    0.390625000000000347E-02   -0.928825718427165898-309    0.543249875307083130E+04   -0.185242253541946411E+01    0.499634013225633389E+00    0.767871513962745667E+02    0.595319087349542864E+00    0.793781690479287705E-01    0.276085495948791504E+01    0.140559291839599609E+01   -0.435396820306777954E+01   -0.490038692951202393E+01    0.711951759338378953E-01
    0.390625000000000347E-02   -0.928825718428035453-309    0.501644533872604370E+04   -0.283386588096618652E+00    0.106473689488541412E+01    0.425550361275672913E+02    0.471225809017830122E+00    0.216887225400645672E+00    0.975512266159057617E+00    0.166559445858001709E+01   -0.124155119061470032E+02   -0.700884371995925903E+01    0.423321112132072463E+00
    0.390625000000000347E-02   -0.928825718428905009-309    0.432761490345001221E+04    0.540341615676879883E+00    0.426942982311285746E+00    0.988263199925422668E+02    0.980404347536325549E+00    0.159374836453082425E+00    0.118925034999847412E+02    0.125719863176345825E+01   -0.403942465782165527E+01   -0.760836660861968994E+01    0.689371642827987657E-01
    0.390625000000000347E-02   -0.928825718429774564-309    0.349932366609573364E+04    0.423905670642852783E+00    0.526870302414685132E+00    0.144661939144134521E+02    0.502815383227536383E+00    0.205725417929419202E+00   -0.126051717996597290E+02    0.105959439277648926E+01   -0.147910863161087036E+01   -0.113625106215476990E+02    0.336192732095718372E+00
    0.390625000000000347E-02   -0.928825718430644120-309    0.398291826248168945E+04   -0.131417417526245117E+01    0.132773567464968378E+01    0.225900256633758545E+02    0.146400583493083492E+01    0.800915674861229387E+00    0.143165212869644165E+02    0.168322086334228516E+01   -0.137245550751686096E+02   -0.390684396028518677E+01    0.557398447895050109E+00
    0.390625000000000347E-02   -0.928825718431513676-309    0.183798933029174805E+04   -0.159281492233276367E+01    0.758526334741882469E+00    0.237279946804046631E+02    0.108415318694335339E+01    0.474005400181816305E+00   -0.653066039085388184E+01    0.115798908472061157E+01   -0.389463990926742554E+01   -0.126771748065948486E+02    0.446356461095809953E+00
    0.390625000000000347E-02   -0.928825718432383231-309    0.206645333766937256E+04   -0.156665515899658203E+01    0.871366586844855351E+00    0.799153034090995789E+02    0.762135284828038051E+00    0.108836976157489751E+01   -0.860581398010253906E+00    0.131936311721801758E+01   -0.118337729573249817E+02   -0.116940826177597046E+01    0.410416570258140601E+00
    0.390625000000000347E-02   -0.928825718433252787-309    0.693524676561355591E+04   -0.124751198291778564E+01    0.797266297075576169E+00    0.208747873306274414E+02    0.132327714165588817E+01    0.719050217384896717E+00   -0.725008964538574219E+01    0.130923938751220703E+01   -0.926936030387878418E+01   -0.112134727835655212E+02    0.465272848534584060E+00
    0.390625000000000347E-02   -0.928825718434122342-309    0.319114780426025391E+04   -0.125954794883728027E+01    0.731204467327745578E+00    0.894132742881774902E+02    0.621013920933926822E+00    0.691935440402742130E+00   -0.568568408489227295E+01    0.189629662036895752E+01   -0.705966353416442871E+00   -0.363347589969635010E+01    0.144596538734436036E+00
    0.390625000000000347E-02   -0.928825718426296342-309    0.141919094324111938E+04   -0.824925839900970459E+00    0.441053536940794910E+00    0.324838144183158875E+02    0.113804090961758875E+01    0.145814077398750475E+01    0.520970463752746582E+01    0.178263372182846069E+01   -0.697733670473098755E+01   -0.492288172245025635E+01    0.444624578475952131E-01
    0.390625000000000347E-02   -0.928825718427165898-309    0.581750506162643433E+04    0.824853181838989258E+00    0.125029973306159947E+01    0.680074095726013184E-01    0.131600693034240512E+01    0.918971899896868782E-01    0.173542857170104980E+01    0.159227466583251953E+01   -0.613389909267425537E+00   -0.502263307571411133E+00    0.509996136188507143E+00
    0.390625000000000347E-02   -0.928825718428035453-309    0.659661376476287842E+04   -0.276610255241394043E-01    0.649948374103168525E+00    0.397645726203918457E+02    0.114377751465021471E+01    0.499691994611577872E+00   -0.142658579349517822E+02    0.114266455173492432E+01   -0.694180727005004883E+01   -0.897177189588546753E+01    0.521115776538848885E+00
    0.390625000000000347E-02   -0.928825718428905009-309    0.148976165056228638E+04    0.953053832054138184E-01    0.139730776982749250E+01    0.953669291138648987E+02    0.415048631252886324E+00    0.798316034324337731E+00   -0.128992134332656860E+02    0.144752174615859985E+01   -0.129349976778030396E+01   -0.773873358964920044E+01    0.156846225500106823E+00
    0.390625000000000347E-02   -0.928825718429774564-309    0.487704753875732422E+04   -0.150749564170837402E+01    0.331507523221877820E+00    0.131994150280952454E+02    0.131160666001348369E+01    0.668919455591733603E+00    0.112419104576110840E+02    0.191202616691589355E+01   -0.431824922561645508E+00   -0.120140808820724487E+02    0.517496536946296715E+00
    0.390625000000000347E-02   -0.928825718430644120-309    0.207507753372192383E+04   -0.196190530061721802E+01    0.113487237554959330E+01    0.212773203849792480E+01    0.137268379410984798E+01    0.540361117215204856E+00   -0.170863687992095947E+01    0.173018848896026611E+01   -0.177334874868392944E+01   -0.527462750673294067E+01    0.553935808539390617E+00
    0.390625000000000347E-02   -0.928825718431513676-309    0.110845953226089478E+04    0.508464455604553223E+00    0.606817661120770402E+00    0.936744149923324585E+02    0.143853898249992396E+01    0.781821995784284240E+00   -0.989151477813720703E+01    0.935793709754943848E+01   -0.149694460630416870E+02   -0.126840957999229431E+02    0.569334115362167381E+00
    0.390625000000000347E-02   -0.928825718432383231-309    0.656937766075134277E+04   -0.533751845359802246E+00    0.125715969320476884E+01    0.478552887439727783E+02    0.108737160671774125E+01    0.147253410897910930E+01   -0.218777418136596680E+01    0.101212304830551147E+01   -0.123957341909408569E+02   -0.141183838248252869E+02    0.510766752648353584E+00
    0.390625000000000347E-02   -0.928825718433252787-309    0.223296207189559937E+04    0.167223811149597168E-01    0.992812307618373358E+00    0.574797209501266479E+02    0.130688908860484143E+01    0.837916220242461263E+00   -0.787988662719726562E+01    0.174808847904205322E+01   -0.159340649843215942E+01   -0.120063605904579163E+02    0.815226033210754431E-01
    0.390625000000000347E-02   -0.928825718434122342-309    0.614596301317214966E+04   -0.803651452064514160E+00    0.124371001097211198E+01    0.513085073232650757E+01    0.974080702736851434E+00    0.428220698825229285E+00   -0.739871263504028320E+01    0.112099444866180420E+01   -0.102336931228637695E+02   -0.454594016075134277E+01    0.570021245813369770E+00
    0.390625000000000347E-02   -0.928825718426296342-309    0.493695753812789917E+04    0.433943748474121094E+00    0.100924910599000861E+01    0.354049052596092224E+02    0.713765267828391559E+00    0.107618779695860267E+01   -0.212257146835327148E+01    0.137494224309921265E+01   -0.387161493301391602E+01   -0.128995835781097412E+01    0.503480508685112071E+00
    0.390625000000000347E-02   -0.928825718427165898-309    0.114440160989761353E+04   -0.106264930963516235E+01    0.112564403185596840E+01    0.836875165700912476E+02    0.491328503655752147E+00    0.118784725469749364E+01   -0.425239205360412598E+00    0.174655210971832275E+01   -0.112721389532089233E+02   -0.753419727087020874E+01    0.421252249002456669E+00
    0.390625000000000347E-02   -0.928825718428035453-309    0.541375291347503662E+04   -0.190617364645004272E+01    0.155237262133206322E+01    0.160056515336036682E+02    0.109632953395422406E+01    0.570715005485060378E+00   -0.681577026844024658E+01    0.161054265499114990E+01   -0.576098889112472534E+01   -0.262099117040634155E+01    0.486921654224395761E+00
    0.390625000000000347E-02   -0.928825718428905009-309    0.276593989133834839E+04   -0.176629126071929932E+00    0.468710256223847155E+00    0.141317272782325745E+02    0.115531251837513449E+01    0.967184062184089921E+00   -0.765085816383361816E+00    0.105518269538879395E+01   -0.119751182198524475E+02   -0.841169536113739014E+01    0.394513287377357469E+00
    0.390625000000000347E-02   -0.928825718429774564-309    0.452074348926544189E+04    0.188423275947570801E+00    0.131389287389043163E+01    0.576881924271583557E+02    0.699114084747807785E+00    0.533478146168976042E+00   -0.999319195747375488E+01    0.185366290807723999E+01   -0.125590038299560547E+02   -0.515529870986938477E+01    0.295013283920288083E+00
    0.390625000000000347E-02   -0.928825718430644120-309    0.641189157962799072E+03    0.162449479103088379E+00    0.505900861209924835E+00    0.395188136100769043E+02    0.774415370285745586E+00    0.849361248653833889E+00   -0.506588816642761230E+01    0.176323437690734863E+01   -0.301488965749740601E+01   -0.121748873591423035E+02    0.546436294841766368E+00
    0.390625000000000347E-02   -0.928825718431513676-309    0.576120662689208984E+04    0.382933318614959717E+00    0.136261268827607807E+01    0.584419328570365906E+02    0.871546670502846954E+00    0.155916470025667731E+01   -0.956877171993255615E+01    0.169008356332778931E+01   -0.121065026521682739E+02   -0.116866010427474976E+02    0.290443286418914814E+00
    0.390625000000000347E-02   -0.928825718432383231-309    0.552297729253768921E+04    0.684682905673980713E+00    0.115720996921837505E+01    0.667314371466636658E+02    0.245347512508697768E+00    0.500131759489550243E+00    0.105226349830627441E+02    0.162947475910186768E+01   -0.109162312746047974E+02   -0.159678518772125244E+01    0.167201015281677245E+00
    0.390625000000000347E-02   -0.928825718433252787-309    0.694051432609558105E+04    0.556175410747528076E+00    0.941979007209423513E+00    0.368859089612960815E+02    0.266652374707438355E+00    0.972925254927812344E+00    0.150644302368164062E+01    0.180248743295669556E+01   -0.146316280961036682E+02   -0.946007430553436279E+01    0.449076869916915922E+00
    0.390625000000000347E-02   -0.928825718434122342-309    0.378692620992660522E+04   -0.338739156723022461E-01    0.126099933287339949E+01    0.618156904578208923E+02    0.143285246778233222E+01    0.141534501322371931E+01    0.126932948827743530E+02    0.182227033376693726E+01   -0.355317771434783936E+01   -0.477892756462097168E+00    0.177256661081314104E+00
    0.390625000000000347E-02   -0.928825718426296342-309    0.464855974912643433E+04    0.236556768417358398E+00    0.764538623671724982E+00    0.377053967714309692E+02    0.883178952428365749E+00    0.548067067456106227E+00    0.114874684810638428E+02    0.143601775169372559E+01   -0.175319552421569824E+01   -0.617109507322311401E+01    0.225839922809600829E+00
    0.390625000000000347E-02   -0.928825718427165898-309    0.547435384988784790E+04   -0.613032400608062744E+00    0.895905594487350188E+00    0.416134123206138611E+02    0.650423115224914805E+00    0.795194705497034859E+00    0.287676572799682617E+01    0.171435433626174927E+01   -0.137649402022361755E+02   -0.140391469001770020E+02    0.530531374311447146E+00
    0.390625000000000347E-02   -0.928825718428035453-309    0.650847464799880981E+04   -0.193817114830017090E+01    0.889400451387794777E+00    0.294288507699966431E+02    0.141184590043162639E+01    0.243231641425602829E+00    0.739119172096252441E+01    0.166264402866363525E+01   -0.107376140356063843E+02   -0.409885257482528687E+01    0.211012848615646370E-01
    0.390625000000000347E-02   -0.928825718428905009-309    0.158876883983612061E+04    0.736053824424743652E+00    0.919146456734439288E+00    0.178785018324851990E+02    0.113796207588813325E+01    0.289094708377859999E+00    0.247678220272064209E+01    0.119348704814910889E+01   -0.903548777103424072E+01   -0.208680778741836548E+01    0.950190531492233342E-01
    0.390625000000000347E-02   -0.928825718429774564-309    0.552800744771957397E+04   -0.175602412223815918E+01    0.103824916146195045E+01    0.567293853163719177E+02    0.854628690006766334E+00    0.141143094664427848E+01    0.139039278030395508E+01    0.118681585788726807E+01   -0.100899749994277954E+02   -0.137941065430641174E+02    0.986456621646881193E-01
    0.390625000000000347E-02   -0.928825718430644120-309    0.161849039793014526E+04   -0.146373039484024048E+01    0.103454075882027907E+01    0.861733422875404358E+02    0.809224862297952763E+00    0.144934931512509801E+01    0.148600012063980103E+02    0.146711742877960205E+01   -0.444986253976821899E+01   -0.112542906403541565E+02    0.171178593063354506E+00
    0.390625000000000347E-02   -0.928825718431513676-309    0.102437925338745117E+04    0.532229542732238770E+00    0.118465269988831956E+01    0.697393591403961182E+02    0.978094481812575078E+00    0.190653569829305980E+00   -0.721322894096374512E+01    0.123519700765609741E+01   -0.155332893133163452E+01   -0.137133148312568665E+02    0.336574202084541307E+00
    0.390625000000000347E-02   -0.928825718432383231-309    0.487589806318283081E+04   -0.634809076786041260E+00    0.116110896418859988E+01    0.351494865417480469E+02    0.235083398384288156E+00    0.446990522949458680E+00   -0.646152734756469727E+01    0.178631854057312012E+01   -0.910632848739624023E+01   -0.625543177127838135E+01    0.424223354673385622E+00
    0.390625000000000347E-02   -0.928825718433252787-309    0.223328292369842529E+04    0.721016645431518555E+00    0.119275269060489819E+01    0.718098056316375732E+01    0.533733091828486161E+00    0.115532674964220949E+01    0.816815435886383057E+01    0.162270808219909668E+01   -0.874143362045288086E+01   -0.144388854503631592E+02    0.398111373996734630E+00
    0.390625000000000347E-02   -0.928825718434122342-309    0.432604193687438965E+04   -0.768394708633422852E+00    0.107365599293675151E+01    0.194979810118675232E+02    0.427375810969401693E+00    0.938074099008707640E+00    0.127524715662002563E+02    0.103402328491210938E+01   -0.116701582074165344E+02   -0.102252951264381409E+02    0.452480963301658656E+00
    0.390625000000000347E-02   -0.928825718426296342-309    0.463682216405868530E+04   -0.172141772508621216E+01    0.626384369485980308E+00    0.660692721605300903E+02    0.560097824859728144E+00    0.690583376403849480E+00   -0.545535385608673096E+01    0.113308745622634888E+01   -0.874463886022567749E+01   -0.107792606949806213E+02    0.400389003324508663E+00
    0.390625000000000347E-02   -0.928825718427165898-309    0.233384096622467041E+04   -0.111498475074768066E+01    0.120531857851218338E+01    0.600861071348190308E+02    0.484808991680481083E+00    0.153878440228403357E+01    0.425620257854461670E+01    0.130667144060134888E+01   -0.247577637434005737E+01   -0.903937518596649170E+01    0.122705463266372689E+00
    0.390625000000000347E-02   -0.928825718428035453-309    0.368959879875183105E+04   -0.590338408946990967E+00    0.146528803725503454E+01    0.701793626546859741E+02    0.817568504381278927E+00    0.132067937365413801E+01    0.101882976293563843E+02    0.146143007278442383E+01   -0.709411025047302246E+01   -0.119462227821350098E+02    0.156426066040992739E+00
    0.390625000000000347E-02   -0.928825718428905009-309    0.664249765872955322E+04    0.392808675765991211E+00    0.154563067574102253E+01    0.895571903586387634E+02    0.685474351523884695E+00    0.785995689361088795E-01   -0.134554177522659302E+02    0.198797291517257690E+01   -0.243028432130813599E+01   -0.104510217905044556E+01    0.396862870931625408E-01
    0.390625000000000347E-02   -0.928825718429774564-309    0.177511447668075562E+04   -0.155104076862335205E+01    0.133455264814202756E+01    0.220944419503211975E+02    0.712371446295844368E+00    0.349904350829266575E+00   -0.113689327239990234E+02    0.100587242841720581E+01   -0.933460950851440430E+01   -0.720915198326110840E+01    0.101721782112121586E+00
    0.390625000000000347E-02   -0.928825718430644120-309    0.507234781980514526E+04   -0.160293793678283691E+01    0.110622634637855111E+01    0.422241336107254028E+01    0.456320710172064159E+00    0.125028553458818670E+01    0.103364503383636475E+02    0.191431516408920288E+01   -0.462125837802886963E+00   -0.287891238927841187E+01    0.146985289406776437E+00
    0.390625000000000347E-02   -0.928825718431513676-309    0.386075675487518311E+04   -0.134169238805770874E+01    0.105327509343077441E+01    0.297254043817520142E+02    0.119554917898784074E+01    0.982516567175894640E+00   -0.843984425067901611E+01    0.173911809921264648E+01   -0.223570883274078369E+01   -0.100900018215179443E+02    0.218197865366935750E+00
    0.390625000000000347E-02   -0.928825718432383231-309    0.197530096769332886E+04   -0.136229568719863892E+01    0.131170540378362865E+01    0.351536112427711487E+02    0.121932354053114156E+01    0.141450901990981381E+01    0.782586514949798584E+01    0.110644507408142090E+01   -0.670954495668411255E+01   -0.950012683868408203E+01    0.253958979463577261E+00
    0.390625000000000347E-02   -0.928825718433252787-309    0.564002603292465210E+04    0.893356800079345703E-01    0.463008413113813466E+00    0.206704759597778320E+01    0.119141986449388892E+01    0.944485191199287977E-01    0.480150640010833740E+01    0.179917597770690918E+01   -0.331902891397476196E+01   -0.111989521980285645E+02    0.317489273214340229E+00
    0.390625000000000347E-02   -0.928825718434122342-309    0.199058127403259277E+04   -0.144134217500686646E+01    0.689418014640970744E+00    0.887856352329254150E+02    0.518777340907143558E+00    0.349701648900203277E+00   -0.918849170207977295E+01    0.138422912359237671E+01   -0.634443730115890503E+01   -0.127809512615203857E+02    0.555498842668533332E+00
    0.390625000000000347E-02   -0.928825718426296342-309    0.347304886579513550E+04    0.371567726135253906E+00    0.689715849028058936E+00    0.982225499153137207E+02    0.110755350959214716E+01    0.513360471249922345E+00    0.238498985767364502E+01    0.120152133703231812E+01   -0.985586643218994141E-01   -0.396398216485977173E+01    0.425660938024520874E+00
    0.390625000000000347E-02   -0.928825718427165898-309    0.459284210205078125E+04   -0.165243166685104370E+01    0.111040810257474210E+01    0.216635139584541321E+02    0.952310421928700412E+00    0.697736273390720085E+00   -0.777655005455017090E+01    0.135852336883544922E+01   -0.384678483009338379E+01   -0.594714134931564331E+01    0.123212725210189819E+00
    0.390625000000000347E-02   -0.928825718428035453-309    0.189072793722152710E+04   -0.107140976190567017E+01    0.134991603391945225E+01    0.184038730859756470E+02    0.110525946679034193E+01    0.129364811173929262E+01    0.127531278133392334E+02    0.167418611049652100E+01   -0.130576908588409424E+01   -0.774450749158859253E+01    0.271298208045959499E+00
    0.390625000000000347E-02   -0.928825718428905009-309    0.482236880064010620E+04    0.378723323345184326E+00    0.342623464659176258E+00    0.831614903211593628E+02    0.279150142375340860E+00    0.127350159977906041E+01   -0.392034888267517090E+01    0.102511459589004517E+01   -0.129366382956504822E+02   -0.840894609689712524E+01    0.336576999735832216E+00
    0.390625000000000347E-02   -0.928825718429774564-309    0.191437500715255737E+04   -0.496958017349243164E+00    0.104741839819768279E+01    0.858063206076622009E+02    0.114421484523250294E+01    0.469261519654436521E+00    0.813965499401092529E+01    0.192070043087005615E+01   -0.442300289869308472E+01   -0.583169639110565186E+01    0.388978748416900666E+00
    0.390625000000000347E-02   -0.928825718430644120-309    0.186966520547866821E+04   -0.155838286876678467E+01    0.646741949665087246E+00    0.137163657546043396E+02    0.922831288450178922E+00    0.103656504699202445E+01   -0.143662440776824951E+02    0.168368059396743774E+01   -0.145532351732254028E+02   -0.795176625251770020E+00    0.251216223549842854E+00
    0.390625000000000347E-02   -0.928825718431513676-309    0.192427510023117065E+04   -0.173395240306854248E+01    0.555287272880837124E+00    0.519836423993110657E+02    0.735141660869536029E+00    0.584851241401742161E+00   -0.429284512996673584E+01    0.178856301307678223E+01   -0.886067390441894531E+01   -0.665757358074188232E+00    0.399249711012840292E+00
    0.390625000000000347E-02   -0.928825718432383231-309    0.656499630212783813E+04   -0.225799739360809326E+00    0.145517415298914510E+01    0.521289805769920349E+02    0.214962165648465708E+00    0.656320102892406831E+00   -0.280746996402740479E+01    0.141912949085235596E+01   -0.608663499355316162E+01   -0.107230541110038757E+02    0.232103318166732797E+00
    0.390625000000000347E-02   -0.928825718433252787-309    0.521718132495880127E+04   -0.197188812494277954E+01    0.487523199549281666E-01    0.350298820137977600E+02    0.115656178019476075E+01    0.433064759982677239E+00    0.142248308658599854E+02    0.153662955760955811E+01   -0.166120022535324097E+01   -0.530103564262390137E+01    0.373358983612060547E+00
    0.390625000000000347E-02   -0.928825718434122342-309    0.437491822242736816E+04   -0.965519547462463379E+00    0.221288267763529473E+00    0.315458786487579346E+02    0.256362419598076541E+00    0.102465497447826981E+01   -0.116284489631652832E+02    0.160000211000442505E+01   -0.642697334289550781E+01   -0.986931324005126953E+00    0.230181297612190250E+00
    0.390625000000000347E-02   -0.928825718426296342-309    0.161403977870941162E+04   -0.647472143173217773E+00    0.833035378032818574E+00    0.924746993780136108E+02    0.615994590487238036E+00    0.120892432299627539E+01   -0.743086874485015869E+01    0.126603007316589355E+01   -0.986582815647125244E+01   -0.540526717901229858E+01    0.353277749705314670E+00
    0.390625000000000347E-02   -0.928825718427165898-309    0.556898677349090576E+04    0.794030129909515381E+00    0.756832482502995951E+00    0.144771518111228943E+02    0.107602320111966798E+01    0.104990086776248837E+01   -0.810332179069519043E+01    0.162902522087097168E+01   -0.142451477050781250E+02   -0.146857336163520813E+02    0.422663937020301861E+00
    0.390625000000000347E-02   -0.928825718428035453-309    0.595380240678787231E+04   -0.135733306407928467E+00    0.729522844603669784E+00    0.782773958444595337E+02    0.136285523165934253E+01    0.152412760159802541E+01    0.242823958396911621E+01    0.151561927795410156E+01   -0.115826949477195740E+02   -0.380013316869735718E+01    0.527658493494987502E+00
    0.390625000000000347E-02   -0.928825718428905009-309    0.327627074718475342E+04   -0.193952852487564087E+01    0.101430868546546926E+01    0.341368163824081421E+02    0.123126703779717128E+01    0.542276533411406358E+00    0.585134804248809814E+01    0.172520601749420166E+01   -0.464899778366088867E+01   -0.678023993968963623E+00    0.144362764263153087E+00
    0.390625000000000347E-02   -0.928825718429774564-309    0.278565287590026855E+02    0.144325435161590576E+00    0.124039004679216164E+00    0.246542526483535767E+02    0.688473029299421890E+00    0.296464351307354768E+00    0.489544272422790527E+00    0.171566486358642578E+01   -0.993943691253662109E+01   -0.986797749996185303E+01    0.492154183316230787E+00
    0.390625000000000347E-02   -0.928825718430644120-309    0.183997327089309692E+04   -0.132071375846862793E+01    0.997788446052639166E+00    0.452695909738540649E+02    0.129095269102991517E+01    0.231855147800407752E+00    0.136850094795227051E+02    0.149207967519760132E+01   -0.399389237165451050E+01   -0.200804293155670166E+01    0.496518621683120720E+00
    0.390625000000000347E-02   -0.928825718431513676-309    0.545598310232162476E+04   -0.363693535327911377E+00    0.882883721355725459E+00    0.633841271996498108E+02    0.937702213529613249E+00    0.615522805258346684E+00    0.791284203529357910E+01    0.140182387828826904E+01   -0.208289444446563721E+01   -0.149633494019508362E+02    0.157626838445663470E-01
    0.390625000000000347E-02   -0.928825718432383231-309    0.655498063564300537E+04   -0.170056319236755371E+01    0.471302427357316200E+00    0.594387533068656921E+02    0.127021361532416743E+01    0.504532778832528228E+00   -0.148753416538238525E+02    0.123434835672378540E+01   -0.651280671358108521E+01   -0.566736012697219849E+01    0.252488472533226038E+00
    0.390625000000000347E-02   -0.928825718433252787-309    0.377099251747131348E+04   -0.191488099098205566E+01    0.852517830835167967E+00    0.297221589088439941E+01    0.156723963354720364E+01    0.103075663023672370E+01    0.105240583419799805E+01    0.195170032978057861E+01   -0.676906496286392212E+01   -0.571378380060195923E+01    0.316233059549331674E+00
    0.390625000000000347E-02   -0.928825718434122342-309    0.549420660734176636E+04   -0.224541425704956055E+00    0.152731343486022775E+01    0.420501585602760315E+02    0.214517532179125558E+00    0.344645429511227674E+00    0.469601690769195557E+01    0.152013504505157471E+01   -0.110244923830032349E+02   -0.383554995059967041E+01    0.296468233180046115E+00
    0.390625000000000347E-02   -0.928825718426296342-309    0.506477296352386475E+03   -0.121800088882446289E+01    0.138063538484169035E+01    0.722695121169090271E+02    0.835420411779163707E+00    0.858943010972694765E+00   -0.810903310775756836E+01    0.182359105348587036E+01   -0.932235717773437500E+00   -0.132040473818778992E+02    0.122714640927314766E+00
    0.390625000000000347E-02   -0.928825718427165898-309    0.341190135478973389E+04    0.252174913883209229E+00    0.111810096364318912E+01    0.620131627321243286E+02    0.150647605546027719E+01    0.123548370605547242E+01   -0.333195626735687256E+01    0.100687396526336670E+01   -0.962041139602661133E+01   -0.137429299950599670E+02    0.429388944840431219E+00
    0.390625000000000347E-02   -0.928825718428035453-309    0.416662615537643433E+04    0.395961880683898926E+00    0.144496906947673720E+01    0.958128511905670166E+00    0.144738811544468771E+01    0.541291860807268543E+00    0.193885803222656250E+01    0.154979705810546875E+01   -0.312205016613006592E+01   -0.116020765900611877E+02    0.501322393655777021E+00
    0.390625000000000347E-02   -0.928825718428905009-309    0.584461390972137451E+03   -0.331972837448120117E+00    0.788495733224823914E+00    0.814943794012069702E+02    0.697763986910813760E+00    0.758567449996253473E+00    0.137090849876403809E+02    0.135314714908599854E+01   -0.269763708114624023E+01   -0.107337614893913269E+02    0.438555142235755924E+00
    0.390625000000000347E-02   -0.928825718429774564-309    0.327657741308212280E+04    0.963575243949890137E-01    0.111712122887019993E+01    0.480178338289260864E+01    0.113880555934260475E+01    0.143708486533582169E+01   -0.149450826644897461E+02    0.115723484754562378E+01   -0.115284490585327148E+02   -0.118672683835029602E+02    0.535284379148483258E+00
    0.390625000000000347E-02   -0.928825718430644120-309    0.228106522560119629E+04    0.605082631111145020E+00    0.972277485258762564E+00    0.456236366629600525E+02    0.939966951156454456E+00    0.111642295954319581E+01    0.839732587337493896E+01    0.112759804725646973E+01   -0.372377514839172363E+01   -0.924302548170089722E+01    0.381121510648727457E+00
    0.390625000000000347E-02   -0.928825718431513676-309    0.507819324731826782E+04   -0.139180749654769897E+01    0.100593067645938472E+01    0.482594799399375916E+02    0.100632622600661170E+01    0.832704767690258474E+00   -0.549814760684967041E+01    0.184856939315795898E+01   -0.574401140213012695E+01   -0.780669718980789185E+01    0.280657102203369146E+00
    0.390625000000000347E-02   -0.928825718432383231-309    0.548689669370651245E+04   -0.120141839981079102E+01    0.944824579339495929E+00    0.561588370800018311E+02    0.885353152981117164E+00    0.777776196357641506E-02    0.129185342788696289E+02    0.103068071603775024E+01   -0.124942240118980408E+02   -0.130785405635833740E+01    0.941972260236740161E-01
    0.390625000000000347E-02   -0.928825718433252787-309    0.298038405179977417E+04   -0.130877757072448730E+01    0.105623675617417678E+01    0.118682872653007507E+02    0.130056516292509605E+01    0.153123686851609997E+01   -0.512257754802703857E+01    0.197533112764358521E+01   -0.490647375583648682E+01   -0.102662792801856995E+02    0.448364560604095463E+00
    0.390625000000000347E-02   -0.928825718434122342-309    0.170746940374374390E+04    0.917508482933044434E+00    0.229149376352822565E+00    0.393345474600791931E+02    0.324555936246053001E+00    0.192425268953400230E+00   -0.878972232341766357E+01    0.172061568498611450E+01   -0.878836065530776978E+01   -0.123021608591079712E+02    0.184793397188186659E+00
    0.390625000000000347E-02   -0.928825718426296342-309    0.109459823369979858E+04    0.786384046077728271E+00    0.143546985804612781E+01    0.251105012297630310E+02    0.831971014795076624E+00    0.282776493930296080E+00   -0.125403678417205811E+02    0.159156656265258789E+01   -0.512784361839294434E+01   -0.549846589565277100E+01    0.346733395099639907E+00
    0.390625000000000347E-02   -0.928825718427165898-309    0.482888388633728027E+04   -0.957303404808044434E+00    0.521791266886612370E+00    0.845523760914802551E+02    0.771609657256536074E+00    0.298625350487358943E+00   -0.651438117027282715E+01    0.163622158765792847E+01   -0.199857383966445923E+01   -0.141865906119346619E+02    0.582014503955841089E-01
    0.390625000000000347E-02   -0.928825718428035453-309    0.576743215322494507E+04    0.146807014942169189E+00    0.603189810983678631E+00    0.758305866122245789E+02    0.105628574446108825E+01    0.262525775389441551E+00    0.232570767402648926E+00    0.130661886930465698E+01   -0.103775578737258911E+02   -0.355975627899169922E+00    0.136064930534362805E+00
    0.390625000000000347E-02   -0.928825718428905009-309    0.696463578939437866E+04    0.293902575969696045E+00    0.719065738447239089E+00    0.400843520164489746E+02    0.181433019539233131E+00    0.259954035626157709E+00    0.102581423521041870E+02    0.197373253107070923E+01   -0.126887851953506470E+02   -0.721918076276779175E+01    0.375377250194549594E-01
    0.390625000000000347E-02   -0.928825718429774564-309    0.199369549751281738E+04   -0.107751393318176270E+01    0.116723323104834154E+01    0.760460447072982788E+02    0.762036976733111215E+00    0.160009157732252660E+00    0.521626174449920654E+01    0.198432725667953491E+01   -0.132612964510917664E+02   -0.113427758216857910E+02    0.369326885747909561E+00
    0.390625000000000347E-02   -0.928825718430644120-309    0.133992093801498413E+04   -0.123251146078109741E+01    0.600662911057438298E+00    0.833989763259887695E+01    0.266746001464511440E+00    0.756854267595329921E+00    0.526729524135589600E+01    0.177778160572052002E+01   -0.135980093479156494E+02   -0.313606381416320801E+01    0.514982301378250185E+00
