

    0.245590461325405560E-01    0.272989958158277801E+02    0.201493112475356270E+04   -0.114731441974149151E+01    0.133906071637274815E+01    0.703705330421546620E+02    0.811152934086222910E+00    0.122138624185255096E+01    0.116849205470532915E+02    0.479845119027150702E+01   -0.485081302170090112E+01   -0.117774701936113431E+02    0.225112098399598975E+00
    0.237428746964800132E-01    0.272976258817565736E+02    0.113387838648748402E+04   -0.199686566028501766E+01    0.134969967719973027E+01    0.674790691643987373E+02    0.535798098907464104E+00    0.713923682178066676E+00    0.138810704335259221E+02    0.447641592250914577E+01   -0.343505366661760192E+01   -0.121795860013818551E+02    0.496690675003882753E+00
    0.229435317993246339E-01    0.272971531939449434E+02    0.242463772503228483E+04   -0.188287594199916875E+01    0.106712269845025709E+01    0.623194280472275466E+02    0.793932424924736702E+00    0.356325716852080754E+00    0.123921546725171616E+02    0.426193938482272827E+01   -0.258760746347895143E+01   -0.989498209048271349E+01    0.241086072006210683E+00
    0.226472215080305329E-01    0.272541854452953771E+02    0.111700762463997819E+03   -0.182343627559567811E+01    0.117909930644563676E+01    0.622501706929861811E+02    0.120596468804464974E+01    0.854580963616413336E+00    0.870667130498624964E+01    0.481543055657728125E+01   -0.414419723448990140E+01   -0.313112286677305995E+01    0.272615715706230943E+00
    0.221292776820316041E-01    0.272314912478751339E+02    0.207458548646452437E+04   -0.154565003303955573E+01    0.154788047334936874E+01    0.652105739173246377E+02    0.105533848953293585E+01    0.116672161566000909E+01    0.113894101289311678E+02    0.454327127093307404E+01   -0.281162816272230920E+01   -0.121189266640294093E+02    0.356048811595723991E+00
    0.221391633878391912E-01    0.272302016591574230E+02    0.368905336424271673E+04   -0.161468896099638926E+01    0.137685972878911511E+01    0.657423660939095242E+02    0.739805354631972723E+00    0.847160811337635877E+00    0.137592462611202127E+02    0.423165155322461928E+01   -0.335951210453063709E+01   -0.116552791494305055E+02    0.273595427318167439E+00
    0.251282850344530344E-01    0.269769097266246760E+02    0.321702295140904425E+04   -0.183826929319364307E+01    0.156939323291455324E+01    0.665999624773537562E+02    0.595946693403614725E+00    0.899306846678997962E+00    0.149013441861945033E+02    0.439022153439083596E+01   -0.461457314100277749E+01   -0.539189019347598375E+01    0.289161078193710619E+00
    0.287549802794486060E-01    0.267072759788644767E+02    0.389475613961908903E+04   -0.124156820332459961E+01    0.114289851353743077E+01    0.694001913145758493E+02    0.372518436015963794E+00    0.104683979352683121E+01    0.101591441031160912E+02    0.466473191888006689E+01   -0.448212391507911789E+01   -0.104459641119000839E+02    0.166967997638297894E+00
    0.224559668320482853E-01    0.272017852134917248E+02    0.236561468859738670E+04   -0.191492133556310140E+01    0.870439502850350322E+00    0.663320844690258582E+02    0.133406940710438593E+01    0.538839350410229567E+00    0.122270293148179299E+02    0.396358452853204968E+01   -0.352609921547780480E+01   -0.128697002475593330E+02    0.329119918144143153E+00
    0.336469821032539876E-01    0.263930512032236706E+02    0.194547159564587537E+04   -0.181248236108730953E+01    0.677342502077352360E+00    0.693609082041879503E+02    0.662719813320377993E+00    0.459315894870878205E+00    0.134244735089149501E+02    0.431601484688750148E+01   -0.558105393644765435E+01   -0.800225292914907449E+01    0.259644518768897270E+00
    0.283661932011620224E-01    0.267345018258474099E+02    0.412120290961687715E+04   -0.158656803050767992E+01    0.909296439830585168E+00    0.676685165432282929E+02    0.108631677914023173E+01    0.529282645665189566E+00    0.129676627171953616E+02    0.440358979511483550E+01   -0.337388885255786342E+01   -0.125029156157613563E+02    0.212809901961640485E+00
    0.306062836246485427E-01    0.265824872673931054E+02    0.231195446522102156E+04   -0.187405063768655844E+01    0.680620444598614482E+00    0.686055504327911905E+02    0.657548728973298968E+00    0.512535414782838927E+00    0.125551884330332211E+02    0.477158060754051050E+01   -0.580280376599248093E+01   -0.500045472138313585E+01    0.195331563697574456E+00
    0.242177563326107063E-01    0.270507257438397986E+02    0.112301922850224014E+04   -0.159703774485048289E+01    0.131625585638960230E+01    0.665559490602344681E+02    0.106706512665339615E+01    0.725376544981336080E+00    0.141798471748288648E+02    0.446844032595106366E+01   -0.363585620840239443E+01   -0.124928709382029872E+02    0.289072780055922351E+00
    0.290292984648087248E-01    0.266882867138194477E+02    0.272171918728869423E+04   -0.130950246063145315E+01    0.134383761216011743E+01    0.648787227836568405E+02    0.358378700031017017E+00    0.720405358625810788E+00    0.132244336593938971E+02    0.467909050850348507E+01   -0.434705118143181579E+01   -0.334888928558800991E+01    0.453563747334977466E-01
    0.351375849491340347E-01    0.263063552298694496E+02    0.537417481614636654E+04   -0.133777110229638474E+01    0.987318614296940456E+00    0.711451365273972698E+02    0.199097105816594538E+00    0.766015221278900760E+00    0.136812960098278289E+02    0.452996919613541138E+01   -0.450838387361821091E+01   -0.118270568505186322E+02    0.262783974566887131E-01
    0.256905472422998098E-01    0.269326517122530689E+02    0.346158088066272012E+04   -0.162221513099385550E+01    0.100178378106045463E+01    0.665390295595704089E+02    0.851106230189944579E+00    0.718187867969172333E+00    0.124868190618990642E+02    0.466983918052021885E+01   -0.497780454275564566E+01   -0.420072125603119417E+01    0.171254619841215316E+00
    0.237449187273809717E-01    0.270901608190302596E+02    0.349023211844519847E+04   -0.171484016149245266E+01    0.876805053830610137E+00    0.675508756957522394E+02    0.608901782460355978E+00    0.505816113819122171E+00    0.138165397424395131E+02    0.429783238580582427E+01   -0.488494823821670110E+01   -0.677614986422016585E+01    0.114526411892651406E+00
    0.238512741278917376E-01    0.270812226606484892E+02    0.110822799551250426E+03   -0.190019595312945166E+01    0.115779597565066017E+01    0.659128012468073479E+02    0.105376071922361447E+01    0.574967970550148255E+00    0.148847910405063484E+02    0.443083977956245612E+01   -0.616844512599612749E+01   -0.320246789742344795E+01    0.244735079553907664E+00
    0.235841378872414173E-01    0.271037492123027803E+02    0.165193653683549860E+04   -0.150341195529896732E+01    0.116261309530631118E+01    0.648140631683807840E+02    0.873860875215262789E+00    0.501726536684321989E+00    0.138287858348841013E+02    0.447597415627703477E+01   -0.408215113257989515E+01   -0.712041442743211039E+01    0.163237312498082959E+00
    0.253158617597415737E-01    0.269620356449502445E+02    0.646398775455400028E+02   -0.176807535711136321E+01    0.103872932634339854E+01    0.656835161765872044E+02    0.800809415965840987E+00    0.551096788590414111E+00    0.126431202721539719E+02    0.452161950516298639E+01   -0.496243857625158213E+01   -0.708810601670538976E+01    0.277080471060548728E+00
    0.240093298890424155E-01    0.270680129372039318E+02    0.426492284983202990E+04   -0.194258924180066028E+01    0.814471407653202362E+00    0.684255624800291002E+02    0.563389014731366378E+00    0.347140323618271462E+00    0.141356210752136437E+02    0.428561375183874027E+01   -0.436668511397405901E+01   -0.837024933306088137E+01    0.221059271274929747E+00
    0.347326897877955759E-01    0.263295353129754659E+02    0.168711676799002362E+03   -0.190841169280431155E+01    0.151593796010958459E+01    0.652956875131085468E+02    0.126671777234862715E+01    0.120756123265131388E+01    0.932323274422801340E+01    0.414548579131089667E+01   -0.286944438599172003E+01   -0.143950526456093897E+02    0.225737635370736295E+00
    0.314720417910476086E-01    0.265266987585173766E+02    0.192418316981581074E+04   -0.197175758223839792E+01    0.154466666065627822E+01    0.641935870752640625E+02    0.575267280422917748E+00    0.141295532841556870E+01    0.724799211681715594E+01    0.424972986488203475E+01   -0.377336045329701442E+01   -0.660098343067824267E+01    0.121048513521183246E+00
    0.237806852537702298E-01    0.270871505230932890E+02    0.565212912364822841E+03   -0.137214942732497414E+01    0.153268209000336531E+01    0.647210970474548475E+02    0.115578651062735260E+01    0.955995574363038503E+00    0.124401101509359080E+02    0.470948178295615349E+01   -0.371470376736326102E+01   -0.816195111512401894E+01    0.269296292012290328E+00
    0.472906611652823897E-01    0.257122722622930553E+02    0.374794129585765745E+03   -0.175687703973255926E+01    0.147535779826456248E+01    0.668358118249091717E+02    0.146813717937669153E+01    0.132293585233532496E+01    0.910667308306159740E+01    0.441119890560032601E+01   -0.440297739001539590E+01   -0.965181530713529767E+01    0.112974666453397543E+00
    0.325626137950081815E-01    0.264585683092258677E+02    0.237316125254846975E+04   -0.180894837430960309E+01    0.135234420770023411E+01    0.650650116109733290E+02    0.149378507326268806E+01    0.102787594031345275E+01    0.107476152842880612E+02    0.419799507731547550E+01   -0.304897977806504805E+01   -0.114322158183643126E+02    0.159831458318425018E+00
    0.260655688361925847E-01    0.269036674540942542E+02    0.577458127514275930E+02   -0.199134589361438663E+01    0.153303211545390172E+01    0.676078934701488947E+02    0.140008863496467173E+01    0.102292354189017098E+01    0.146852617940359309E+02    0.394038063470013178E+01   -0.644643650578652050E+01   -0.669039441201449492E+01    0.239948042362613773E+00
    0.418459984770172821E-01    0.259569055845253089E+02    0.782638827452807277E+03   -0.196780799640724346E+01    0.146633209172317458E+01    0.600246245732404091E+02    0.128294435675287333E+01    0.904639555266241735E+00    0.845628229852598423E+01    0.424622088219994254E+01   -0.284686546823867026E+01   -0.322972934410405976E+01    0.352388819901071557E-01
    0.377738246016332754E-01    0.261616651537683538E+02    0.760488062847264473E+03   -0.191487680658019932E+01    0.125891173486173114E+01    0.605154419280877391E+02    0.132329927970331696E+01    0.837007296275561918E+00    0.797149639435134461E+01    0.434266130575902398E+01   -0.193229900407945365E+01   -0.977810734617252564E+01    0.116700249761549510E+00
    0.565450301217420570E-01    0.253548233095154494E+02    0.206799428322953509E+04   -0.194548747298748359E+01    0.120850381937038387E+01    0.590801764621917656E+02    0.149357917954276376E+01    0.704213565190337065E+00    0.774554312076189788E+01    0.404652793250909326E+01   -0.664457883799922655E+00   -0.115967708895085266E+02    0.581231482437042785E-01
    0.313398458999477325E-01    0.265351172978191627E+02    0.108387342269165492E+04   -0.198178181414834298E+01    0.108439506211732017E+01    0.644851224079291683E+02    0.155105008086156171E+01    0.878796514839085163E+00    0.896924338322063264E+01    0.458966281061956138E+01   -0.450616260964892668E+01   -0.316502011595985167E+01    0.198437744309456932E+00
    0.322084644109314547E-01    0.264804393617478944E+02    0.142645899326895483E+04   -0.145935176577251591E+01    0.130331943249793669E+01    0.683049067029830468E+02    0.731831504176982284E+00    0.112270281638439684E+01    0.107790829440135134E+02    0.469261263043451748E+01   -0.351994565991540753E+01   -0.143059753043661289E+02    0.226218156480764793E+00
    0.294057156817263479E-01    0.266625198047848393E+02    0.184366564812313550E+04   -0.166354362346910190E+01    0.121032093787909645E+01    0.637231225787184741E+02    0.984186593796875675E+00    0.110283618422259333E+01    0.700840315615450304E+01    0.443989302465874580E+01   -0.383790286643348999E+01   -0.678456079956692903E+01    0.472923500152729048E-01
    0.332763445164928826E-01    0.264152043982285178E+02    0.313054737652253789E+04   -0.138632382836304702E+01    0.136882070488638230E+01    0.694779780483978442E+02    0.417261947663486787E+00    0.122067288007419794E+01    0.113382781467634519E+02    0.442733636758651805E+01   -0.444156116500615816E+01   -0.113249899940823706E+02    0.692918688145645334E-01


    0.556242545096297288E-02    0.273242372323702014E+02    0.283486630458856871E+04   -0.169191018329970633E+01    0.739018927651502455E+00    0.640881500840936269E+02    0.216547457400500826E+00    0.627805358156072191E+00    0.137582875335063637E+02    0.224719207737409743E+01   -0.856850152599207249E+01   -0.120973710326778718E+02    0.130852112243301677E+00
    0.553259110149409948E-02    0.273147911839994499E+02    0.696340081226646089E+04   -0.127171640931386132E+01    0.146924699215745003E+01    0.584601610784113745E+02    0.424093756185346782E+00    0.123194775803052958E+01    0.913109851810842166E+01    0.245188119125985038E+01   -0.250063362417582091E+01   -0.996113747772779590E+01    0.325619541082467073E-01
    0.560169856125152139E-02    0.272697619501036002E+02    0.301090479278333169E+04   -0.659341043158538476E+00    0.678840812039900876E+00    0.607298824936830357E+02    0.689581358807067391E+00    0.108476914217538845E+01    0.511826650373664194E+01    0.202433943128540772E+01   -0.477415921031773749E+01   -0.126669316665439524E+02    0.159690388033901058E-01
    0.561199430523900630E-02    0.272458873674359907E+02    0.449004526274612454E+04   -0.155921443532824799E+01    0.127896191838923179E+01    0.587344292653536471E+02    0.391012601327832165E+00    0.963447821273119565E+00    0.942717676997373744E+01    0.209176760195072386E+01   -0.382364773776712674E+01   -0.434005573237273801E+01    0.241044433288704701E+00
    0.558823220639676713E-02    0.272341716522097812E+02    0.428171276845151795E+03   -0.132162192854441130E+01    0.140837012676049866E+01    0.540340822064662447E+02    0.543467753031278367E+00    0.119908850545209344E+01    0.471787325486639464E+01    0.218521011702785062E+01   -0.191009874607062180E+01   -0.401578523828088763E+01    0.906021801773288088E-01
    0.553765863060991584E-02    0.272321520588726145E+02    0.373652081242587246E+04   -0.156454051146214446E+01    0.138287519360717504E+01    0.584505838451621287E+02    0.396470084806989753E+00    0.107749553336312287E+01    0.102561499392828601E+02    0.218798054269156683E+01   -0.405095338223827817E+01   -0.481276168353793565E+01    0.160284705967389973E+00
    0.549115515455042297E-02    0.272288163137087338E+02    0.342465856025819267E+04   -0.694509402990259428E+00    0.145208340227299315E+01    0.596746828757062104E+02    0.290295262509091545E+00    0.137863188578150542E+01    0.815126522545915932E+01    0.270959595222111149E+01   -0.300824071112947067E+01   -0.187038801262451315E+01    0.400554441079505191E-01
    0.547507205787957363E-02    0.272144807078680060E+02    0.654410759580300464E+03   -0.129445643203801497E+01    0.101145558236875432E+01    0.599512241974800233E+02    0.388076287524638908E+00    0.101959265229856610E+01    0.500726818506642690E+01    0.225928304444472339E+01   -0.289189143460697018E+01   -0.129130462336684051E+02    0.279629740561156553E-01
    0.550064455003244218E-02    0.271849590088367989E+02    0.207061822138534171E+04   -0.137439781252940696E+01    0.139793604539617133E+01    0.587323832530991652E+02    0.548137677542602564E+00    0.136872744655957934E+01    0.934249766156471750E+01    0.215233628658962850E+01   -0.523127900023971293E+01   -0.387403674729150005E+01    0.879138801433184715E-02
    0.552423290260003249E-02    0.271561987479967186E+02    0.569883058631191602E+03   -0.102433755287323947E+01    0.985629487291137751E+00    0.548984388261549654E+02    0.601943212312526232E+00    0.886808566706990375E+00    0.243211954802540342E+01    0.203662498253938340E+01   -0.195095266600669781E+01   -0.525805111749833287E+01    0.213415361910940765E+00
    0.549299823299406655E-02    0.271473370556525353E+02    0.379898870121453865E+04   -0.119521573763300260E+01    0.147616836938804452E+01    0.604918042433462801E+02    0.383786600720976256E+00    0.108003254228466727E+01    0.112230050271433868E+02    0.258919142111948641E+01   -0.475908708177145279E+01   -0.127484107716112760E+01    0.881805485613242485E-01
    0.545612123279142804E-02    0.271406072200435240E+02    0.267120904938616604E+04   -0.169776578842637393E+01    0.123208423792338384E+01    0.575243855240304711E+02    0.365494839345753331E+00    0.976547492579342924E+00    0.105330348192652465E+02    0.207166782311485864E+01   -0.380010607454550531E+01   -0.670418933952971230E+01    0.131976675179442560E+00
    0.540950162898898128E-02    0.271375675440423123E+02    0.616529032769079276E+04   -0.167457560580682374E+01    0.123828718059246046E+01    0.559436513064838223E+02    0.381589458204239229E+00    0.703608253285453733E+00    0.892981290558511986E+01    0.230613799582267553E+01   -0.169272663421272895E+01   -0.563007583974261827E+01    0.162800981815770934E-01
    0.535518567451264294E-02    0.271375487075804571E+02    0.258943429087122468E+04   -0.185882031534809489E+01    0.100867216503788093E+01    0.581619359204680606E+02    0.162258745489698375E+00    0.540073116022468325E+00    0.938270271975945391E+01    0.230618298981128067E+01   -0.314319317847573210E+01   -0.571920003694361689E+01    0.299041119465277505E+00
    0.530758269640408016E-02    0.271352044491581843E+02    0.179758698925238832E+04   -0.127545136020834105E+01    0.133145956422312772E+01    0.603622606746679793E+02    0.540877968145910493E+00    0.130113930914503606E+01    0.134996747839809981E+02    0.204210400300941552E+01   -0.738314152722030403E+01   -0.541340268140255176E+01    0.657311079746500382E-01
    0.526959862446632274E-02    0.271293670253720265E+02    0.344196080428650976E+04   -0.572428429230986913E+00    0.150029470679968191E+01    0.569184330382554862E+02    0.475132346035092634E+00    0.144222775259091573E+01    0.715773038105384263E+01    0.204594192576793787E+01   -0.261250352481433623E+01   -0.720638976896111583E+01    0.846263711305583755E-01
    0.524085704283923284E-02    0.271201033142896861E+02    0.331832972647840779E+04   -0.147393109041535375E+01    0.155743349263497710E+01    0.595443591189445343E+02    0.124120650992931036E+01    0.144963034160038684E+01    0.124518815038310802E+02    0.203922079713546189E+01   -0.635747847024454060E+01   -0.763763578921736386E+01    0.200448159358434762E-01
    0.519842893468551795E-02    0.271161584756079321E+02    0.241847681798910526E+04   -0.172132160082470698E+01    0.143851565588359076E+01    0.579992311023166778E+02    0.583347303647859250E+00    0.149104819810429912E+01    0.107380042638729716E+02    0.215692001411380962E+01   -0.446781586638578965E+01   -0.738690957738732035E+01    0.744098810894351370E-01
    0.516058876470212435E-02    0.271105680100491426E+02    0.168175632509527350E+04   -0.182493053277732087E+01    0.144210402285145523E+01    0.579176997074857098E+02    0.315317323867733423E+00    0.112528192526336146E+01    0.780852572292658120E+01    0.244099299190418950E+01   -0.287048509814816200E+01   -0.141153417579648277E+01    0.149801405025830753E+00
    0.514423378911200817E-02    0.270967144695951703E+02    0.685159464208468307E+04   -0.137961147515849292E+01    0.141720047872259070E+01    0.614269456085240293E+02    0.226393187287938724E+00    0.924303263595810498E+00    0.134991355951833736E+02    0.221687157466640627E+01   -0.506934136233356725E+01   -0.624843859686724201E+01    0.175054404362194271E+00
    0.510696317183275718E-02    0.270910554463305147E+02    0.119306113187412052E+04   -0.152561742982899951E+01    0.103089248114599452E+01    0.601135332111148699E+02    0.660053756063497810E+00    0.720638775861503156E+00    0.107178529136419467E+02    0.218936974775791615E+01   -0.436186373551218054E+01   -0.149033828126864378E+02    0.151708948896655902E-01
    0.506479308629417986E-02    0.270874367283912676E+02    0.303968289648441441E+04   -0.106014268948516666E+01    0.662138465894806849E+00    0.603720320577094469E+02    0.300312945110416840E+00    0.604996655359636870E+00    0.561651369453029403E+01    0.214607619823440476E+01   -0.362350818221532656E+01   -0.118291816744331939E+02    0.166605435588794343E+00
    0.501553568066096835E-02    0.270867808157934036E+02    0.515477863362100197E+04   -0.845972653081128012E+00    0.149315994110105144E+01    0.625267771957067424E+02    0.382658988675525613E+00    0.124621694033463748E+01    0.133559992747628229E+02    0.243807012764351594E+01   -0.598170269450974956E+01   -0.627259724029544508E+01    0.647964230477562492E-01
    0.501189847487136172E-02    0.270680296975440484E+02    0.206262510435172226E+04   -0.584701288151505016E+00    0.129527231063785386E+01    0.558808914422147325E+02    0.327428528390537710E+00    0.120696925407415745E+01    0.508990528466781633E+01    0.214653837041322149E+01   -0.128448697766468456E+01   -0.562057056508390396E+01    0.119004668045535958E+00
    0.499313571448446736E-02    0.270553290139800566E+02    0.202090645303393148E+04   -0.551106548038040378E+00    0.118823596521323260E+01    0.567381887975698547E+02    0.311816588502111025E+00    0.905591441603626368E+00    0.752782048123141934E+01    0.209720174128425541E+01   -0.138596307116935691E+01   -0.954082493370134443E+01    0.279538061812453664E+00
    0.504118809767623716E-02    0.270159716420398830E+02    0.227707277411378845E+04   -0.110689868233252753E+01    0.137405142756763676E+01    0.570032465859701247E+02    0.712609702603449358E+00    0.913580529927709994E+00    0.991431660027769368E+01    0.201389116806455615E+01   -0.325408211265056657E+01   -0.196375993809062521E+01    0.171990686585959313E+00
    0.499440618206512844E-02    0.270144161526466604E+02    0.472024986611347231E+04   -0.193432579806096760E+01    0.971138671128092823E+00    0.589932343840473195E+02    0.926753279482443598E-01    0.387088333989847655E+00    0.903628619118364007E+01    0.255195197792630690E+01   -0.173697661419129012E+01   -0.742153824714294785E+01    0.413604273019270885E+00
    0.494745475981993831E-02    0.270131046687641074E+02    0.190424849534552050E+04   -0.114425695161055607E+01    0.156775561037453692E+01    0.576181592250691565E+02    0.304040289478388293E+00    0.139649586756381239E+01    0.622772799805110999E+01    0.259627735805644289E+01   -0.155755195032149629E+01   -0.417911910142906962E+01    0.108767182115198743E+00
    0.490418460819599770E-02    0.270104714726960182E+02    0.914029050228774395E+03   -0.152390605980934746E+01    0.889910454203583168E+00    0.565568702243623420E+02    0.234246912681084635E+00    0.103632281443393115E+01    0.561365931599313051E+01    0.262988813365890017E+01   -0.284279499833029448E+01   -0.331296950645722177E+00    0.272866598658004188E-01
    0.490066204389271853E-02    0.269917065231917164E+02    0.456217630424528761E+04   -0.194509892071227064E+01    0.123831820504730694E+01    0.551689784961587577E+02    0.297698416666469790E+00    0.834490276923634644E+00    0.540974712961254411E+01    0.264841037023856796E+01   -0.524342780471137360E+00   -0.254212873475665369E+01    0.121229337849198621E+00
    0.488201315001780475E-02    0.269791297858885599E+02    0.290352421893449218E+04   -0.190817964702671228E+01    0.124742158935976466E+01    0.578938269125347134E+02    0.823816012724130076E+00    0.101693834181418086E+01    0.823594731188214801E+01    0.224355279220759929E+01   -0.127518917788365371E+01   -0.134982444048060213E+02    0.103836138869502062E+00
    0.490540666994499636E-02    0.269493670990733776E+02    0.653752477994076162E+04   -0.113650329475427858E+01    0.156081703506681402E+01    0.580287623659361316E+02    0.343378206695614696E+00    0.122321213559027608E+01    0.113912945367042600E+02    0.208226515479664576E+01   -0.298088182702373494E+01   -0.470445557847952855E+01    0.248001885876985018E+00
    0.487399696473008338E-02    0.269420124116512945E+02    0.603714214365683529E+04   -0.119946093996254133E+01    0.156809450161406994E+01    0.597032011586563058E+02    0.270548187133113460E+00    0.118554612517201030E+01    0.108691769600473247E+02    0.228088753108895981E+01   -0.241772555971846970E+01   -0.121451104536268346E+02    0.118872800477015025E+00
    0.487941818083196741E-02    0.269195870813248632E+02    0.529101357935054057E+04   -0.677854969791740647E+00    0.151161609583914625E+01    0.586091106126140673E+02    0.328060764033934193E+00    0.144648099826949039E+01    0.116913961285311157E+02    0.228842843030184140E+01   -0.392600241051813548E+01   -0.238707724064516569E+00    0.415923194131258001E-01
    0.485875000288939120E-02    0.269078746286005241E+02    0.513645751398782977E+04   -0.164860814652700283E+01    0.132468823441801975E+01    0.571952425632620063E+02    0.393546135719545220E+00    0.152586872297750853E+01    0.935780725475191844E+01    0.210518557329733236E+01   -0.297104203441971926E+01   -0.647053458134820758E+01    0.108648545271991276E+00
    0.485860377009211548E-02    0.268877328028920672E+02    0.508308263270157852E+03   -0.106333784327774739E+01    0.132950617006975613E+01    0.575825121020340873E+02    0.327010069067424913E+00    0.113916140701376012E+01    0.911954145272088823E+01    0.238810453557618496E+01   -0.418194399020243779E+01   -0.363266480050007345E+01    0.160081092525149349E+00
    0.481998690007474830E-02    0.268834905752904305E+02    0.432203426987450621E+04   -0.574011195462904578E+00    0.155106492717000455E+01    0.581802136600209465E+02    0.320474067887093095E+00    0.156111521134391196E+01    0.116220356053052072E+02    0.218863879689348906E+01   -0.410631130986551973E+01   -0.280293780905454426E+00    0.789782883374512967E-01
    0.477807702319284645E-02    0.268807546372378425E+02    0.511342838641359867E+04   -0.581877369613611028E+00    0.139721019403006053E+01    0.598884234443579047E+02    0.226631389431206309E+00    0.112571327016262024E+01    0.103549384059123248E+02    0.225170201300679684E+01   -0.322382226464790733E+01   -0.754355922467527407E+01    0.266182493049766100E+00
    0.474972169152847266E-02    0.268724569052047002E+02    0.111134077619817754E+04   -0.423983032108689706E+00    0.138993957730015172E+01    0.584077501999405513E+02    0.288151941318394611E+00    0.110731345947416937E+01    0.103220883610943606E+02    0.285879396877893832E+01   -0.322669877654220905E+01   -0.542139001010331434E+01    0.923312590710057279E-01
    0.476106083824286586E-02    0.268474859179690810E+02    0.436081853832526212E+04   -0.177980477455948494E+01    0.114107893209978517E+01    0.574396261522729432E+02    0.207461584312926578E+00    0.102193924706568895E+01    0.630764471542660488E+01    0.272223888975109229E+01   -0.117961328098743223E+01   -0.295850750280512997E+01    0.267908776479809374E+00
    0.473116037923224098E-02    0.268398839235025335E+02    0.389763255893775067E+04   -0.175163410471538628E+01    0.120889002694920245E+01    0.568552383339193455E+02    0.461647022367895510E+00    0.937989855438927433E+00    0.832458662521758619E+01    0.201513757141944883E+01   -0.228015902600056997E+01   -0.387324409019469229E+01    0.143574461509015955E+00
    0.473409617210854977E-02    0.268184412425938383E+02    0.519787919847000649E+04   -0.746059700138691273E+00    0.131694617045042950E+01    0.590555365100740772E+02    0.290932610502764255E+00    0.913070473639825075E+00    0.109457022217480713E+02    0.213385373294984682E+01   -0.376456671931907039E+01   -0.804873105316787196E+01    0.248605904638856595E+00
    0.468951059869404403E-02    0.268171644204328601E+02    0.332907119009455846E+04   -0.150781967420874730E+01    0.130157213969826291E+01    0.590614390335553168E+02    0.232672268873374333E+00    0.112383189840909936E+01    0.108333213221878939E+02    0.225814437419547298E+01   -0.341194395373541148E+01   -0.867313279800088921E+01    0.371569916156794522E+00
    0.465934647665935606E-02    0.268098684598550143E+02    0.284791350845340276E+04   -0.178911862627275342E+01    0.984486370017810142E+00    0.577093484267323120E+02    0.136329568492535580E+00    0.581547074773923978E+00    0.680998903002230627E+01    0.245576500830060063E+01   -0.194787455065844739E+01   -0.298612542549216187E+01    0.156822445445670394E+00
    0.462601746198147701E-02    0.268040241570392226E+02    0.488988589451425742E+04   -0.444942051896993984E+00    0.143442258074838591E+01    0.576167745852768576E+02    0.367487838768714270E+00    0.142028657959252702E+01    0.919348164655339417E+01    0.238950848237504143E+01   -0.313019501680788537E+01   -0.146234887231916488E+01    0.292269089527509712E-01
    0.458198765993040377E-02    0.268029490322054684E+02    0.181582909473825589E+04   -0.127971179618122610E+01    0.809857481264395385E+00    0.590249696841870986E+02    0.237585656819375768E+00    0.859822383602734441E+00    0.417095495942258587E+01    0.231558567408784288E+01   -0.966309658043629227E+00   -0.113936281972290292E+02    0.183938350254648275E+00
    0.454068895609613388E-02    0.268008552877660300E+02    0.634464574517055735E+04   -0.197871073320326807E+01    0.116810043005333686E+01    0.566832573629611360E+02    0.376372419211356501E+00    0.871988754296109558E+00    0.794576072616090379E+01    0.221166395231715596E+01   -0.225554517318347436E+01   -0.840464075458768711E+01    0.223049939087526829E-01
    0.463617955606046659E-02    0.267390294624463323E+02    0.246511468758371029E+04   -0.513135092255434966E+00    0.145630840007107420E+01    0.620784738669051777E+02    0.305815828687262814E+00    0.120423728947374342E+01    0.127110173804269770E+02    0.231069239881314470E+01   -0.625603022990135216E+01   -0.634799482307746743E+00    0.224841724620150618E+00
    0.459935187341661573E-02    0.267347779603606313E+02    0.295009573843485168E+04   -0.191666538538347142E+01    0.135994203153892768E+01    0.600300423394652185E+02    0.461191453146373664E+00    0.147853239129385705E+01    0.120746737446796217E+02    0.211292454673320229E+01   -0.592078200449138059E+01   -0.118474667738404946E+02    0.116407026152245976E+00
    0.456024123379826854E-02    0.267316556845766300E+02    0.224166543177592484E+04   -0.101431228937993212E+01    0.133511346985260126E+01    0.563787874147607937E+02    0.296799234653797706E+00    0.890965628079724015E+00    0.878613172903362027E+01    0.204408339093913716E+01   -0.221301683637582691E+01   -0.753679051434152925E+01    0.270071004671162074E+00
    0.456315210467345654E-02    0.267101774414316964E+02    0.719460392189761251E+03   -0.137912898025668662E+01    0.134814794977442309E+01    0.587781711585819764E+02    0.324800302451037581E+00    0.106562467925836768E+01    0.670125274537357729E+01    0.213708072385401726E+01   -0.434897917828718406E+01   -0.339143272872725454E+01    0.452805695376206976E-01
    0.453938377360152325E-02    0.267004201524164202E+02    0.469381279956666958E+03   -0.726644302308990575E+00    0.117657328808464334E+01    0.562539530780094452E+02    0.326531196203196039E+00    0.100409098532230812E+01    0.676934464299445349E+01    0.221862291769873110E+01   -0.332172124641983579E+01   -0.351845891564898494E+01    0.193000094034966679E+00
    0.449926975395696215E-02    0.266979704591031108E+02    0.822294207003255679E+03   -0.101453345153660823E+01    0.145868988634634911E+01    0.596904512836694394E+02    0.228137929702820541E+00    0.984746804221055094E+00    0.865044659692907913E+01    0.276880103369801134E+01   -0.283202180239432089E+01   -0.595624628168310899E+01    0.140844037224036406E+00
    0.447707625094408319E-02    0.266876582306821604E+02    0.224517314796788696E+04   -0.164826021998846040E+01    0.147549250379945551E+01    0.567495924659850814E+02    0.489183339496844727E+00    0.895700527535173707E+00    0.908678413691147746E+01    0.203706843350451461E+01   -0.269372638231439332E+01   -0.530570434595511564E+01    0.225880925817890155E+00
    0.443666041438652448E-02    0.266855927631006011E+02    0.241365830808293958E+04   -0.148626203620015640E+01    0.118437496197959535E+01    0.581307155534937792E+02    0.273088481487158474E+00    0.930852944931689907E+00    0.624158366773539885E+01    0.256821266081870014E+01   -0.213768135478106025E+01   -0.716643311992733345E+01    0.970243834466734817E-01
    0.439723448128073041E-02    0.266832429792426993E+02    0.105330983018336246E+04   -0.163972600824510284E+01    0.124057193099934904E+01    0.587531050947716977E+02    0.441157616696611965E+00    0.116905446473008356E+01    0.760360839293822366E+01    0.227362807092443031E+01   -0.122488780690691890E+01   -0.142858441161358378E+02    0.186047228232131823E+00
    0.438017645272917051E-02    0.266708145725377861E+02    0.324295287047793408E+04   -0.160351164357830678E+01    0.144429224102587894E+01    0.601512083984032486E+02    0.314684042884948001E+00    0.156581067923794626E+01    0.125065750434549781E+02    0.226109157336457223E+01   -0.542931922078454932E+01   -0.520059800914267534E+01    0.819455283576084742E-01
    0.436452098306360815E-02    0.266577736858141350E+02    0.199943752945103938E+04   -0.112013071075869131E+01    0.136561570259101472E+01    0.583293066127188382E+02    0.337149926796639243E+00    0.925049339671520587E+00    0.108219146515293385E+02    0.209640782273114468E+01   -0.445231456250339619E+01   -0.799459655775747802E+01    0.205799822333714022E+00
    0.436464620181366281E-02    0.266375142861405649E+02    0.496250096885532457E+04   -0.146742884133749252E+01    0.127038400964623910E+01    0.602724230002849595E+02    0.277916121259418891E+00    0.112636939282833026E+01    0.816532274697955884E+01    0.232086658620462538E+01   -0.288618629821416306E+01   -0.103060213556544973E+02    0.254023777492208391E+00
    0.436795154312578319E-02    0.266157982415593040E+02    0.412716537881484237E+04   -0.125285098013974228E+01    0.114741065330059921E+01    0.584280951870047502E+02    0.213370120732913143E+00    0.925441043628942306E+00    0.748878012047680564E+01    0.249173284497660230E+01   -0.240528007360867946E+01   -0.342197801303477434E+00    0.144505983277442407E+00
    0.440571296243008267E-02    0.265783803123390783E+02    0.491672309300697361E+04   -0.148720953523093136E+01    0.108258131042810102E+01    0.599108075432575333E+02    0.164713061003036843E+00    0.765344571797272111E+00    0.906440095448797756E+01    0.238028315005934132E+01   -0.279642758858341445E+01   -0.872279581440461627E+01    0.217722463730638249E+00
    0.436427495735064886E-02    0.265770783471137513E+02    0.354268069844250613E+04   -0.147445932516695200E+01    0.107604973208898325E+01    0.570235843755832974E+02    0.279587552260127381E+00    0.117392568951093579E+01    0.638037444209390259E+01    0.238401201339249802E+01   -0.242457316878567397E+01   -0.227927383375922332E+00    0.726738892766846667E-01
    0.438693739295083554E-02    0.265465177684159030E+02    0.129065175811548420E+04   -0.924286198870490017E+00    0.141232664479729375E+01    0.589619681526172599E+02    0.324196061982591932E+00    0.128495091874853862E+01    0.599368425337586430E+01    0.239750147854357110E+01   -0.228382720215721768E+01   -0.879502292857266355E+01    0.597868764266885830E-01
    0.438686867484760611E-02    0.265263470769680012E+02    0.488023185093886809E+03   -0.983897115363721042E+00    0.146975638509399564E+01    0.574022587755218936E+02    0.283155568418675729E+00    0.120169496070773341E+01    0.962561977807438396E+01    0.244391776248805392E+01   -0.388061078480352606E+01   -0.143964060810598404E+01    0.706323244094722025E-01
    0.435116454572311104E-02    0.265224893882324508E+02    0.424574581159027912E+04   -0.141546176575276839E+01    0.155613013185569149E+01    0.557509593296632460E+02    0.404355122787705579E+00    0.129091314228591481E+01    0.920008687437005612E+01    0.203343859108157865E+01   -0.126203625793657181E+01   -0.865776733169741419E+01    0.250346544317664232E+00
    0.431380072507901117E-02    0.265195357013164141E+02    0.298363847050810500E+04   -0.139397546580886722E+01    0.912273813268594691E+00    0.546590689886308709E+02    0.308604739106622949E+00    0.796473907411891946E+00    0.446686777048689532E+01    0.218116972791168351E+01   -0.107928495339549180E+01   -0.563722440095771304E+01    0.208956035533781927E-01
    0.428041204516482754E-02    0.265148738353046198E+02    0.150365862242874528E+04   -0.161164151369039810E+01    0.118221916621695144E+01    0.581429600723558835E+02    0.408960839494175554E+00    0.121710027294661161E+01    0.857461801685691505E+01    0.212128413713530328E+01   -0.472272407063021049E+01   -0.409104325683252412E+01    0.486037613223560885E-01
    0.425570960704951384E-02    0.265062473329215393E+02    0.171551164651523527E+04   -0.188845511397106791E+01    0.156067758612740004E+01    0.576950416483832456E+02    0.456903702994155669E+00    0.136302634159738911E+01    0.858830572997825215E+01    0.203551788154546953E+01   -0.390893892659718745E+01   -0.210761834414468652E+01    0.752780878198698877E-01
    0.422857509590898739E-02    0.264988381901896020E+02    0.267059081187704578E+03   -0.168537907778142726E+01    0.144606526754743014E+01    0.552476156596342491E+02    0.230417980615933354E+00    0.905913700190727589E+00    0.737673525354261628E+01    0.271419205410965247E+01   -0.230069243993301598E+01   -0.280237057488932351E+00    0.115179019294945562E+00
    0.424045499081282529E-02    0.264730251838065342E+02    0.170148992676285957E+04   -0.148086205459811171E+01    0.140776157372190003E+01    0.644385120726727934E+02    0.369595547485256970E+00    0.118668033591664246E+01    0.142407826429905988E+02    0.213496169887576981E+01   -0.927314339370578899E+01   -0.131347521046021409E+02    0.177455815657086985E+00
    0.421097812884881680E-02    0.264667743981813430E+02    0.583644346756507730E+04   -0.113724032252155771E+01    0.137628657778310726E+01    0.586072619742766747E+02    0.337692199026097650E+00    0.146424698861229108E+01    0.119881308517648169E+02    0.203197292931197016E+01   -0.393842875110671287E+01   -0.303478778670149829E+01    0.112314747724106587E+00
    0.417968367485406587E-02    0.264614911530819867E+02    0.491210613685557860E+03   -0.136170083701318245E+01    0.120745839540877364E+01    0.538127161438945620E+02    0.401054165614086577E+00    0.102799903656399616E+01    0.329953204278630796E+01    0.208302016370745813E+01   -0.133406304265594322E+01   -0.180244641637962744E+01    0.940004784826691114E-01
    0.416999779721314787E-02    0.264459292533530572E+02    0.590455338354615833E+04   -0.178155413340388158E+01    0.135545583081604515E+01    0.612948939546515064E+02    0.336530079164900575E+00    0.150837525937420058E+01    0.134948316189577433E+02    0.226642850634750381E+01   -0.595186968883006351E+01   -0.618713116226026827E+01    0.911275000252041029E-01
    0.413394876715937696E-02    0.264430921120005422E+02    0.536690156202656090E+04   -0.915329673362154317E+00    0.112551398659266133E+01    0.620926094529332531E+02    0.174603907463500185E+00    0.731448966384098065E+00    0.136878383282216660E+02    0.236139876380255798E+01   -0.573066187827235574E+01   -0.441362169247058667E+01    0.208023943612962448E+00
    0.414628677566607814E-02    0.264169298663560852E+02    0.505759065578024365E+04   -0.921728557630455692E+00    0.122377866771454724E+01    0.614309449048836100E+02    0.259954470446178865E+00    0.978425816313319485E+00    0.125360679145934029E+02    0.243316329360557404E+01   -0.537852869070515816E+01   -0.443042820536377668E+01    0.111217106066176838E+00
    0.412538477469051937E-02    0.264068356195770164E+02    0.332406877151124354E+04   -0.136307161033599522E+00    0.146634735096591240E+01    0.588306791789621641E+02    0.258223046272357815E+00    0.125981881567371934E+01    0.102558631630215213E+02    0.222020220222940390E+01   -0.364032642137684803E+01   -0.209260627267372179E+01    0.128330559827985663E+00
    0.419052903573121846E-02    0.263552982127241009E+02    0.377553643631521390E+04   -0.176025386294363750E+01    0.151133203846709629E+01    0.580195521442258197E+02    0.252520615292567030E+00    0.122217351840628674E+01    0.870273755775248681E+01    0.242951526802474715E+01   -0.171410850423999150E+01   -0.894176365279583862E+01    0.437951598409068582E-01
    0.554877164221058081E-02    0.257937650225855535E+02    0.463818828620600743E+04   -0.188026788574101378E+01    0.142314083527735336E+01    0.583078197040657855E+02    0.198716588897361296E+00    0.950598233314331797E+00    0.966150602732702701E+01    0.217377609557077145E+01   -0.275408608159139234E+01   -0.450547332359752239E+01    0.123165164701445271E+00
    0.559068203540819160E-02    0.257787155983814387E+02    0.107246837509099987E+04   -0.156246464692840781E+01    0.149381493418108890E+01    0.567131900904288173E+02    0.410564682095761746E+00    0.124132630158496382E+01    0.710247479646930469E+01    0.226226928675071148E+01   -0.311368921508897856E+01   -0.619290773609399992E+00    0.815990106326280190E-01
    0.455838098915397998E-02    0.261869831491657017E+02    0.156467725527775201E+04   -0.175476452930464522E+01    0.122377346713102098E+01    0.569706025593960987E+02    0.324083624441838414E+00    0.111481920680426749E+01    0.906600043483658347E+01    0.209643979075093867E+01   -0.355496444919662125E+01   -0.862780877810038760E-01    0.174298881494278024E+00
    0.699714037334398745E-02    0.253299150826635895E+02    0.369817886053880102E+04   -0.157837408631394838E+01    0.137467365358898652E+01    0.586449452225279728E+02    0.170786227257052864E+00    0.833766821651502843E+00    0.996589652971544027E+01    0.207599921618854033E+01   -0.284561290738170314E+01   -0.338983184716477304E+01    0.237513647718123250E+00
    0.588024043455798780E-02    0.256777228750432798E+02    0.155848004611947681E+04   -0.193503857732507756E+01    0.136493640543036787E+01    0.581475271666518125E+02    0.338203247553595765E+00    0.756842309868158925E+00    0.102781189625912521E+02    0.205936154202011501E+01   -0.453338747745280379E+01   -0.213039742380453845E+01    0.850737709295483341E-01
    0.431218614056822543E-02    0.262980281762337107E+02    0.303522123845976103E+04   -0.193465135799959365E+01    0.135641816488964229E+01    0.579740987682071278E+02    0.251174164249191201E+00    0.112085224238306957E+01    0.925268145629001637E+01    0.246456834510118217E+01   -0.282000704011619163E+01   -0.264026606535905906E+01    0.200378011042136123E+00
    0.710533557429337929E-02    0.252992261953390098E+02    0.353111334230567263E+04   -0.165273759141009791E+01    0.135439869121559386E+01    0.569091957595449571E+02    0.303477297309111271E+00    0.139589972667245643E+01    0.823158388581240352E+01    0.203027889784995308E+01   -0.188696480982497405E+01   -0.201556030268269559E+01    0.212111554721100576E+00
    0.679407803596647052E-02    0.253888154662851520E+02    0.109032172698917884E+04   -0.164984459795254379E+01    0.136781960043423623E+01    0.578466955550185418E+02    0.207630858361708914E+00    0.773741450056430913E+00    0.882781582070757942E+01    0.263203735365001368E+01   -0.305959777878842232E+01   -0.851738807893699601E+00    0.152307313812941547E+00
    0.798315277898036142E-02    0.250662513406114620E+02    0.161254558317347755E+04   -0.160712016280763814E+01    0.152508853920268894E+01    0.549840238150730087E+02    0.228765177959830202E+00    0.110386753016374861E+01    0.552484475047439449E+01    0.269355388144639818E+01   -0.386889620147792712E+00   -0.461297718694893888E+00    0.188602011852926743E+00
    0.498328852224365869E-02    0.260087381397817907E+02    0.163739081008124435E+04   -0.953147464818672630E+00    0.123137952044450838E+01    0.565089003946869255E+02    0.340571034204087408E+00    0.897512970551525791E+00    0.750852769610727044E+01    0.222756554896504610E+01   -0.270643145524566009E+01   -0.629019702822119520E+01    0.964487180341797590E-01
    0.604976767509606168E-02    0.256208784366645830E+02    0.656037344877886881E+03   -0.181992238043867127E+01    0.139656572151849900E+01    0.568190211560904146E+02    0.297569585342126686E+00    0.798237604750693608E+00    0.874586777432839746E+01    0.225107638351723782E+01   -0.327174322575514331E+01   -0.743575117358622695E+01    0.117631948110553469E+00
    0.480769316582858527E-02    0.260804834221079886E+02    0.113450335987630342E+04   -0.154620573482750601E+00    0.137903429027237978E+01    0.592953407975068458E+02    0.279342804814781520E+00    0.134799067106659720E+01    0.106860897071572456E+02    0.237041719784275173E+01   -0.452151860824259977E+01   -0.326917180314983469E+01    0.241933287659792301E+00
    0.600093802917760991E-02    0.256370865872447276E+02    0.367105650450154258E+03   -0.144667935829897276E+01    0.137184403301643387E+01    0.547131892650449814E+02    0.587331970644847434E+00    0.105268457998932363E+01    0.587767573586652148E+01    0.204427167475935834E+01   -0.274241769578326000E+01   -0.149438408876578599E+01    0.729568491465088474E-02
    0.607289853108938186E-02    0.256132461605065345E+02    0.672742650656162141E+03   -0.731830365473120636E+00    0.131933749580833082E+01    0.563225966498765089E+02    0.354065725912437290E+00    0.120770922587711915E+01    0.863572180300663739E+01    0.204702007725594504E+01   -0.356804704877335155E+01   -0.762958870152663948E+00    0.122313959608724890E+00
    0.732699375446963213E-02    0.252377875720981493E+02    0.132341364941361940E+04   -0.116642327472893181E+01    0.134860988277568650E+01    0.578872872422105829E+02    0.264118088518579652E+00    0.110509793772127751E+01    0.913160211265739363E+01    0.206992307814975840E+01   -0.391528621821156442E+01   -0.484393848060288867E+01    0.115712358749856428E+00
    0.120736248321468408E-01    0.242388715626209006E+02    0.807650096325322352E+03   -0.130005675187966974E+01    0.127993593097549607E+01    0.570837049117562216E+02    0.200227410608992795E+00    0.929011520347378772E+00    0.561821653124743658E+01    0.234376601775247462E+01   -0.196996044027770978E+01   -0.101730072687715811E+01    0.968478406191350255E-01
    0.546930180689664345E-02    0.258226162419221481E+02    0.994567800595689050E+03   -0.891857875969613190E+00    0.136183536615927503E+01    0.555457881682969941E+02    0.293210597678490947E+00    0.127185772626555837E+01    0.325341729959972215E+01    0.218856463372323207E+01   -0.822144480298190317E+00   -0.146202860216526531E+01    0.155080159426452979E+00
    0.452610647391438973E-02    0.262011940338891236E+02    0.107645405936444476E+03   -0.146180601738048943E+01    0.117486052769576399E+01    0.538256396800239258E+02    0.374137520630487386E+00    0.101941811336208477E+01    0.615977723603833027E+01    0.202586262427038477E+01   -0.280583706356652485E+01   -0.347623295528173948E+01    0.808736942276287590E-01
    0.515182366925018374E-02    0.259422166525996438E+02    0.214128513715080317E+04   -0.109628877532039115E+01    0.109576461782979617E+01    0.587636712280057267E+02    0.253262761791871016E+00    0.109342052292436565E+01    0.996851014556382076E+01    0.201823339111282696E+01   -0.408869770639757668E+01   -0.431760624016877692E+01    0.262513692895909367E+00
    0.441417878575993926E-02    0.262512745551255477E+02    0.243972607286776383E+04   -0.128577879427382413E+01    0.136763727753338094E+01    0.564962849372596878E+02    0.281294492033929533E+00    0.864178086914343502E+00    0.859442983465470789E+01    0.233824548231082918E+01   -0.229948903675182237E+01   -0.605272721718892193E+01    0.515632365731589284E-01
    0.811086634784560605E-02    0.250345088035265846E+02    0.641089046833508291E+03   -0.100442729878923087E+01    0.137538748961899326E+01    0.579105796978815022E+02    0.231527743762163923E+00    0.105133118160972971E+01    0.805878369033724340E+01    0.220527067725174009E+01   -0.335426214705024073E+01   -0.548641479293487322E+01    0.178920825134244427E+00
    0.628061670677223204E-02    0.255459818229063700E+02    0.712547209034607249E+03   -0.118256144767454896E+01    0.127825002949299726E+01    0.564437856536383435E+02    0.185795301296625665E+00    0.865020326840144849E+00    0.484481228049419599E+01    0.225046183133911892E+01   -0.123581278869454891E+01   -0.363177158183237836E+01    0.148526470037855629E+00
    0.471436455822286504E-02    0.261196899041686237E+02    0.349292078317816231E+04   -0.714946371900865740E+00    0.142867602656652681E+01    0.589418511482817493E+02    0.268385668078085948E+00    0.121790602560807315E+01    0.822280687236570884E+01    0.224675161746065033E+01   -0.288263212693344251E+01   -0.123811499224851040E+01    0.928882351223347669E-01
    0.777424018908042143E-02    0.251192867208287005E+02    0.241543941436382647E+04   -0.143482466672723330E+01    0.122224091042192473E+01    0.579180965234680940E+02    0.320256462745155734E+00    0.983688106943620522E+00    0.947505232687612420E+01    0.206093749134610427E+01   -0.391516585522247595E+01   -0.205449737583971093E+01    0.761519824572343407E-01
    0.520123275937177908E-02    0.259231268444524900E+02    0.237422471788971689E+04   -0.177670524525437168E+01    0.143333667867280035E+01    0.598120745964050826E+02    0.284534476577126494E+00    0.856052818128863247E+00    0.119091987553374228E+02    0.201469889939499369E+01   -0.539992384635247014E+01   -0.123718695500744502E+01    0.401461022257538352E-01
    0.430240091827009067E-02    0.263025717377252874E+02    0.502375016210162448E+04   -0.158137020460743871E+01    0.115548480939240461E+01    0.585701871327427170E+02    0.355324943274534455E+00    0.109725576878386111E+01    0.982180092391933002E+01    0.204139167438438118E+01   -0.396408540550586963E+01   -0.448911102365217474E+00    0.121020542168545048E+00
    0.103637798275161303E-01    0.245442841406417784E+02    0.410060959711099531E+04   -0.178663556237800392E+01    0.130695093043789079E+01    0.610709682947651089E+02    0.246359165034314265E+00    0.114466563017190204E+01    0.118854220337476661E+02    0.229267253487267908E+01   -0.538727063955660412E+01   -0.475269198367329970E+01    0.169921537878666602E-01
    0.426805475911954182E-02    0.263186018506214481E+02    0.253194769933752377E+04   -0.123723426057748664E+01    0.133252878926767471E+01    0.597600107485910996E+02    0.480551775350747057E+00    0.114113396257773436E+01    0.118243885863880802E+02    0.204602555547503329E+01   -0.606262490303681645E+01   -0.250976380118229514E+01    0.261673497915414048E-01
    0.838583230437588492E-02    0.249678308747435622E+02    0.497713660182847798E+04   -0.504490503543152613E+00    0.127990650618174473E+01    0.624344770521266952E+02    0.241558413500071095E+00    0.112122160152419403E+01    0.124319412211809972E+02    0.224633788871386031E+01   -0.598058996701443490E+01   -0.337197775428924729E+01    0.157320006226061376E+00
    0.471344579377616646E-02    0.261200797144916166E+02    0.414943876705804996E+04   -0.142254822969243033E+01    0.157043573830270700E+01    0.629701304713582886E+02    0.374099898044556400E+00    0.140727242953238063E+01    0.148637366414337926E+02    0.227163151648549411E+01   -0.720101916376011353E+01   -0.678541791308296105E+01    0.154591377351103260E+00
    0.511212206584728875E-02    0.259576889874827117E+02    0.574474669629392611E+04   -0.927790947240898056E+00    0.131453310390531808E+01    0.620241244503921720E+02    0.320655935637705836E+00    0.129001954039942635E+01    0.143385869894084230E+02    0.206314916305375728E+01   -0.701411470636246381E+01   -0.471815220279483327E+01    0.187292142389391680E+00
    0.545323077935751330E-02    0.258285017044775387E+02    0.568042023805830195E+04   -0.157715477718408326E+01    0.146090520493152631E+01    0.621726008741467098E+02    0.273693452923988223E+00    0.116050515516606900E+01    0.115267290175152972E+02    0.224112644422148399E+01   -0.519101434080674373E+01   -0.683059953315373036E+01    0.136552637586207753E+00
    0.589893963939858504E-02    0.256713729524065215E+02    0.487611158244438866E+04   -0.421494452885997850E+00    0.125387873020890139E+01    0.610160154723700430E+02    0.254667479851267253E+00    0.906066241424936747E+00    0.122585296880651935E+02    0.233285533428967629E+01   -0.505097635584264282E+01   -0.654913115772762922E+01    0.109849174894927945E+00
    0.532876987801912845E-02    0.258746773388049505E+02    0.499288364930717034E+04   -0.173983065714617235E+01    0.146118643363932321E+01    0.627119961794768770E+02    0.413494076317034664E+00    0.114943037640802381E+01    0.136292597728244935E+02    0.225202368317748736E+01   -0.724680142786871340E+01   -0.459445123240201703E+01    0.346225658787778084E-01
    0.750163502578056300E-02    0.251906761772135326E+02    0.518610978574528417E+04   -0.191838989286524431E+01    0.140062368843369378E+01    0.619694152294072964E+02    0.261720963444889376E+00    0.992570971460858931E+00    0.143073839673086400E+02    0.215430215749204246E+01   -0.680249263548064675E+01   -0.115949100764682100E+01    0.129241559828883301E+00
    0.573891705382119279E-02    0.257263771257542402E+02    0.373288210333432744E+04   -0.953320277010999639E+00    0.126244999469723851E+01    0.619443336473643598E+02    0.242846701630932055E+00    0.972008862871236001E+00    0.126167065240359566E+02    0.246897814141217697E+01   -0.572950731331686214E+01   -0.817997369308480771E+00    0.657503628191927203E-01
    0.460961643407534725E-02    0.261646288766013626E+02    0.210883861794254517E+04   -0.180162015754839633E+01    0.126748733516133050E+01    0.595855173500994866E+02    0.210560268110514315E+00    0.762902358898153499E+00    0.895904278144397814E+01    0.225253976900200392E+01   -0.371646827530404700E+01   -0.541834047349146886E+01    0.696362542767194337E-01
    0.526649350045430183E-02    0.258981886353269104E+02    0.395430540941829213E+04   -0.685158271596162827E+00    0.139350917668602658E+01    0.619631916621132603E+02    0.340277613473162210E+00    0.103576866909316001E+01    0.128250319448023333E+02    0.202826942664695142E+01   -0.674180738873682550E+01   -0.953484792006364579E+01    0.997876752858776472E-01
    0.443862068446828576E-02    0.262402308345961401E+02    0.290658361701270451E+04   -0.977451988584251641E+00    0.109894590814570470E+01    0.590461867362433281E+02    0.253485219983879961E+00    0.107971733136584969E+01    0.989715548131492184E+01    0.232275398271214595E+01   -0.428701509716889184E+01   -0.141967875780560249E+00    0.192113484166163972E+00
    0.876181559089459112E-02    0.248801118922390572E+02    0.142380854392415495E+04   -0.150263300031685021E+01    0.153668390425122370E+01    0.570991756580135785E+02    0.392706706829369978E+00    0.111972681753358416E+01    0.997316945906878516E+01    0.202478029636979562E+01   -0.370637215922107899E+01   -0.682550930364910258E+01    0.537473835595311325E-01
    0.575114813346947265E-02    0.257221191571287271E+02    0.332817135255543053E+04   -0.118825026594929661E+01    0.126889600934611502E+01    0.562242614155914922E+02    0.223183144560369889E+00    0.100550736851579225E+01    0.775730298257798001E+01    0.234947848007878290E+01   -0.129363405812752674E+01   -0.507458280688339514E+01    0.172953417560972350E+00
    0.573945454534442474E-02    0.257261898199089885E+02    0.402754811806310454E+04   -0.633534763863825345E+00    0.111490038409876457E+01    0.592380960651235426E+02    0.237011872478076646E+00    0.961305053104533402E+00    0.872112391088873551E+01    0.203770847233692942E+01   -0.318561217466540825E+01   -0.974067470897031562E+01    0.252051192012109515E+00
    0.634631572856573286E-02    0.255251692890593880E+02    0.439766562845128465E+04   -0.758513169457291303E+00    0.133732316164194365E+01    0.584927210328143516E+02    0.334769136800170175E+00    0.113875125612986849E+01    0.922054824681603691E+01    0.209606172971267224E+01   -0.172428964275086827E+01   -0.118197641295317553E+02    0.346192061817070573E+00
    0.572353173893966598E-02    0.257317460741871926E+02    0.117682945266789193E+04   -0.129624925089825682E+01    0.113645396350510319E+01    0.590060450273390273E+02    0.282578657242445463E+00    0.116419306033276992E+01    0.785933940092492556E+01    0.221906974160651904E+01   -0.161354503552304607E+01   -0.127186473256376864E+02    0.430775725027552014E+00
    0.419068645828362188E-02    0.263551890715725143E+02    0.372073289260965976E+04   -0.507043524340611729E+00    0.138223907022472781E+01    0.564712517657094892E+02    0.399608025491703878E+00    0.153731228827346778E+01    0.622499049235478985E+01    0.222722225055660683E+01   -0.843859057364777954E+00   -0.843497051663744202E+01    0.157005790024511427E+00
    0.584724697038847916E-02    0.256889762834085715E+02    0.420639484011138939E+04    0.313323505278889414E+00    0.142671365105669468E+01    0.574251841792868305E+02    0.317728930817330835E+00    0.130808861738381466E+01    0.814977247201117549E+01    0.230387222616472886E+01   -0.383426439752879489E+00   -0.108841309231872749E+02    0.286776120150588065E+00
    0.483512254012900388E-02    0.260691052317047074E+02    0.461407224648262491E+04   -0.107865604753770361E+01    0.146322240552502492E+01    0.541790486573982406E+02    0.503009786768806588E+00    0.133063538483943655E+01    0.585963900794048254E+01    0.216862121588053602E+01   -0.543379117434772851E+00   -0.206916437520588659E+01    0.156410170512812953E-02
    0.505414890440217864E-02    0.259804992352234088E+02    0.410275292404379252E+04   -0.108463067520131684E+00    0.152819538519300058E+01    0.560256597010303778E+02    0.548113518236388986E+00    0.140102722393148227E+01    0.881225529769048244E+01    0.201225706997647569E+01   -0.690709467668183308E+00   -0.100203774928578682E+02    0.223328627736542829E+00
    0.531480140074582809E-02    0.258799268870729300E+02    0.608573300168413425E+03   -0.594201389072915198E+00    0.130474761299080133E+01    0.554945252577749102E+02    0.325665792448523395E+00    0.104508801732819956E+01    0.571176560438581227E+01    0.215040396534601852E+01   -0.646913615628710303E+00   -0.852068676641843226E+01    0.156636532126328498E+00
    0.102962249702968356E-01    0.245573635370202012E+02    0.175564505420230944E+04   -0.130734870194078812E+01    0.127898082291192661E+01    0.547062435344401052E+02    0.255644225978601203E+00    0.965007979382710768E+00    0.572310852488166244E+01    0.236215329603528978E+01   -0.389299394673907173E+00   -0.665109167877611718E+01    0.106208348974592526E+00
    0.852430021313690250E-02    0.249350763109247886E+02    0.108227580066356813E+04   -0.103831477403781758E+01    0.124973996334672410E+01    0.575577481884416784E+02    0.341230706768101244E+00    0.120921352661289516E+01    0.571667438822325202E+01    0.214709565627296861E+01   -0.197876918899163279E+01   -0.904574672497390608E+01    0.167620420900121719E+00
    0.586187119447692615E-02    0.256839804394904725E+02    0.227027466923056545E+04   -0.179435274641635534E+01    0.154540394525303126E+01    0.581820594019363568E+02    0.297919288920461933E+00    0.137377773345702514E+01    0.801968180583767243E+01    0.225647899454073642E+01   -0.243757491925178904E+01   -0.853631088683768269E+01    0.222201432509660068E+00
    0.611636634394260598E-02    0.255989818065660515E+02    0.223272483727146607E+03   -0.164851608716888509E+01    0.131952720603318352E+01    0.552052033962655671E+02    0.264862243371191464E+00    0.126956186422502948E+01    0.413368712632480140E+01    0.245894227853682512E+01   -0.595942037737408725E+00   -0.708862771343916798E+01    0.160233231326735559E+00
    0.434335345499312769E-02    0.262836247072005662E+02    0.211484974314492820E+04   -0.158329047680368928E+01    0.133755950287126590E+01    0.616485584155918644E+02    0.378855790248184165E+00    0.121422654111041162E+01    0.820154184442159462E+01    0.233775307281534728E+01   -0.365546779496709640E+01   -0.130948844020280166E+02    0.180231014432828629E+00
    0.471441159837097078E-02    0.261196699481754671E+02    0.240666169880663847E+04   -0.675826785598031554E+00    0.137523579637909443E+01    0.568413024244982878E+02    0.490711305628885874E+00    0.131674463360278771E+01    0.750152832098060074E+01    0.217858095405812202E+01   -0.219971399644432353E+01   -0.969323797599387404E+01    0.993427522910929617E-01
    0.798948398211051999E-02    0.250646658281988408E+02    0.448149427322134034E+04   -0.109192066770827112E+01    0.126587280173376437E+01    0.585991305200944979E+02    0.358494988450720531E+00    0.130316868448045464E+01    0.682572144586022134E+01    0.231092831276228239E+01   -0.183265336003480250E+01   -0.103261504381546061E+02    0.287315694196971956E-01
    0.922289290993246087E-02    0.247775406716754283E+02    0.274759079111023857E+04   -0.129113633278514062E+01    0.139485753226008602E+01    0.577731705830142417E+02    0.384417887654682877E+00    0.138295833655180811E+01    0.889432226495074296E+01    0.205299632701917778E+01   -0.343290843339710428E+01   -0.923775293216601412E+01    0.447422375474877052E-01
    0.499308805066358413E-02    0.260048090452853913E+02    0.325313660857534114E+04   -0.403390796115035144E+00    0.142142700575551140E+01    0.572001240068671351E+02    0.301229904879433741E+00    0.124914897829977689E+01    0.796806739080614435E+01    0.235776579217036897E+01   -0.191491442303073711E+01   -0.449005415958806431E+01    0.222599934784141112E+00
    0.605890597421273550E-02    0.256178596747039364E+02    0.295994417599201688E+04    0.172186315739240925E+00    0.138140740030164366E+01    0.563748618776476746E+02    0.293523216126839570E+00    0.121619941160590028E+01    0.933622460748187777E+01    0.225115615626264010E+01   -0.233973479413672081E+01   -0.277295284363390593E+01    0.199800028827347265E+00
    0.871375474265058056E-02    0.248911126134735383E+02    0.273210209435681281E+04   -0.736401972814390904E+00    0.151978547446951806E+01    0.560012648519216398E+02    0.289149188403982516E+00    0.127290588390362935E+01    0.760406490703308524E+01    0.228447920651839853E+01   -0.133615305681085061E+01   -0.508756913870876915E+01    0.140622617804216338E+00
    0.100399735468197273E-01    0.246077692186918853E+02    0.745087429416401278E+03   -0.123623247551190873E+01    0.123927521529830775E+01    0.581114178502753305E+02    0.304619320807929195E+00    0.103248057915687697E+01    0.686903199406670240E+01    0.238260943405186865E+01   -0.295054096728030935E+01   -0.882797367045750292E+01    0.193512731546352929E+00
    0.433763934628242104E-02    0.262862576362522375E+02    0.241935578381557707E+04   -0.641613640054021772E+00    0.114366118972038389E+01    0.557102130154579811E+02    0.296259903766081079E+00    0.104092816221325268E+01    0.620741596535610363E+01    0.222529679942370651E+01   -0.861541201566412340E+00   -0.760978984738049657E+01    0.384744002056266854E+00
    0.681012608271057852E-02    0.253840969089780160E+02    0.166007797967563943E+04   -0.140121893211947790E+01    0.145194956829538024E+01    0.593478364121480126E+02    0.357932680799598002E+00    0.145328114409524090E+01    0.709157366437817593E+01    0.218688674394761673E+01   -0.294471335200168838E+01   -0.103224300249398233E+02    0.168108784891156077E+00
    0.878878183763610009E-02    0.248739659435163674E+02    0.198971655668316930E+04   -0.555293205345497976E+00    0.149523799698138915E+01    0.574004464252293047E+02    0.347141420015325108E+00    0.129471655279699194E+01    0.944960674846250370E+01    0.213407276518320188E+01   -0.345027358825718267E+01   -0.537585003005220941E+01    0.119653176759410410E+00
    0.100824617233568510E-01    0.245993232748268760E+02    0.451195060556938733E+04   -0.102246936702036151E+01    0.121535584623535375E+01    0.580942269538094394E+02    0.297488777512475933E+00    0.127428861762540047E+01    0.557773802376410366E+01    0.235332636074999035E+01   -0.168825008367174334E+01   -0.799987872143133139E+01    0.104143329711537516E+00
    0.708184057190623228E-02    0.253058504942478315E+02    0.284882668092485858E+03   -0.913565468643599221E+00    0.110880773947092037E+01    0.591567168375462913E+02    0.209648706455789813E+00    0.955387250303526336E+00    0.561501209451388128E+01    0.240948314695806332E+01   -0.367172436116556433E+01   -0.587766314176457882E+01    0.192852364283366856E+00
    0.437286200159605135E-02    0.262700827476252812E+02    0.531692167434919065E+04   -0.114226728178510184E+01    0.112011835338578725E+01    0.567856105756761593E+02    0.280775872114041980E+00    0.107515178628077002E+01    0.544747176824457746E+01    0.222560381365034488E+01   -0.133350392754035951E+01   -0.670051480142700129E+01    0.751593170924572673E-01
    0.525257062108908882E-02    0.259034829798939725E+02    0.474133805994305476E+04   -0.142072187995792820E+01    0.119408711203126461E+01    0.559451367203677492E+02    0.264248792750741202E+00    0.809699730757845626E+00    0.762416009579868970E+01    0.227720710835739348E+01   -0.130073064304778363E+01   -0.554862278134641329E+01    0.650370537678842953E-01
    0.573583764809201986E-02    0.257274505799179529E+02    0.224230458165048867E+04   -0.179413974415571209E+01    0.934503888729803833E+00    0.574229424258682428E+02    0.189485657620746900E+00    0.677803000826862845E+00    0.726303057727981294E+01    0.246432697355602048E+01   -0.273102346791327122E+01   -0.765244760608750241E+00    0.148226040058474062E+00
    0.440738464407600290E-02    0.262543552530455138E+02    0.264254622688091695E+04   -0.158715491894605543E+01    0.104964530830783609E+01    0.552778265218075973E+02    0.382517974714087550E+00    0.733273503549070615E+00    0.581410738109058478E+01    0.203630017469554314E+01   -0.109413363565583310E+01   -0.697503285601846024E+01    0.169259613547338122E+00
    0.647966808827264880E-02    0.254835796014407521E+02    0.494859141741993517E+04   -0.107406571753864544E+01    0.730071508916637302E+00    0.579029679079625481E+02    0.154261746091515439E+00    0.571373952416282305E+00    0.757491375806997436E+01    0.214653871584477596E+01   -0.289015259819109360E+01   -0.298627191613384113E+01    0.124951745476420309E+00
    0.553723827098153570E-02    0.257979264388138816E+02    0.111948861086348779E+04   -0.187174004707078701E+01    0.120493951604100280E+01    0.581827393247908944E+02    0.274214323895413836E+00    0.111990366716154455E+01    0.554171752003059215E+01    0.276829855387088353E+01   -0.212827371676624821E+01   -0.728583977511196323E+01    0.183318672079141529E-01
    0.496520062497207617E-02    0.260160107685940432E+02    0.237130541924039062E+04   -0.148616003774280392E+01    0.767532058134936856E+00    0.573179528332393602E+02    0.207466867795395221E+00    0.952224426950401548E+00    0.325977402578312070E+01    0.250884668373552078E+01   -0.945041382889089121E+00   -0.763013395261221827E+01    0.132040705757494437E+00
    0.613136432940922325E-02    0.255940835953420276E+02    0.199462296757007971E+04   -0.178687275655821098E+01    0.817327412841926559E+00    0.601771631511929286E+02    0.215022313289223832E+00    0.799365035172581062E+00    0.658394987412383159E+01    0.224667462842327836E+01   -0.281875284254182112E+01   -0.116454519009271031E+02    0.247046704329391340E-01
    0.536000605622045934E-02    0.258629879677063848E+02    0.261102923591627723E+04   -0.149176910869320190E+01    0.738674963728740752E+00    0.599488196774572444E+02    0.185954053551671994E+00    0.691636706015734459E+00    0.365788614173904136E+01    0.254071846362166687E+01   -0.191071506553233839E+01   -0.914523296307076095E+01    0.105691963292743121E+00
    0.610359085598383838E-02    0.256031636518554393E+02    0.160434946946582477E+04   -0.183715045289214296E+01    0.945707725606354965E+00    0.610713339923238294E+02    0.271770039939999652E+00    0.107979164698703145E+01    0.851958091657902727E+01    0.223351481800624097E+01   -0.539450656032871123E+01   -0.111340643650029758E+02    0.644445373484525408E-01
    0.696657263941334679E-02    0.253386714307009910E+02    0.135460261703943161E+04   -0.144384805476904399E+01    0.103515004029598012E+01    0.560140900085227855E+02    0.267782988072169270E+00    0.101482113537940188E+01    0.679853671975075358E+01    0.204474933519155222E+01   -0.269377448734816483E+01   -0.105086820016670046E+01    0.217239344347164125E-01
    0.563238773500341402E-02    0.257638512546952114E+02    0.590687235373168642E+04   -0.113931526185759702E+01    0.131301095758106157E+01    0.571152394711424591E+02    0.334935283208447787E+00    0.131439541465047216E+01    0.961228879324763241E+01    0.212014424473903462E+01   -0.742102125732978735E+00   -0.120935516467862634E+02    0.223825743393111620E+00
    0.733294908659459094E-02    0.252361626455845567E+02    0.578070271611559474E+04   -0.146004342420469468E+01    0.137784478542888777E+01    0.582433196058536566E+02    0.213639679560739787E+00    0.101280520421877629E+01    0.101556750386935501E+02    0.252893415597387561E+01   -0.193206580463907152E+01   -0.100836274553496619E+02    0.642078883638799863E-01
    0.522966475527303701E-02    0.259122238262700577E+02    0.373035662103278628E+04   -0.977184774234850062E+00    0.143734671865809394E+01    0.582883744637251766E+02    0.326128851482747117E+00    0.106136842018722954E+01    0.997603043629068509E+01    0.213802506959324834E+01   -0.337808820751781091E+01   -0.350977014511378016E+01    0.211084597231244342E+00
    0.113414827593813043E-01    0.243639840885593415E+02    0.302171604663609878E+04   -0.186340742621103672E+00    0.152966649856011983E+01    0.575434176588970914E+02    0.344813824189413365E+00    0.144167919742374795E+01    0.899604951920827389E+01    0.232071814438752710E+01   -0.280136339149065350E+01   -0.766084839613862645E+01    0.208147813735648883E-01
    0.693916679978348432E-02    0.253465547583680255E+02    0.533867116474660997E+04   -0.574048041882038840E+00    0.154556588709245624E+01    0.610740453093151814E+02    0.324285610562504212E+00    0.153414590585624788E+01    0.124982725928184912E+02    0.228762820202849015E+01   -0.534690601620454409E+01   -0.215297463814231094E+00    0.750854503236409454E-01
    0.540518906816814422E-02    0.258461993162262829E+02    0.686211418951371161E+04   -0.986698588594851156E+00    0.154438372785139166E+01    0.595037168335935505E+02    0.412679939036807664E+00    0.131690601912411775E+01    0.131133153743467279E+02    0.208038982344249224E+01   -0.504182425300474080E+01   -0.603433847515865196E+01    0.147727567461473854E-02
    0.744322084615095525E-02    0.252063108484630050E+02    0.360504669286395028E+04   -0.102669412995592868E+01    0.150279940641963439E+01    0.608623699561111167E+02    0.309535761140661503E+00    0.146918242556546663E+01    0.108284768457219176E+02    0.223245844843699537E+01   -0.465841225889611898E+01   -0.777061384543454459E+01    0.114880579509677491E+00
    0.519039130671090920E-02    0.259272999964161812E+02    0.440106552910732171E+04    0.169946069392699073E-01    0.143271448256351874E+01    0.594473766724067687E+02    0.363154629577618460E+00    0.155970646267382995E+01    0.116899109318397674E+02    0.228976951730554568E+01   -0.440983245157900328E+01   -0.114659174990829431E+02    0.238115241698883852E-01
    0.528018612058690686E-02    0.258929954832381739E+02    0.638304373621113245E+04   -0.153773479139594205E+01    0.144371461346329966E+01    0.585580234910428885E+02    0.320151975165690550E+00    0.124577296823753580E+01    0.120995883819758703E+02    0.214006096859414052E+01   -0.402767418221504059E+01   -0.545012577663133868E+01    0.130725768774815499E-01
    0.866369432776234807E-02    0.249026357209600384E+02    0.508823674164910153E+04   -0.692760925478003609E+00    0.136771741277336312E+01    0.604042481515850511E+02    0.258821372065025035E+00    0.117019813951030693E+01    0.103684535523123138E+02    0.214299759988141680E+01   -0.426863757390434451E+01   -0.833353736648859922E+00    0.146530771598984588E+00
    0.887936720370854221E-02    0.248534575904117432E+02    0.497205409294560923E+04   -0.736863248642920077E+00    0.155315236417928348E+01    0.572249286736630012E+02    0.354322801170183943E+00    0.149420562562129766E+01    0.949758279570535180E+01    0.240395911132251339E+01   -0.246945611848996549E+01   -0.311282025001398743E+01    0.399112125485485622E-01
    0.643328143285290619E-02    0.254979486980982912E+02    0.585367441880842853E+04   -0.113637604410004922E+01    0.153978026024155579E+01    0.594609488619817128E+02    0.391823000613182815E+00    0.154747905968090116E+01    0.132521217256056953E+02    0.216153706409050539E+01   -0.519350102927493928E+01   -0.202719364719531470E+01    0.177907838644846897E-01
    0.585391587903940237E-02    0.256866965409731129E+02    0.235610145038643122E+04   -0.307148487330421549E+00    0.144788684721456229E+01    0.572638690144941975E+02    0.378761792284634191E+00    0.147761942027183313E+01    0.942935152066402971E+01    0.228563194970573180E+01   -0.322272544065514843E+01   -0.797929863126726335E+01    0.210193582002880693E-01
    0.106615172854656777E-01    0.244876366914931651E+02    0.330496849624889228E+04   -0.794717587745323861E+00    0.145763179317170999E+01    0.610966662876758662E+02    0.322588326800801517E+00    0.151386574564859977E+01    0.114315759361306348E+02    0.208955844923401335E+01   -0.573466427571470838E+01   -0.539747225185931079E+01    0.109308150977909982E+00
    0.490514018235154847E-02    0.260403508334755287E+02    0.450173263600693554E+04   -0.686298136468378228E+00    0.148072518672990516E+01    0.604175766828351755E+02    0.259264528978317754E+00    0.110361370354860089E+01    0.101080793013812755E+02    0.249981557670185284E+01   -0.288165554763043907E+01   -0.932505965152789429E+01    0.171649801515938477E+00
    0.492808580997677274E-02    0.260310169000174625E+02    0.611859321429687952E+04   -0.128344484676875248E+01    0.107166874572206505E+01    0.585285780288778028E+02    0.392744466159576200E+00    0.115671898138840490E+01    0.971143018201292385E+01    0.230269835206032392E+01   -0.277741533700303123E+01   -0.117947533019833788E+02    0.616702692090026830E-01
    0.484097717319519928E-02    0.260666849863769023E+02    0.560927628046993050E+04   -0.157883081118629787E+01    0.136639599916863608E+01    0.608634485880608054E+02    0.394788477050496578E+00    0.148929514268968188E+01    0.896892652217051634E+01    0.219135111243581582E+01   -0.461550318957628924E+01   -0.110067716744814561E+02    0.820390784425767683E-01
    0.146802878215253809E-01    0.238479069189240747E+02    0.112558984877354692E+04   -0.119929853384271956E+01    0.137487396786471394E+01    0.604882971820876634E+02    0.315087464667350547E+00    0.120927627927374925E+01    0.115696364380647907E+02    0.214968142416582797E+01   -0.481393404836446592E+01   -0.141147172438541411E+02    0.132699806047742341E+00
    0.422998598259311832E-02    0.263365208191644413E+02    0.265551716050940831E+04   -0.161987556657444287E+01    0.144548936405687489E+01    0.603840526214138293E+02    0.133547720005338943E+01    0.105276083891227756E+01    0.127709480626616116E+02    0.203293487770569259E+01   -0.598457935764648141E+01   -0.142583154590684096E+02    0.955716112018184655E-01
    0.547030621572381671E-02    0.258222489860468301E+02    0.243873646253719045E+03   -0.150381614554384679E+01    0.104651262017971969E+01    0.624344303760428474E+02    0.388053422528654879E+00    0.108749594865590704E+01    0.118429578535642168E+02    0.218198371580304906E+01   -0.818131273784623403E+01   -0.148510838335996098E+02    0.147237980077249336E+00
    0.475246062516185893E-02    0.261035931571201161E+02    0.425160780760376747E+04   -0.531513161277331836E+00    0.134204124092156185E+01    0.629932925383018443E+02    0.231088800446287268E+00    0.107396855821509463E+01    0.130721786913957221E+02    0.229882923622270408E+01   -0.591333045090260434E+01   -0.112236303560100730E+02    0.124143156221482198E+00
    0.801710393940785297E-02    0.250577636739495020E+02    0.230023847276273455E+04   -0.958808319613615678E+00    0.126788970705193593E+01    0.639141424384861310E+02    0.236141255864779742E+00    0.111187336766907374E+01    0.132656264377176001E+02    0.229636467978436443E+01   -0.699805589083642943E+01   -0.110897586399267816E+02    0.168832100182297357E+00
