 F
        1739       17613           3         128
   -0.239577348745561167E+02   -0.152068195278781353E+02
 T
   2
    0.200000000000000000E+01    0.300000000000000000E+01    0.226562500000000000E+00    0.773437500000000000E+00
   0
   0
 T T     0           0
    0.000000000000000000E+00   -0.100000000000000002+101    0.000000000000000000E+00
 T F     1          29
    0.128086110438846586E-05   -0.255207529469660805E+02   -0.153558157540379057E+02
 T F     1          99
    0.232940035596978518E-05   -0.241928280660278894E+02   -0.151673315567586613E+02
