 F
        1092        2329           3         128
   -0.143891249699258683E+02   -0.112962760653047329E+02
 T
   2
    0.200000000000000000E+01    0.300000000000000000E+01    0.359375000000000000E+00    0.640625000000000000E+00
   0
   0
 T T     0           0
    0.000000000000000000E+00   -0.100000000000000002+101    0.000000000000000000E+00
 T F     1          46
    0.660372856512261207E-04   -0.152640856584463265E+02   -0.109063160625169431E+02
 T F     1          82
    0.641590045497063082E-03   -0.149284845207762089E+02   -0.115750616685430110E+02
