 F
        4567        9471           3         512
   -0.293973785743035307E+02   -0.249169101269843907E+02
 T
   2
    0.200000000000000000E+01    0.300000000000000000E+01    0.937500000000000000E-01    0.906250000000000000E+00
   0
   0
 T T     0           0
    0.000000000000000000E+00   -0.100000000000000002+101    0.000000000000000000E+00
 T F     1          48
    0.176416387131130212E-04   -0.368520314283242882E+02   -0.298156333500873139E+02
 T F     1         464
    0.354089226426734381E-03   -0.293979574843729452E+02   -0.249140733857528858E+02
