    0.767207468720884300E+00   -0.130025117838201481E+03   -0.623832398925672837E+01    1
    0.766983186966105457E+00   -0.130025110105689066E+03   -0.624027711425674614E+01    1
    0.767310542646104099E+00   -0.130025086468981698E+03   -0.624223023925675147E+01    1
    0.767274890262084508E+00   -0.130025085212273950E+03   -0.624418336425673370E+01    1
    0.766992708350583863E+00   -0.130025045334456962E+03   -0.624613648925673814E+01    1
    0.766999097805859287E+00   -0.130025042383132615E+03   -0.624808961425675236E+01    1
    0.767018279873162068E+00   -0.130025028398610942E+03   -0.625004273925673637E+01    1
    0.767020466400476608E+00   -0.130025028008976278E+03   -0.625199586425673903E+01    1
    0.767059963190484861E+00   -0.130025004242840964E+03   -0.625394898925674969E+01    1
    0.767135330446349295E+00   -0.130024991371818601E+03   -0.625590211425673193E+01    1
    0.766756043886287264E+00   -0.130024924037036527E+03   -0.625785523925673726E+01    1
    0.766763136684030400E+00   -0.130024898710892614E+03   -0.625980836425676213E+01    1
    0.767082139030434540E+00   -0.130024898607810911E+03   -0.626176148925674791E+01    1
    0.766870760641285898E+00   -0.130024897939426410E+03   -0.626371461425672393E+01    1
    0.766871542767244341E+00   -0.130024897926963092E+03   -0.626566773925672837E+01    1
    0.766321651128949455E+00   -0.130024833603149034E+03   -0.626762086425674170E+01    1
    0.766964269794017772E+00   -0.130024807718414849E+03   -0.626957398925675236E+01    1
    0.766962476042367114E+00   -0.130024807648567048E+03   -0.627152711425675413E+01    1
    0.785070771180178650E+00   -0.130024790301087592E+03   -0.627348023925674880E+01    1
    0.785263644583328646E+00   -0.130024778951333502E+03   -0.627543336425674436E+01    1
    0.766373496374783802E+00   -0.130024776566310834E+03   -0.627738648925673104E+01    1
    0.766372990561937639E+00   -0.130024776534020276E+03   -0.627933961425673814E+01    1
    0.785280949548331053E+00   -0.130024775441566931E+03   -0.628129273925674703E+01    1
    0.766705440907668678E+00   -0.130024766404730883E+03   -0.628324586425675147E+01    1
    0.766674056533623971E+00   -0.130024760996806009E+03   -0.628519898925675946E+01    1
    0.766675918792657951E+00   -0.130024760912245085E+03   -0.628715211425673370E+01    1
    0.785122708910980349E+00   -0.130024753524017058E+03   -0.628910523925671416E+01    1
    0.785051592538244969E+00   -0.130024752858069121E+03   -0.629105836425672926E+01    1
    0.785348108477895490E+00   -0.130024751824539237E+03   -0.629301148925673637E+01    1
    0.785037871651174890E+00   -0.130024751747815742E+03   -0.629496461425674347E+01    1
    0.785335860499564720E+00   -0.130024751628903573E+03   -0.629691773925675058E+01    1
    0.767372105664248738E+00   -0.130024705843335539E+03   -0.629887086425675502E+01    1
    0.766497438790723296E+00   -0.130024704656191034E+03   -0.630082398925674525E+01    1
    0.766560939426023547E+00   -0.130024677464606526E+03   -0.630277711425674170E+01    1
    0.766571492988409209E+00   -0.130024675246608609E+03   -0.630473023925673193E+01    1
    0.766434496490596362E+00   -0.130024659845100757E+03   -0.630668336425673548E+01    1
    0.766444158315210400E+00   -0.130024656695694205E+03   -0.630863648925674436E+01    1
    0.766445785365561960E+00   -0.130024656182853619E+03   -0.631058961425672482E+01    1
    0.771005417569339602E+00   -0.130024620378541897E+03   -0.631254273925674436E+01    1
    0.766399730135399748E+00   -0.130024618709962368E+03   -0.631449586425675502E+01    1
    0.767494281731490813E+00   -0.130024576406244108E+03   -0.631644898925675147E+01    1
    0.767490453310558318E+00   -0.130024575234723613E+03   -0.631840211425674347E+01    1
    0.767485955800849662E+00   -0.130024572538965259E+03   -0.632035523925672393E+01    1
    0.770973763732920814E+00   -0.130024538600607571E+03   -0.632230836425673726E+01    1
    0.770964627131578206E+00   -0.130024519498091706E+03   -0.632426148925675413E+01    1
    0.770954818016090226E+00   -0.130024516362277609E+03   -0.632621461425673992E+01    1
    0.767400568198398969E+00   -0.130024513806559014E+03   -0.632816773925674614E+01    1
    0.767426043810640612E+00   -0.130024505861033504E+03   -0.633012086425676035E+01    1
    0.767539873395026606E+00   -0.130024496238953503E+03   -0.633207398925673903E+01    1
    0.771529177066303751E+00   -0.130024495350442493E+03   -0.633402711425673548E+01    1
    0.770930253552045475E+00   -0.130024491256420845E+03   -0.633598023925674703E+01    1
    0.767656726438592174E+00   -0.130024488949678471E+03   -0.633793336425674525E+01    1
    0.767656221767535674E+00   -0.130024488890770215E+03   -0.633988648925674791E+01    1
    0.771511320616866336E+00   -0.130024483462466804E+03   -0.634183961425675413E+01    1
    0.767562818801247770E+00   -0.130024479868254076E+03   -0.634379273925674880E+01    1
    0.771477225634025321E+00   -0.130024463506308791E+03   -0.634574586425673814E+01    1
    0.767596731097733520E+00   -0.130024455787531053E+03   -0.634769898925675147E+01    1
    0.771309030873892132E+00   -0.130024451331094042E+03   -0.634965211425675058E+01    1
    0.767737311673478806E+00   -0.130024447923642128E+03   -0.635160523925672660E+01    1
    0.767749464883262789E+00   -0.130024445617079266E+03   -0.635355836425673726E+01    1
    0.767761997167233923E+00   -0.130024443361149395E+03   -0.635551148925674969E+01    1
    0.767768147988457716E+00   -0.130024441060684694E+03   -0.635746461425673903E+01    1
    0.767840924523446544E+00   -0.130024433130912684E+03   -0.635941773925672660E+01    1
    0.771422042936838248E+00   -0.130024432750707717E+03   -0.636137086425671328E+01    1
    0.771412567223948575E+00   -0.130024427867197971E+03   -0.636332398925672482E+01    1
    0.771383344257844605E+00   -0.130024425780361838E+03   -0.636527711425674259E+01    1
    0.771127176883333765E+00   -0.130024419961357722E+03   -0.636723023925674347E+01    1
    0.771200283395551689E+00   -0.130024410850065721E+03   -0.636918336425673548E+01    1
    0.771100038825259126E+00   -0.130024408486253009E+03   -0.637113648925672749E+01    1
    0.767895672198750101E+00   -0.130024401357307539E+03   -0.637308961425673814E+01    1
    0.767898132755597596E+00   -0.130024401139038616E+03   -0.637504273925672926E+01    1
    0.767908222751356839E+00   -0.130024400394910288E+03   -0.637699586425670972E+01    1
    0.771333997247918512E+00   -0.130024400040430010E+03   -0.637894898925670795E+01    1
    0.771325110698524607E+00   -0.130024398358576491E+03   -0.638090211425670972E+01    1
    0.771327596374745905E+00   -0.130024397023299514E+03   -0.638285523925672837E+01    1
    0.767712128359405499E+00   -0.130024396034852145E+03   -0.638480836425674347E+01    1
    0.767713499648859710E+00   -0.130024395314592766E+03   -0.638676148925673726E+01    1
    0.767982864970748746E+00   -0.130024381463993308E+03   -0.638871461425673193E+01    1
    0.770909219501816123E+00   -0.130024374990098636E+03   -0.639066773925673104E+01    1
    0.770905863781827905E+00   -0.130024368236081500E+03   -0.639262086425671949E+01    1
    0.782866977721453750E+00   -0.130024357815478481E+03   -0.639457398925673992E+01    1
    0.782651925052984865E+00   -0.130024309780476585E+03   -0.639652711425672660E+01    1
    0.782650181540081813E+00   -0.130024309578345935E+03   -0.639848023925674347E+01    1
    0.782659241641513237E+00   -0.130024309045335031E+03   -0.640043336425672749E+01    1
    0.782661146146766851E+00   -0.130024308871997050E+03   -0.640238648925672038E+01    1
    0.782619439993649690E+00   -0.130024305729742480E+03   -0.640433961425670972E+01    1
    0.782644569643606069E+00   -0.130024301747639328E+03   -0.640629273925670351E+01    1
    0.769699549240744796E+00   -0.130024300173060311E+03   -0.640824586425673015E+01    1
    0.782179751615588614E+00   -0.130024294036226934E+03   -0.641019898925674703E+01    1
    0.782696583874318952E+00   -0.130024293928405001E+03   -0.641215211425674259E+01    1
    0.782690710507997212E+00   -0.130024293830510373E+03   -0.641410523925674525E+01    1
    0.782694419041009115E+00   -0.130024293783970279E+03   -0.641605836425672749E+01    1
    0.782700060624017646E+00   -0.130024293681604888E+03   -0.641801148925670883E+01    1
    0.782172479556859312E+00   -0.130024293241024509E+03   -0.641996461425673282E+01    1
    0.769691038340168943E+00   -0.130024292259770561E+03   -0.642191773925673193E+01    1
    0.782610299966937872E+00   -0.130024289825957936E+03   -0.642387086425670528E+01    1
    0.769913365350946455E+00   -0.130024283279225500E+03   -0.642582398925672749E+01    1
    0.769915404587387053E+00   -0.130024282562779632E+03   -0.642777711425674170E+01    1
    0.769865755003185104E+00   -0.130024279892213144E+03   -0.642973023925674614E+01    1
    0.782558487833005301E+00   -0.130024279782690940E+03   -0.643168336425675680E+01    1
    0.782528769330162688E+00   -0.130024278542575473E+03   -0.643363648925675058E+01    1
    0.782795427468624627E+00   -0.130024277946408716E+03   -0.643558961425673814E+01    1
    0.782522004226069323E+00   -0.130024277289141907E+03   -0.643754273925673548E+01    1
    0.782470281151735003E+00   -0.130024275447871048E+03   -0.643949586425673548E+01    1
    0.770649971578639570E+00   -0.130024272092977242E+03   -0.644144898925671505E+01    1
    0.770753600413663476E+00   -0.130024270752292978E+03   -0.644340211425670972E+01    1
    0.769720164254146688E+00   -0.130024269253211031E+03   -0.644535523925671594E+01    1
    0.769719108098655291E+00   -0.130024269189128802E+03   -0.644730836425673370E+01    1
    0.782036324558070373E+00   -0.130024268918694077E+03   -0.644926148925673370E+01    1
    0.782739189757735820E+00   -0.130024268473764351E+03   -0.645121461425670617E+01    1
    0.770754918039000758E+00   -0.130024268399606854E+03   -0.645316773925673193E+01    1
    0.782394518836627362E+00   -0.130024265284751039E+03   -0.645512086425674347E+01    1
    0.770680787341403550E+00   -0.130024264163129089E+03   -0.645707398925671061E+01    1
    0.769791398231223223E+00   -0.130024263970069796E+03   -0.645902711425671594E+01    1
    0.782098988261505590E+00   -0.130024257959980048E+03   -0.646098023925671594E+01    1
    0.782743050148780539E+00   -0.130024257905084170E+03   -0.646293336425672216E+01    1
    0.782078417777902768E+00   -0.130024256066206476E+03   -0.646488648925673992E+01    1
    0.767669947221764626E+00   -0.130024253405397246E+03   -0.646683961425673903E+01    1
    0.770112040187665881E+00   -0.130024246630476057E+03   -0.646879273925673193E+01    1
    0.769778494865592910E+00   -0.130024244593498850E+03   -0.647074586425670972E+01    1
    0.770058863615017519E+00   -0.130024241242108133E+03   -0.647269898925672216E+01    1
    0.768640238984373947E+00   -0.130024240758584824E+03   -0.647465211425673903E+01    1
    0.768601917095988019E+00   -0.130024232568464868E+03   -0.647660523925673193E+01    1
    0.769771413485746958E+00   -0.130024230516624414E+03   -0.647855836425671772E+01    1
    0.769771436321541436E+00   -0.130024230512229821E+03   -0.648051148925672837E+01    1
    0.768538821796038607E+00   -0.130024223095339266E+03   -0.648246461425674791E+01    1
    0.768573360935080774E+00   -0.130024222527533567E+03   -0.648441773925675502E+01    1
    0.768546914801576775E+00   -0.130024222171621318E+03   -0.648637086425673282E+01    1
    0.770171504596304457E+00   -0.130024207754083477E+03   -0.648832398925671061E+01    1
    0.770175120644349009E+00   -0.130024204730454585E+03   -0.649027711425673726E+01    1
    0.773413381298708180E+00   -0.130024204038005337E+03   -0.649223023925674436E+01    1
    0.773414646401718420E+00   -0.130024203357100475E+03   -0.649418336425673370E+01    1
    0.782353061593669241E+00   -0.130024202207913106E+03   -0.649613648925671416E+01    1
    0.782347507928469188E+00   -0.130024200429870916E+03   -0.649808961425671150E+01    1
    0.770698004388597591E+00   -0.130024189827766634E+03   -0.650004273925673726E+01    1
    0.769594343594117047E+00   -0.130024186669217556E+03   -0.650199586425672393E+01    1
    0.768648804690856391E+00   -0.130024183049899989E+03   -0.650394898925671949E+01    1
    0.768676700897305332E+00   -0.130024180596175398E+03   -0.650590211425674703E+01    1
    0.769662477612102713E+00   -0.130024179476251163E+03   -0.650785523925673903E+01    1
    0.769613966392251991E+00   -0.130024177746886835E+03   -0.650980836425673282E+01    1
    0.768230964459095333E+00   -0.130024175168727680E+03   -0.651176148925672837E+01    1
    0.770218015400565115E+00   -0.130024172926292238E+03   -0.651371461425673637E+01    1
    0.768352793422262370E+00   -0.130024161519432823E+03   -0.651566773925674969E+01    1
    0.768243581235505735E+00   -0.130024158226524065E+03   -0.651762086425675236E+01    1
    0.782224806637955683E+00   -0.130024156152919943E+03   -0.651957398925676301E+01    1
    0.768165160833928939E+00   -0.130024156028069854E+03   -0.652152711425673548E+01    1
    0.768167673913103588E+00   -0.130024155376554376E+03   -0.652348023925671860E+01    1
    0.768175247404318973E+00   -0.130024153818872492E+03   -0.652543336425674703E+01    1
    0.768030019744411763E+00   -0.130024151914669687E+03   -0.652738648925670706E+01    1
    0.768037416258220529E+00   -0.130024151735377558E+03   -0.652933961425671860E+01    1
    0.768042721013261542E+00   -0.130024151624340391E+03   -0.653129273925672926E+01    1
    0.767853642919142043E+00   -0.130024150847916928E+03   -0.653324586425675324E+01    1
    0.767854417052572513E+00   -0.130024150747408441E+03   -0.653519898925672749E+01    1
    0.768096646599966459E+00   -0.130024149811215921E+03   -0.653715211425671061E+01    1
    0.768011682601502099E+00   -0.130024149561993909E+03   -0.653910523925674436E+01    1
    0.768020838613269974E+00   -0.130024149226791906E+03   -0.654105836425674436E+01    1
    0.768206815606508719E+00   -0.130024146614689414E+03   -0.654301148925673992E+01    1
    0.779625010817662112E+00   -0.130024142981416759E+03   -0.654496461425673548E+01    1
    0.782289024317200377E+00   -0.130024141883473533E+03   -0.654691773925671328E+01    1
    0.773432124918758346E+00   -0.130024140464127981E+03   -0.654887086425672837E+01    1
    0.768226693023751239E+00   -0.130024140255796823E+03   -0.655082398925671860E+01    1
    0.784718001544583266E+00   -0.130024134382048572E+03   -0.655277711425671416E+01    1
    0.784704169903910342E+00   -0.130024133781052115E+03   -0.655473023925672837E+01    1
    0.784652502777272276E+00   -0.130024130234806449E+03   -0.655668336425673015E+01    1
    0.784643169788097783E+00   -0.130024129840504656E+03   -0.655863648925673193E+01    1
    0.779617167864072647E+00   -0.130024127806634965E+03   -0.656058961425672305E+01    1
    0.779614901411477601E+00   -0.130024127546411535E+03   -0.656254273925671860E+01    1
    0.779633437225798698E+00   -0.130024125979077041E+03   -0.656449586425673193E+01    1
    0.769974767376740643E+00   -0.130024125528223692E+03   -0.656644898925674703E+01    1
    0.784624363369612943E+00   -0.130024125058456917E+03   -0.656840211425672749E+01    1
    0.773443723218738222E+00   -0.130024117586086646E+03   -0.657035523925670528E+01    1
    0.769990472694344730E+00   -0.130024116938611598E+03   -0.657230836425671772E+01    1
    0.773529942044105301E+00   -0.130024116571584443E+03   -0.657426148925673459E+01    1
    0.772844815689536002E+00   -0.130024115405422094E+03   -0.657621461425671150E+01    1
    0.770045835794307743E+00   -0.130024115075466455E+03   -0.657816773925671949E+01    1
    0.769999221087182550E+00   -0.130024114018530895E+03   -0.658012086425671949E+01    1
    0.773532080616251672E+00   -0.130024113333340551E+03   -0.658207398925672837E+01    1
    0.784552489990293034E+00   -0.130024112222574502E+03   -0.658402711425675680E+01    1
    0.773590040146038715E+00   -0.130024112219813560E+03   -0.658598023925673637E+01    1
    0.770609613879182254E+00   -0.130024112184566633E+03   -0.658793336425673370E+01    1
    0.768381455769613697E+00   -0.130024112061684036E+03   -0.658988648925672127E+01    1
    0.770592909495572687E+00   -0.130024111422699860E+03   -0.659183961425670972E+01    1
    0.773550617572362431E+00   -0.130024111326664240E+03   -0.659379273925671683E+01    1
    0.773306359064635296E+00   -0.130024111164978279E+03   -0.659574586425670439E+01    1
    0.770591181967725802E+00   -0.130024111120397265E+03   -0.659769898925670706E+01    1
    0.784745638564765646E+00   -0.130024110852214051E+03   -0.659965211425672305E+01    1
    0.770055125395472939E+00   -0.130024110768842661E+03   -0.660160523925673015E+01    1
    0.784570209424963916E+00   -0.130024110764402508E+03   -0.660355836425673459E+01    1
    0.784571924393123954E+00   -0.130024110754412106E+03   -0.660551148925674347E+01    1
    0.784571956363236178E+00   -0.130024110754226172E+03   -0.660746461425673903E+01    1
    0.773560666463691704E+00   -0.130024110680427214E+03   -0.660941773925672837E+01    1
    0.773553283651359558E+00   -0.130024109885132845E+03   -0.661137086425671860E+01    1
    0.768469636189720418E+00   -0.130024109378350943E+03   -0.661332398925672749E+01    1
    0.768468565190962627E+00   -0.130024109323727743E+03   -0.661527711425675502E+01    1
    0.773571496339189646E+00   -0.130024109075733236E+03   -0.661723023925675591E+01    1
    0.768437969793614783E+00   -0.130024102887520144E+03   -0.661918336425673370E+01    1
    0.779586076929986049E+00   -0.130024100149945156E+03   -0.662113648925671505E+01    1
    0.768398220668078280E+00   -0.130024099991392063E+03   -0.662308961425671949E+01    1
    0.773022900632227339E+00   -0.130024099820546780E+03   -0.662504273925673015E+01    1
    0.781640283375651168E+00   -0.130024098873604714E+03   -0.662699586425675058E+01    1
    0.784514427288173666E+00   -0.130024095769253051E+03   -0.662894898925673548E+01    1
    0.773648150392069023E+00   -0.130024095746373462E+03   -0.663090211425672571E+01    1
    0.784521581742561702E+00   -0.130024095699631999E+03   -0.663285523925673992E+01    1
    0.781630884162672790E+00   -0.130024091985349287E+03   -0.663480836425674347E+01    1
    0.784473435895421400E+00   -0.130024089762938672E+03   -0.663676148925674880E+01    1
    0.768285685873235313E+00   -0.130024088673716108E+03   -0.663871461425674259E+01    1
    0.784774850112972433E+00   -0.130024085603440966E+03   -0.664066773925674347E+01    1
    0.784768184344584729E+00   -0.130024085587830996E+03   -0.664262086425673104E+01    1
    0.784796276938865556E+00   -0.130024085449131945E+03   -0.664457398925669995E+01    1
    0.784802659543402559E+00   -0.130024085143759635E+03   -0.664652711425672038E+01    1
    0.784448615670479299E+00   -0.130024085073422270E+03   -0.664848023925673814E+01    1
    0.784432385129603782E+00   -0.130024083101593703E+03   -0.665043336425671416E+01    1
    0.784856631943486094E+00   -0.130024080085321600E+03   -0.665238648925672660E+01    1
    0.781548619355107443E+00   -0.130024078558738779E+03   -0.665433961425673104E+01    1
    0.784864466904547475E+00   -0.130024077692488532E+03   -0.665629273925673903E+01    1
    0.773596472989323547E+00   -0.130024077591663826E+03   -0.665824586425675591E+01    1
    0.770256674116918560E+00   -0.130024076776409743E+03   -0.666019898925674525E+01    1
    0.779702460697976552E+00   -0.130024067644112961E+03   -0.666215211425673282E+01    1
    0.783945136642528961E+00   -0.130024064142345537E+03   -0.666410523925673459E+01    1
    0.783942782272125549E+00   -0.130024063939543623E+03   -0.666605836425673104E+01    1
    0.773266204603748175E+00   -0.130024062281221234E+03   -0.666801148925671949E+01    1
    0.773229050766246262E+00   -0.130024061765405577E+03   -0.666996461425673459E+01    1
    0.783925760470973731E+00   -0.130024060505050500E+03   -0.667191773925673193E+01    1
    0.771642935859726986E+00   -0.130024060331796022E+03   -0.667387086425673104E+01    1
    0.773221223797712853E+00   -0.130024059767259530E+03   -0.667582398925674791E+01    1
    0.781586516497717376E+00   -0.130024059049413665E+03   -0.667777711425671772E+01    1
    0.776338903465069397E+00   -0.130024057572264098E+03   -0.667973023925669196E+01    1
    0.776335414155683856E+00   -0.130024057017530083E+03   -0.668168336425671505E+01    1
    0.771686991816088685E+00   -0.130024056642377616E+03   -0.668363648925671505E+01    1
    0.772713981430844132E+00   -0.130024056442382630E+03   -0.668558961425669196E+01    1
    0.771688871201968496E+00   -0.130024056406314116E+03   -0.668754273925668752E+01    1
    0.772721884899288725E+00   -0.130024056399072037E+03   -0.668949586425671772E+01    1
    0.772719627581011537E+00   -0.130024055964803324E+03   -0.669144898925674170E+01    1
    0.775845105672158364E+00   -0.130024055149281878E+03   -0.669340211425672038E+01    1
    0.775844000419709023E+00   -0.130024054969049075E+03   -0.669535523925672482E+01    1
    0.771700867986560790E+00   -0.130024054310316785E+03   -0.669730836425672926E+01    1
    0.775837684038975794E+00   -0.130024053932496884E+03   -0.669926148925671505E+01    1
    0.771725741875619820E+00   -0.130024052638391822E+03   -0.670121461425673282E+01    1
    0.770826194262297038E+00   -0.130024051064527214E+03   -0.670316773925673903E+01    1
    0.781834539486152558E+00   -0.130024050823654989E+03   -0.670512086425674969E+01    1
    0.784938964116644988E+00   -0.130024050341636325E+03   -0.670707398925676301E+01    1
    0.775818086360214765E+00   -0.130024050048812200E+03   -0.670902711425673548E+01    1
    0.775824837762831510E+00   -0.130024049942435397E+03   -0.671098023925673104E+01    1
    0.779744070940757150E+00   -0.130024049819482855E+03   -0.671293336425675857E+01    1
    0.770807946178985515E+00   -0.130024047308552838E+03   -0.671488648925674170E+01    1
    0.779797201841816778E+00   -0.130024045672271484E+03   -0.671683961425672216E+01    1
    0.781929569502792021E+00   -0.130024044900842227E+03   -0.671879273925673370E+01    1
    0.779454403455849709E+00   -0.130024044559069978E+03   -0.672074586425673637E+01    1
    0.779803928125059609E+00   -0.130024044470096953E+03   -0.672269898925671594E+01    1
    0.781889518944769435E+00   -0.130024043735237058E+03   -0.672465211425670972E+01    1
    0.779786539809407597E+00   -0.130024043569614548E+03   -0.672660523925672926E+01    1
    0.775798049092411346E+00   -0.130024042699842568E+03   -0.672855836425672926E+01    1
    0.771996644046472502E+00   -0.130024042611145120E+03   -0.673051148925672127E+01    1
    0.781922798689750120E+00   -0.130024041934213471E+03   -0.673246461425674525E+01    1
    0.781922678801829418E+00   -0.130024041927997189E+03   -0.673441773925674614E+01    1
    0.775790587496588580E+00   -0.130024041676481829E+03   -0.673637086425673282E+01    1
    0.776544313719349399E+00   -0.130024041661027553E+03   -0.673832398925674880E+01    1
    0.781901720109721698E+00   -0.130024041106180192E+03   -0.674027711425675324E+01    1
    0.781903672570143593E+00   -0.130024040784298251E+03   -0.674223023925672926E+01    1
    0.779766754877132429E+00   -0.130024040255231284E+03   -0.674418336425670439E+01    1
    0.781863100214218787E+00   -0.130024039981410738E+03   -0.674613648925672038E+01    1
    0.784894079220946117E+00   -0.130024039227030528E+03   -0.674808961425671594E+01    1
    0.779837044594110185E+00   -0.130024038631619504E+03   -0.675004273925672571E+01    1
    0.779689881600626800E+00   -0.130024035981706390E+03   -0.675199586425676479E+01    1
    0.779687390215456855E+00   -0.130024035728881728E+03   -0.675394898925674969E+01    1
    0.772047012958198331E+00   -0.130024034922472765E+03   -0.675590211425670439E+01    1
    0.772686717775900256E+00   -0.130024033355000938E+03   -0.675785523925669285E+01    1
    0.772026264355399228E+00   -0.130024033340901667E+03   -0.675980836425673370E+01    1
    0.784381213539704469E+00   -0.130024032004926312E+03   -0.676176148925672837E+01    1
    0.784380860726680784E+00   -0.130024031987506334E+03   -0.676371461425672127E+01    1
    0.784368770315331476E+00   -0.130024031241793324E+03   -0.676566773925672393E+01    1
    0.775220241837242252E+00   -0.130024030575170457E+03   -0.676762086425668841E+01    1
    0.772073692016805313E+00   -0.130024029742003279E+03   -0.676957398925671949E+01    1
    0.772077705407672510E+00   -0.130024029544614962E+03   -0.677152711425675680E+01    1
    0.772065329548893065E+00   -0.130024029154101157E+03   -0.677348023925673992E+01    1
    0.776266920473936306E+00   -0.130024026216206920E+03   -0.677543336425672393E+01    1
    0.775775263536750970E+00   -0.130024025445600500E+03   -0.677738648925670706E+01    1
    0.783950644636140170E+00   -0.130024024157180321E+03   -0.677933961425669818E+01    1
    0.776330542138946922E+00   -0.130024023371121928E+03   -0.678129273925669018E+01    1
    0.776287594860403662E+00   -0.130024023122607986E+03   -0.678324586425667864E+01    1
    0.776326251293177561E+00   -0.130024022779998575E+03   -0.678519898925668130E+01    1
    0.781766012692503121E+00   -0.130024022157353329E+03   -0.678715211425671416E+01    1
    0.776280222324178926E+00   -0.130024022057993022E+03   -0.678910523925670706E+01    1
    0.775271535598641703E+00   -0.130024020861365386E+03   -0.679105836425667864E+01    1
    0.775266818865306684E+00   -0.130024020599075442E+03   -0.679301148925670439E+01    1
    0.775176700828044352E+00   -0.130024019232078217E+03   -0.679496461425673992E+01    1
    0.779840990619383945E+00   -0.130024019143429427E+03   -0.679691773925674347E+01    1
    0.776205045747197842E+00   -0.130024018539513975E+03   -0.679887086425674347E+01    1
    0.776246540669216833E+00   -0.130024017848884171E+03   -0.680082398925676124E+01    1
    0.776246365975389541E+00   -0.130024017825790111E+03   -0.680277711425673548E+01    1
    0.776397219233249336E+00   -0.130024017094408094E+03   -0.680473023925668929E+01    1
    0.784974134665402556E+00   -0.130024017052781346E+03   -0.680668336425670528E+01    1
    0.776382184146210963E+00   -0.130024016988647759E+03   -0.680863648925674525E+01    1
    0.776615958740725310E+00   -0.130024016787234501E+03   -0.681058961425672038E+01    1
    0.772676389146089493E+00   -0.130024014104256139E+03   -0.681254273925671772E+01    1
    0.776416126129229500E+00   -0.130024013155532089E+03   -0.681449586425671772E+01    1
    0.772668261886859664E+00   -0.130024013000308400E+03   -0.681644898925671683E+01    1
    0.776469100605097329E+00   -0.130024011970161894E+03   -0.681840211425675058E+01    1
    0.770315468294991312E+00   -0.130024011457927259E+03   -0.682035523925671328E+01    1
    0.770288759549851654E+00   -0.130024010702451335E+03   -0.682225585434588577E+01    2
    0.772767871622067726E+00   -0.130024011100976878E+03   -0.682230793183480344E+01    3
    0.784283015056590815E+00   -0.130023996022144559E+03   -0.682226420961389568E+01    4
    0.770329286343057640E+00   -0.130024010460137873E+03   -0.684011299720302812E+01    2
    0.781742854913393903E+00   -0.130024007446076126E+03   -0.682483957740441660E+01    3
    0.784281761371477870E+00   -0.130023995962377683E+03   -0.683865765223684186E+01    4
    0.770291579770461032E+00   -0.130024009926434786E+03   -0.685797014006017225E+01    2
    0.776366718604448169E+00   -0.130024006430951999E+03   -0.682737122297405197E+01    3
    0.784278334860526893E+00   -0.130023995799304089E+03   -0.685505109485978981E+01    4
    0.768306266632945656E+00   -0.130024007577152474E+03   -0.687582728291731460E+01    2
    0.776366691201494818E+00   -0.130024006428456119E+03   -0.682990286854367312E+01    3
    0.784294652177421225E+00   -0.130023991947043100E+03   -0.687144453748274131E+01    4
    0.768315185152451674E+00   -0.130024007455446963E+03   -0.689368442577445695E+01    2
    0.779660696313583590E+00   -0.130024006230199973E+03   -0.683243451411329428E+01    3
    0.784294196603322780E+00   -0.130023991925907836E+03   -0.688783798010569193E+01    4
    0.770306291731008397E+00   -0.130024004691850394E+03   -0.691154156863159841E+01    2
    0.775238810763465125E+00   -0.130024003928342950E+03   -0.683496615968292431E+01    3
    0.783979180244832485E+00   -0.130023989238206013E+03   -0.690423142272864343E+01    4
    0.770312182224175968E+00   -0.130024004497870067E+03   -0.692939871148873987E+01    2
    0.776189324444537587E+00   -0.130024002141341015E+03   -0.683749780525254103E+01    3
    0.783980657720730778E+00   -0.130023989235945407E+03   -0.692062486535159405E+01    4
    0.770039421219658515E+00   -0.130023999786945069E+03   -0.694725585434588044E+01    2
    0.781515266535584674E+00   -0.130024001321970843E+03   -0.684002945082216840E+01    3
    0.784272488897158393E+00   -0.130023986695611427E+03   -0.693701830797454555E+01    4
    0.770496954629259712E+00   -0.130023994615010622E+03   -0.696511299720302546E+01    2
    0.781713588559280526E+00   -0.130024001317781199E+03   -0.684256109639179488E+01    3
    0.784332797851193142E+00   -0.130023976481002848E+03   -0.695341175059749972E+01    4
    0.770490589151568428E+00   -0.130023989914018330E+03   -0.698297014006016958E+01    2
    0.781514554058799216E+00   -0.130024001269685130E+03   -0.684509274196140272E+01    3
    0.782996939652799262E+00   -0.130023975937718120E+03   -0.696980519322044856E+01    4
    0.770531055740259596E+00   -0.130023987622842640E+03   -0.700082728291731282E+01    2
    0.781508636162678294E+00   -0.130024001012099916E+03   -0.684762438753101854E+01    3
    0.784307466483453286E+00   -0.130023973748053209E+03   -0.698619863584339917E+01    4
    0.770527634519046933E+00   -0.130023987177333879E+03   -0.701868442577445784E+01    2
    0.781499981396597709E+00   -0.130023999292221134E+03   -0.685015603310063526E+01    3
    0.784306789402149040E+00   -0.130023973716702159E+03   -0.700259207846634979E+01    4
    0.770478353732924615E+00   -0.130023983709837864E+03   -0.703654156863159841E+01    2
    0.781413138012253539E+00   -0.130023998765005302E+03   -0.685268767867023865E+01    3
    0.783026199156174330E+00   -0.130023968707800520E+03   -0.701898552108929774E+01    4
    0.770475981093885598E+00   -0.130023983443304189E+03   -0.705439871148873987E+01    2
    0.772087684649828909E+00   -0.130023997350318098E+03   -0.685521932423985891E+01    3
    0.784244606311697012E+00   -0.130023960741388635E+03   -0.703537896371224925E+01    4
    0.770555632705216098E+00   -0.130023971112763604E+03   -0.707225585434588222E+01    2
    0.775727818748499054E+00   -0.130023995962486993E+03   -0.685775096980949694E+01    3
    0.784039483868915643E+00   -0.130023958972152741E+03   -0.705177240633520164E+01    4
    0.775729611358360160E+00   -0.130023995918175785E+03   -0.686028261537912165E+01    3
    0.784037776893283689E+00   -0.130023958848165648E+03   -0.706816584895815225E+01    4
    0.768784239220331789E+00   -0.130023965646847017E+03   -0.709008005622454984E+01    6
    0.775469081205327537E+00   -0.130023995553001782E+03   -0.686281426094872415E+01    3
    0.784016109149759499E+00   -0.130023957277305726E+03   -0.708455929158110198E+01    4
    0.768808681512876513E+00   -0.130023965425158337E+03   -0.711280732895182410E+01    6
    0.771952220433820724E+00   -0.130023995072771839E+03   -0.686534590651834797E+01    3
    0.784021745120737079E+00   -0.130023957155418486E+03   -0.710095273420405260E+01    4
    0.769540026373538022E+00   -0.130023965060336479E+03   -0.713553460167909837E+01    6
    0.781674012985781652E+00   -0.130023994842310515E+03   -0.686787755208798689E+01    3
    0.784070047427990247E+00   -0.130023957107500365E+03   -0.711734617682700588E+01    4
    0.768795783856194848E+00   -0.130023963500731071E+03   -0.715826187440636996E+01    6
    0.772927059944886419E+00   -0.130023994381296347E+03   -0.687040919765760716E+01    3
    0.784067562761719850E+00   -0.130023952686376560E+03   -0.713373961944995738E+01    4
    0.768816470802349050E+00   -0.130023963446167329E+03   -0.718098914713364156E+01    6
    0.772890822964529933E+00   -0.130023993913875870E+03   -0.687294084322721055E+01    3
    0.784063072102749503E+00   -0.130023952603428540E+03   -0.715013306207290533E+01    4
    0.768780962893665820E+00   -0.130023959164627883E+03   -0.720371641986091049E+01    6
    0.781665922263822810E+00   -0.130023993640510639E+03   -0.687547248879683259E+01    3
    0.783551959068728543E+00   -0.130023951053740632E+03   -0.716652650469585595E+01    4
    0.768777455847602931E+00   -0.130023955896241489E+03   -0.722644369258818298E+01    6
    0.772900545303999209E+00   -0.130023992989007013E+03   -0.687800413436646618E+01    3
    0.783553597536977287E+00   -0.130023950863210217E+03   -0.718291994731880834E+01    4
    0.768839150171565455E+00   -0.130023951395293409E+03   -0.724917096531545901E+01    6
    0.771764197353402959E+00   -0.130023992570082498E+03   -0.688053577993609355E+01    3
    0.783555109266567129E+00   -0.130023950677126209E+03   -0.719931338994175718E+01    4
    0.769524278809714191E+00   -0.130023949563921974E+03   -0.727189823804273239E+01    6
    0.781698016831073650E+00   -0.130023991724662665E+03   -0.688306742550571649E+01    3
    0.783555352467777633E+00   -0.130023950647274347E+03   -0.721570683256470868E+01    4
    0.769521667536623655E+00   -0.130023948827039902E+03   -0.729462551077000310E+01    6
    0.772921567936331266E+00   -0.130023991556750275E+03   -0.688559907107532876E+01    3
    0.783555684652088025E+00   -0.130023950507267244E+03   -0.723210027518766196E+01    4
    0.768700283422190545E+00   -0.130023948095543631E+03   -0.731735278349727647E+01    6
    0.781649321783077888E+00   -0.130023991040881782E+03   -0.688813071664495613E+01    3
    0.783586629010797342E+00   -0.130023946066949321E+03   -0.724849371781061080E+01    4
    0.768714558077275067E+00   -0.130023946382604493E+03   -0.734008005622455162E+01    6
    0.775739090498878459E+00   -0.130023990881185739E+03   -0.689066236221457018E+01    3
    0.783612823311564344E+00   -0.130023942845912359E+03   -0.726488716043355875E+01    4
    0.781432715138799527E+00   -0.130023990753637634E+03   -0.689319400778417979E+01    3
    0.784120122278338605E+00   -0.130023941679887429E+03   -0.728128060305651115E+01    4
    0.781431943288948494E+00   -0.130023990676990593E+03   -0.689572565335380983E+01    3
    0.784115077199144750E+00   -0.130023941657615524E+03   -0.729767404567946443E+01    4
    0.771782729742354845E+00   -0.130023990662197093E+03   -0.689825729892341943E+01    3
    0.784219021168131358E+00   -0.130023941381110092E+03   -0.731406748830241504E+01    4
    0.776632591191582455E+00   -0.130023989386137885E+03   -0.690078894449305036E+01    3
    0.784128873163944973E+00   -0.130023941329859724E+03   -0.733046093092536744E+01    4
    0.776628385980042246E+00   -0.130023989096958303E+03   -0.690332059006269194E+01    3
    0.784150766839353364E+00   -0.130023935655298146E+03   -0.734685437354831716E+01    4
    0.772627567359434830E+00   -0.130023988096861842E+03   -0.690585223563228645E+01    3
    0.772627430344668298E+00   -0.130023988074788207E+03   -0.690838388120190405E+01    3
    0.772619692435733141E+00   -0.130023986852100563E+03   -0.691091552677152610E+01    3
    0.775491325552660538E+00   -0.130023985780964210E+03   -0.691344717234113837E+01    3
    0.775455734825285736E+00   -0.130023984912117498E+03   -0.691597881791075952E+01    3
    0.772189044748678222E+00   -0.130023984896709123E+03   -0.691851046348037269E+01    3
    0.772187183631434015E+00   -0.130023983913779631E+03   -0.692104210905001160E+01    3
    0.781496770683903885E+00   -0.130023983692016600E+03   -0.692357375461963187E+01    3
    0.775711949013175195E+00   -0.130023983493146829E+03   -0.692610540018922904E+01    3
    0.775720005481442376E+00   -0.130023983330098844E+03   -0.692863704575884842E+01    3
    0.771918703921338767E+00   -0.130023982984976811E+03   -0.693116869132848379E+01    3
    0.779944771312440555E+00   -0.130023982556464546E+03   -0.693370033689811027E+01    3
    0.771933409448177121E+00   -0.130023980642993990E+03   -0.693616897357482998E+01    7
    0.781442146321890019E+00   -0.130023978092004597E+03   -0.693623164225384059E+01    8
    0.771942526639094462E+00   -0.130023979973274777E+03   -0.695577681671208570E+01    7
    0.779924717859841743E+00   -0.130023976328549168E+03   -0.693913861899800910E+01    8
    0.772140734483818258E+00   -0.130023967577862265E+03   -0.697538465984933875E+01    7
    0.775540229767237910E+00   -0.130023973131684073E+03   -0.694204559574218738E+01    8
    0.771812689162828525E+00   -0.130023964667678456E+03   -0.699499250298659181E+01    7
    0.779915238921322307E+00   -0.130023972968589419E+03   -0.694495257248638431E+01    8
    0.771812235872309516E+00   -0.130023964662986032E+03   -0.701460034612384931E+01    7
    0.775358018915682456E+00   -0.130023969815431826E+03   -0.694785954923058213E+01    8
    0.771905751764760062E+00   -0.130023959352563281E+03   -0.703420818926110680E+01    7
    0.775299395267819547E+00   -0.130023969665549259E+03   -0.695076652597476308E+01    8
    0.771828280301460667E+00   -0.130023956495477307E+03   -0.705381603239836075E+01    7
    0.775304873574897968E+00   -0.130023968060329423E+03   -0.695367350271892892E+01    8
    0.771877047282208850E+00   -0.130023954175568861E+03   -0.707342387553561291E+01    7
    0.779972469989267836E+00   -0.130023967490349662E+03   -0.695658047946312408E+01    8
    0.773124546178506900E+00   -0.130023953995765396E+03   -0.709303171867286686E+01    7
    0.779965701459805261E+00   -0.130023967223444856E+03   -0.695948745620732101E+01    8
    0.772971789557183153E+00   -0.130023953863380569E+03   -0.711263956181012524E+01    7
    0.775679550729858724E+00   -0.130023967091373208E+03   -0.696239443295149840E+01    8
    0.771868867500651867E+00   -0.130023952636932734E+03   -0.713224740494737919E+01    7
    0.782022871991584601E+00   -0.130023966042308984E+03   -0.696530140969569622E+01    8
    0.771866571747309993E+00   -0.130023952538907224E+03   -0.715185524808463136E+01    7
    0.782002269537869554E+00   -0.130023964489838249E+03   -0.696820838643987006E+01    8
    0.771851132080924818E+00   -0.130023949067402981E+03   -0.717146309122188530E+01    7
    0.782000141241830815E+00   -0.130023964448585389E+03   -0.697111536318403147E+01    8
    0.773109477979566639E+00   -0.130023948883650206E+03   -0.719107093435914191E+01    7
    0.781998710579311140E+00   -0.130023964274141122E+03   -0.697402233992822307E+01    8
    0.772120394135286769E+00   -0.130023947747725174E+03   -0.721067877749639674E+01    7
    0.781993867883469140E+00   -0.130023963924934122E+03   -0.697692931667242178E+01    8
    0.772117237813693236E+00   -0.130023945016376103E+03   -0.723028662063365246E+01    7
    0.778039171082465453E+00   -0.130023940670522080E+03   -0.697983425831140192E+01    8
    0.775371634019849987E+00   -0.130023960214211684E+03   -0.697982686245529571E+01    9
    0.771881515105384719E+00   -0.130023942806557102E+03   -0.724989446377091085E+01    7
    0.778378796434799458E+00   -0.130023938966457706E+03   -0.698437971285685855E+01    8
    0.775389040604137603E+00   -0.130023959753250779E+03   -0.698789137858432952E+01    9
    0.772980044696861768E+00   -0.130023938697255716E+03   -0.726950230690816657E+01    7
    0.780799195396013057E+00   -0.130023938202730704E+03   -0.698892516740231873E+01    8
    0.775383548841115378E+00   -0.130023958707218156E+03   -0.699595589471336421E+01    9
    0.772109728054119260E+00   -0.130023938388188498E+03   -0.728911015004541785E+01    7
    0.780794214909252604E+00   -0.130023928703261731E+03   -0.699347062194776559E+01    8
    0.775330195045527359E+00   -0.130023954633464314E+03   -0.700402041084239357E+01    9
    0.772973529644717106E+00   -0.130023937006529820E+03   -0.730871799318267268E+01    7
    0.780763018283090249E+00   -0.130023928283051447E+03   -0.699801607649321422E+01    8
    0.775136906030919115E+00   -0.130023935210640218E+03   -0.701208492697142916E+01    9
    0.772099719933049600E+00   -0.130023926627938124E+03   -0.732832583631992929E+01    7
    0.780782604049585882E+00   -0.130023928121605366E+03   -0.700256153103867174E+01    8
    0.774097625049823601E+00   -0.130023913998445323E+03   -0.702014944310046829E+01    9
    0.772091859033046668E+00   -0.130023925428447740E+03   -0.734793367945718234E+01    7
    0.780778777912232713E+00   -0.130023926579367100E+03   -0.700710698558413725E+01    8
    0.773734797388581308E+00   -0.130023911462116246E+03   -0.702821395922949943E+01    9
    0.780773462881084290E+00   -0.130023925907960233E+03   -0.701165244012959565E+01    8
    0.773760022948874138E+00   -0.130023907489998805E+03   -0.703627847535852702E+01    9
    0.776643277069865690E+00   -0.130023917605322225E+03   -0.701619789467504695E+01    8
    0.773751330503732682E+00   -0.130023906921370866E+03   -0.704434299148755727E+01    9
    0.776645064597400014E+00   -0.130023917386754476E+03   -0.702074334922048937E+01    8
    0.773765830091392104E+00   -0.130023906296162238E+03   -0.705240750761659019E+01    9
    0.776667440897428563E+00   -0.130023914355297308E+03   -0.702528880376593889E+01    8
    0.773766403073705700E+00   -0.130023906150492110E+03   -0.706047202374562133E+01    9
    0.776689069820102218E+00   -0.130023911824104403E+03   -0.702983425831139286E+01    8
    0.773773698213026884E+00   -0.130023904685907667E+03   -0.706853653987465158E+01    9
    0.778363487318228353E+00   -0.130023911374121354E+03   -0.703437971285685304E+01    8
    0.775621050327007344E+00   -0.130023899776400356E+03   -0.707660105600368272E+01    9
    0.776882605461290066E+00   -0.130023910463005336E+03   -0.703892516740231322E+01    8
    0.775622694168941473E+00   -0.130023899564233318E+03   -0.708466557213271919E+01    9
    0.776880587918854171E+00   -0.130023910420420776E+03   -0.704347062194775919E+01    8
    0.773805231563304829E+00   -0.130023893059626317E+03   -0.709273008826174944E+01    9
    0.780883825991879110E+00   -0.130023909563629815E+03   -0.704798989056296410E+01   10
    0.776858607912802257E+00   -0.130023909515881655E+03   -0.704801159295864554E+01   11
    0.775640405863562754E+00   -0.130023892471954554E+03   -0.710060727485121124E+01   12
    0.774137772659972523E+00   -0.130023794325837827E+03   -0.710078697661820346E+01   13
    0.780883511999705959E+00   -0.130023909549868733E+03   -0.706132322389629863E+01   10
    0.778372287091603443E+00   -0.130023907483517689E+03   -0.705490814468278238E+01   11
    0.775647871774066133E+00   -0.130023888556864449E+03   -0.713509003347189985E+01   12
    0.774166482962492020E+00   -0.130023789780497481E+03   -0.711131329240767851E+01   13
    0.780914888381222694E+00   -0.130023905467000304E+03   -0.707465655722962783E+01   10
    0.778371901166677982E+00   -0.130023907450891471E+03   -0.706180469640691744E+01   11
    0.775651871463456710E+00   -0.130023887233235257E+03   -0.716957279209258935E+01   12
    0.774167381798490539E+00   -0.130023789431709076E+03   -0.712183960819714912E+01   13
    0.780674076936661465E+00   -0.130023904393991927E+03   -0.708798989056296058E+01   10
    0.779417181110964474E+00   -0.130023907331930047E+03   -0.706870124813105782E+01   11
    0.775576286125755687E+00   -0.130023885554630283E+03   -0.720405555071328063E+01   12
    0.774042754061230243E+00   -0.130023782763570011E+03   -0.713236592398662328E+01   13
    0.780670812559850824E+00   -0.130023904175441572E+03   -0.710132322389629422E+01   10
    0.776900942604199729E+00   -0.130023898921379583E+03   -0.707559779985519199E+01   11
    0.775577149318784298E+00   -0.130023885334745557E+03   -0.723853830933397013E+01   12
    0.774191918427981296E+00   -0.130023781896760511E+03   -0.714289223977610011E+01   13
    0.780670213120247647E+00   -0.130023904154613319E+03   -0.711465655722962875E+01   10
    0.778004983614657086E+00   -0.130023898190459136E+03   -0.708249435157932883E+01   11
    0.775663588509567514E+00   -0.130023883377122331E+03   -0.727302106795465875E+01   12
    0.773691489684551703E+00   -0.130023780528863966E+03   -0.715341855556557782E+01   13
    0.780666367572469322E+00   -0.130023903967131076E+03   -0.712798989056296595E+01   10
    0.776885269256707756E+00   -0.130023898070138131E+03   -0.708939090330346477E+01   11
    0.773686686380447797E+00   -0.130023779943567320E+03   -0.716394487135504665E+01   13
    0.779887122349457451E+00   -0.130023902523579380E+03   -0.714132322389629959E+01   10
    0.776788120617085354E+00   -0.130023897977884815E+03   -0.709628745502760161E+01   11
    0.774212679640396195E+00   -0.130023775258785520E+03   -0.717447118714451992E+01   13
    0.780729855648082616E+00   -0.130023900552280736E+03   -0.715465655722962968E+01   10
    0.776791516902765489E+00   -0.130023897946938035E+03   -0.710318400675174466E+01   11
    0.774045414099016504E+00   -0.130023774932085928E+03   -0.718499750293399853E+01   13
    0.780844365739141955E+00   -0.130023894574975486E+03   -0.716798989056296243E+01   10
    0.779396189209256574E+00   -0.130023894990998315E+03   -0.711008055847588860E+01   11
    0.774052681922849151E+00   -0.130023774742753460E+03   -0.719552381872347002E+01   13
    0.780078106090620116E+00   -0.130023884033142650E+03   -0.718132322389629874E+01   10
    0.779394979009851219E+00   -0.130023894853959007E+03   -0.711697711020002188E+01   11
    0.774055271195115302E+00   -0.130023774152137321E+03   -0.720605013451293797E+01   13
    0.780091530112362985E+00   -0.130023882517246363E+03   -0.719465655722963149E+01   10
    0.776984640357864187E+00   -0.130023893680472668E+03   -0.712387366192415961E+01   11
    0.774058006088315320E+00   -0.130023773271695234E+03   -0.721657645030241390E+01   13
    0.780099478664969093E+00   -0.130023880323447429E+03   -0.720798989056296247E+01   10
    0.776983737173638889E+00   -0.130023893618840475E+03   -0.713077021364830266E+01   11
    0.774039719715177710E+00   -0.130023772580402294E+03   -0.722710276609188806E+01   13
    0.780630171696542807E+00   -0.130023876866754733E+03   -0.722132322389629788E+01   10
    0.776707290265352679E+00   -0.130023888908657682E+03   -0.713766676537243416E+01   11
    0.774176587801517546E+00   -0.130023769492943757E+03   -0.723762908188135867E+01   13
    0.780562857483576344E+00   -0.130023876622553246E+03   -0.723465655722963152E+01   10
    0.778327620277741272E+00   -0.130023887991934657E+03   -0.714456331709656922E+01   11
    0.774177594860050999E+00   -0.130023769471629521E+03   -0.724815539767083283E+01   13
    0.777761935404033711E+00   -0.130023887519956645E+03   -0.715145986882071494E+01   11
    0.780636830614192201E+00   -0.130023876354600418E+03   -0.724789092250144051E+01   14
    0.781169068448103632E+00   -0.130023872249387523E+03   -0.724790994538568434E+01   15
    0.774269103597192698E+00   -0.130023700192207912E+03   -0.725866711860830449E+01   16
    0.778413823118052295E+00   -0.130023886140503578E+03   -0.715835642054485444E+01   11
    0.780637172333053853E+00   -0.130023876347469127E+03   -0.727566870027921908E+01   14
    0.781193243868177123E+00   -0.130023871197238350E+03   -0.727355097102671166E+01   15
    0.774286399427877359E+00   -0.130023693415364733E+03   -0.727275162565055844E+01   16
    0.777109846735024257E+00   -0.130023885448240776E+03   -0.716525297226898417E+01   11
    0.780081788362468442E+00   -0.130023867518375596E+03   -0.730344647805699676E+01   14
    0.781193934938150925E+00   -0.130023871123651872E+03   -0.729919199666773455E+01   15
    0.774235614904693281E+00   -0.130023665401059134E+03   -0.728683613269280972E+01   16
    0.777999976005655069E+00   -0.130023882805673907E+03   -0.717214952399312100E+01   11
    0.780085480102208462E+00   -0.130023867054864553E+03   -0.733122425583477444E+01   14
    0.781361642154073555E+00   -0.130023867557334967E+03   -0.732483302230875921E+01   15
    0.774647202076012564E+00   -0.130023614743539554E+03   -0.730092063973506100E+01   16
    0.776948503813817970E+00   -0.130023882459441637E+03   -0.717904607571726316E+01   11
    0.780555974775141825E+00   -0.130023864561702368E+03   -0.735900203361255212E+01   14
    0.781371903418290881E+00   -0.130023866241508301E+03   -0.735047404794978654E+01   15
    0.774644331094798688E+00   -0.130023614569881602E+03   -0.731500514677731850E+01   16
    0.779384098895605559E+00   -0.130023881798968091E+03   -0.718594262744139822E+01   11
    0.774636350028361842E+00   -0.130023610270127193E+03   -0.732908965381957422E+01   16
    0.777990291064534989E+00   -0.130023881536014301E+03   -0.719283917916553861E+01   11
    0.774350595127238028E+00   -0.130023599285552365E+03   -0.734317416086182462E+01   16
    0.779191405895231282E+00   -0.130023874663726360E+03   -0.719973573088967989E+01   11
    0.777981292926482992E+00   -0.130023874308942652E+03   -0.720663228261381139E+01   11
    0.776922661813002402E+00   -0.130023874127255567E+03   -0.721352883433794645E+01   11
    0.777977761777455701E+00   -0.130023873800531362E+03   -0.722042538606208950E+01   11
    0.777969968349301544E+00   -0.130023873393414618E+03   -0.722732193778623344E+01   11
    0.779209550231698356E+00   -0.130023873227012132E+03   -0.723421848951036850E+01   11
    0.777932390907813298E+00   -0.130023869197011720E+03   -0.724111504123450711E+01   11
    0.777943470835260054E+00   -0.130023868830523440E+03   -0.724801159295864306E+01   11
    0.776765258022775629E+00   -0.130023865292774531E+03   -0.725490814468277989E+01   11
    0.779168668609007131E+00   -0.130023857145381555E+03   -0.726180469640692028E+01   11
    0.779168329183192232E+00   -0.130023857111933012E+03   -0.726870124813105889E+01   11
    0.777056208879328802E+00   -0.130023853568847329E+03   -0.727559779985519217E+01   11
    0.778915077939627332E+00   -0.130023853525491688E+03   -0.728249435157932279E+01   11
    0.778912349062195530E+00   -0.130023853413992839E+03   -0.728939090330346584E+01   11
    0.778272333677689665E+00   -0.130023852948526553E+03   -0.729628745502760534E+01   11
    0.777014155622136604E+00   -0.130023852393137986E+03   -0.730318400675173951E+01   11
    0.778924688383703878E+00   -0.130023851038797773E+03   -0.731008055847587546E+01   11
    0.777031759736045879E+00   -0.130023850946660474E+03   -0.731697711020001496E+01   11
    0.778315399702363853E+00   -0.130023848934225242E+03   -0.732387366192415623E+01   11
    0.777051586914540682E+00   -0.130023848197037523E+03   -0.733077021364829928E+01   11
    0.777053919296595841E+00   -0.130023847893445122E+03   -0.733766676537244233E+01   11
