    0.775638523083320597E+00    0.553074794993186486E-02    0.775074215547353895E+00    0.767207468720884300E+00   -0.130423360976891388E+03   -0.130023214428606423E+03
    0.770421313013797127E+00    0.890842408436573713E-04    0.770336973904375055E+00    0.770336973904375055E+00   -0.133775926778819496E+03   -0.130023960872023622E+03
    0.769163692457311310E+00    0.253524176021143984E-03    0.769381760616813404E+00    0.768784239220331789E+00   -0.132467983393315706E+03   -0.130023599919292963E+03
    0.772327271119825909E+00    0.312417579279390190E-03    0.772322748324937525E+00    0.771933409448177121E+00   -0.132321959667206301E+03   -0.130023634447145469E+03
    0.775926011926917125E+00    0.172633480889308760E-03    0.776043938112109921E+00    0.775640405863562754E+00   -0.132880929428728876E+03   -0.130023595134349080E+03
    0.774700213210940514E+00    0.245628336754093429E-03    0.775074215547353895E+00    0.774269103597192698E+00   -0.131993642584056062E+03   -0.130023214428606423E+03
    0.773911399622565610E+00    0.517408840470762489E-04    0.773942894274073367E+00    0.773942894274073367E+00   -0.133083206475105698E+03   -0.130023694259877914E+03
    0.780342840214888200E+00    0.175363599319414078E-03    0.780272362201121616E+00    0.780636830614192201E+00   -0.132668128639353682E+03   -0.130023600621212950E+03
    0.781208058621746138E+00    0.138935829552022395E-03    0.780994290721958917E+00    0.781169068448103632E+00   -0.132588811928205956E+03   -0.130023493480866421E+03
    0.778098973303529284E+00    0.732066131309295326E-03    0.779043041738962105E+00    0.776858607912802257E+00   -0.131282334381549703E+03   -0.130023558092659187E+03
    0.783699188093253118E+00    0.418103371745805056E-03    0.783193223290173268E+00    0.784283015056590815E+00   -0.132143844493156195E+03   -0.130023812445581456E+03
