luminosity_distance inclination_EM supernova_mag_boost Ebv KNtimeshift log_likelihood log_prior
616.0022543675536 0.7627801190317481 0.5118587047415035 0.4750298732564625 0.0 -31.114754825504548 -12.739362983746672
373.5972953713538 0.49235571602881134 -0.0905538753765347 0.38783342316384867 0.0 -29.637352500236865 -12.479448859273484
2008.9520514015783 0.40978513868507266 -3.885756093283841 0.3326688162948983 0.0 -29.487376848315886 -12.388921077817642
1666.5897897476939 0.690800806444676 -3.716725351046533 0.5106967067138983 0.0 -29.20964966501663 -13.276576989810664
1118.94020278121 0.5502155204933677 -0.21149686050831562 0.21318323597784591 0.0 -29.206197210214054 -11.712665920218493
3731.7835228325844 0.33952243564073836 -3.7523875827903614 0.024979835587121746 0.0 -28.87538723453282 -11.742456904997786
1588.0161700681674 0.5929012893899624 -2.8906849341354937 0.48672820291324614 0.0 -28.743028963924786 -13.079665929714817
2830.1661610603333 0.4812026486080127 -3.4620344638824463 0.047690708613395694 0.0 -28.633266370392597 -11.455688750108646
850.8667034558885 0.6139469303102879 -1.936339148604758 0.4532406770560763 0.0 -28.55784022665596 -12.719187240988042
1532.5823165740442 0.7792056289058849 -2.6453103402669504 0.44479795103047554 0.0 -28.418108837287814 -12.452059540430797
1147.2901105880737 0.24292904703436782 -0.7606738805770874 0.28723253803253174 0.0 -28.238257750929304 -12.719935784525461
2370.783773404151 0.5887158563368915 -3.461679048589355 0.13135924990018552 0.0 -28.18058704726819 -11.447292507464873
1205.6231908540901 0.09854902355744516 0.013908435671488917 0.07261768208774178 0.0 -28.140804238948995 -13.052819027495154
2219.3001859712103 0.789819542169746 -3.350253408993072 0.3052194726815562 0.0 -28.09448418999372 -11.702418477939753
1633.8921182654447 0.5610367925698091 -1.6107876447645713 0.16839784562066223 0.0 -27.674900763036106 -11.577741983814901
1603.9984453500554 0.2497813266499282 -2.570896279161194 0.23439209736463698 0.0 -27.60588810989804 -12.52269166239984
198.524160864771 0.5591567541813882 2.2981155968928295 0.12801596565340906 0.0 -27.463942461753497 -11.485471129683201
319.3516268216896 0.6566064563714933 0.8963300085324448 0.2370404205967852 0.0 -27.46223872764063 -11.626555642472695
691.2617481224445 0.20791545210742554 -1.295550783353931 0.4228482515007113 0.0 -27.433993551202033 -13.518367839142282
2268.1326866149902 0.6301283730683713 -3.38347852230072 0.224641948056221 0.0 -27.423138506710206 -11.6255716657018
1884.850114719738 0.7313920045266586 -2.588591667977133 0.1914922530850032 0.0 -27.412577506042116 -11.409221548280911
1534.2412966490574 0.40852332069501635 -2.452402667690054 0.3234594567201072 0.0 -27.401274574985557 -12.354135144140539
1378.0419216851058 0.4263780683103997 -1.5183120338945377 0.04012416481375393 0.0 -27.356318475045477 -11.553923809992156
1107.381342897666 0.34542189962162134 -1.8765771505019146 0.516764958589635 0.0 -27.156665195464363 -14.012312548792826
1557.087200983801 0.0881951928596898 -2.270125272396442 0.2211769636159441 0.0 -27.134827685472715 -13.516249439604714
2188.2154747028108 0.4317633450015381 -3.0267878233354915 0.11782450937666748 0.0 -27.111270371615216 -11.699950311708843
1448.9425073383445 0.37203056055859274 -2.1253232157099795 0.2634610663783914 0.0 -27.046648341506987 -12.226982141208257
620.2279537891801 0.6425543409038985 0.5959763549181831 0.3208073519682478 0.0 -27.039622681758498 -11.932449260832382
323.5573039124282 0.4353226370074812 0.16296264999247168 0.5175336101841687 0.0 -26.831676810182593 -13.806724460811877
171.63122939617386 0.258153234851813 4.555419704966866 0.05105208623230825 0.0 -26.827580707236667 -12.057087635555018
544.4930478307253 0.4380749347746283 -0.007504193905784717 0.5530555262217463 0.0 -26.81554863299226 -14.843321929105421
321.428360476205 0.25284325085054665 0.6262046156109369 0.3537873706612136 0.0 -26.800927165458752 -12.946533283510803
1106.9326727097173 0.7646871178214215 -0.47471152127493355 0.20212620356041053 0.0 -26.75993313174624 -11.401648246215874
871.4394296659539 0.4674143912911718 -0.75022075735719 0.11097840100381272 0.0 -26.738748815646453 -11.611079867091288
1389.956295490265 0.26446120231526093 -1.6707223653793335 0.2276189219713211 0.0 -26.738663812539336 -12.44700631772908
1090.254732721436 0.3721519933006957 -1.993909229386586 0.4439401325466825 0.0 -26.67575873593924 -13.104198082941966
200.71228060308746 0.5855826330135349 1.4288329843371859 0.4700810906021076 0.0 -26.646700569486367 -12.913043832430311
1022.7728234292247 0.6031123506597178 -1.8114059142167296 0.40580710858983 0.0 -26.641471842614703 -12.399646651018887
711.69263089053 0.5532098611674571 0.05006855494156248 0.36255899475271486 0.0 -26.636191807662385 -12.24537661211666
1781.7583110732926 0.2091824272338604 -1.9258440530544805 0.08613379815208493 0.0 -26.571160036372717 -12.333267221382611
848.8686706750841 0.1776672702089281 -1.742760634639243 0.4978976713487887 0.0 -26.553376284339173 -14.370450191671054
1448.0538710969618 0.22643460298043816 -1.7431444036588397 0.17527306537726028 0.0 -26.532180051012784 -12.45777456844644
518.0792727174997 0.43938342276412523 1.8739411445188594 0.06118372240947608 0.0 -26.50460011888543 -11.566147376634522
938.7704755710104 0.583395617269861 -1.8725413499658483 0.5135515922587618 0.0 -26.48638081884067 -13.469479187253116
621.6111197981634 0.23568542523734176 0.1304756404863845 0.41519882436306027 0.0 -26.42200532002086 -13.345177425065527
1065.1446292697717 0.2947871583526305 -0.3215837360952003 0.1770281112365339 0.0 -26.401645186183323 -12.204371635708373
1740.7385184621796 0.6384873320351029 -1.8785997952153726 0.06700926810435551 0.0 -26.371720389318437 -11.24038521059021
814.1531687358995 0.29858958700014704 -0.31418744460200276 0.030366419394429866 0.0 -26.328247700673643 -11.876432349883899
771.5642279587722 0.4754685440084378 1.2063732764593196 0.002166213021858134 0.0 -26.309330463370575 -11.383545928224576
372.4175840868779 0.30438903923346683 2.5675430348640393 0.08409872781150637 0.0 -26.28782870345782 -11.96217751126078
1752.0004528306868 0.5735696917723847 -1.8710462713156355 0.02774154454054463 0.0 -26.280063344367328 -11.25933277276391
455.1760727327463 0.5970071615769914 1.0859474645977212 0.3637907372431676 0.0 -26.2601300754913 -12.18365963812796
1098.79049580036 0.05077976230100746 -0.1359951065991316 0.10605142039026899 0.0 -26.20044322868275 -13.783925142668101
649.9823331832886 0.6472915265202114 -0.47468841075897217 0.2347298009634018 0.0 -26.186362655889962 -11.631893281842268
857.5644737673703 0.47823803679055216 -1.420646190746897 0.395131407458117 0.0 -26.17963712542066 -12.546565471208194
718.6286312085416 0.5971233856500976 0.4752387915545997 0.22660161525593658 0.0 -26.177716029207375 -11.678095723231584
581.0831945267387 0.24635526354807138 -0.1856677233761097 0.20673861128715212 0.0 -26.162199680072973 -12.457579918900464
422.9096816617225 0.721856689421797 0.4750905981349165 0.20839490590459478 0.0 -26.15832154997347 -11.465338700093506
976.7407500903018 0.749441668078993 -1.4446138603368035 0.32847894236039843 0.0 -26.145863907428463 -11.835181801267648
840.5660226398034 0.40372402824485865 -1.5312046978851512 0.5658865771286659 0.0 -26.134706452430684 -16.008644620060164
684.7291639409294 0.133439569232576 -0.5665089351642374 0.5110853160212895 0.0 -26.081190369060337 -14.84922799869104
1125.611066160132 0.31312675649511984 -0.15292262819326474 0.07818530547792187 0.0 -26.07823646780025 -11.922743645388834
598.6884360634069 0.4740406714452895 -1.1177512026403136 0.5470513454646994 0.0 -26.067265279105825 -14.499644875050782
548.2405810082968 0.5462285189197144 -0.6814529324813572 0.4428087606124645 0.0 -25.998968668156824 -12.738735760884756
669.7604248187419 0.3961706519668641 -0.49133537965866836 0.23267696418611547 0.0 -25.9950208868813 -12.07224763825323
1531.422942486546 0.32120393811597353 -1.3631193177470742 0.05179802508542706 0.0 -25.97332872091578 -11.846119442246335
692.1794436772605 0.3207747759262685 -0.42626849831208347 0.18817115554146216 0.0 -25.966266531577443 -12.151157665160875
859.7679127452848 0.1536652387545438 -1.4140298103970643 0.5083660276221234 0.0 -25.930255942565275 -14.665674996670193
304.1286258061965 0.3306557332153916 0.87527610146992 0.3525987697652466 0.0 -25.927195936283383 -12.680414301046461
1508.9077895987525 0.3752022707675527 -1.0924650823279043 0.01254807292585132 0.0 -25.897359628981608 -11.62436290008894
396.7698034518307 0.2499785896610012 2.6469877275555778 0.002818979849154935 0.0 -25.89721924867935 -12.00008696836073
293.7217584490443 0.4556270234527115 1.1597541321499127 0.2798788063434961 0.0 -25.897005232866746 -12.090556910821762
81.83296400822597 0.24404030348643435 4.5615631243750485 0.07906398336462156 0.0 -25.888742167155502 -12.167348433994846
1250.9968254227826 0.44173352345294614 -0.9084613400489294 0.004135211948880576 0.0 -25.876764793333564 -11.45536792376497
980.7313182085211 0.7152145764625385 -0.9161284534485654 0.14883477936431894 0.0 -25.869151923187307 -11.321394617470615
693.2187108583114 0.6281311545298341 -1.219849136051851 0.5000134422371382 0.0 -25.859186849048545 -13.197802288518261
1206.497081294019 0.17202604644419942 -0.8882766492931875 0.01962472146093608 0.0 -25.84284522850139 -12.398266201733522
856.326209640973 0.6191689414596859 -1.2363374116689614 0.3598423083278894 0.0 -25.794218836768298 -12.13306702193316
1085.6091482542784 0.5855628824078231 -1.1837777059426555 0.19306738108993393 0.0 -25.78631287228078 -11.602754670704684
664.0425302893933 0.5562645835048856 -0.5601534108046602 0.28333585595244093 0.0 -25.72457296177618 -11.920148292553126
556.7633884486486 0.4217526840272982 0.7491220649761114 0.2941199650193981 0.0 -25.71739728819893 -12.212703279710034
828.2326210787464 0.14444052076121833 -0.7319692184631261 0.19312484987828663 0.0 -25.706336727850864 -12.948276481866316
677.0276688753116 0.7407370854108498 -0.21789447499997472 0.4099262349549184 0.0 -25.64540793864354 -12.250946239090931
1258.0443277067964 0.583011931747331 -0.8892003498354981 0.11029040994724747 0.0 -25.636290352878017 -11.409223449285697
1104.4445659020794 0.7496150135268141 -1.1211005694064942 0.1814625614307503 0.0 -25.606405168761242 -11.363292646830248
882.8300365642496 0.48055931812200975 0.30439969993492166 0.11412906464855006 0.0 -25.558826475975778 -11.592305626759181
1017.8867953236169 0.3796306382219849 -0.7602152366421056 0.24717283496864723 0.0 -25.54320977264598 -12.156340295726183
201.52338783882226 0.629188723398532 2.28284272109593 0.19889446437108133 0.0 -25.527398129031322 -11.555435504505413
726.5422756572434 0.3804624132170456 0.019443580188173826 0.025447450564495207 0.0 -25.522690956116428 -11.634419936851929
539.3438091584912 0.23328378275669517 -0.09254841756378251 0.5137970117632026 0.0 -25.520083676708207 -14.341971994517518
537.6108998973612 0.7001062303992246 -0.5524261060962745 0.4372041968925102 0.0 -25.510344522582457 -12.481039695145945
701.4031600809533 0.6389839268663483 -0.433897358451512 0.4237297306920031 0.0 -25.488559980375054 -12.4633174289356
455.5797399127787 0.2736281651514382 0.2678910503485632 0.5399316728310847 0.0 -25.460111151629462 -14.776401449051377
736.6470706326039 0.21865743252496853 -0.10799299084597447 0.3157885136896434 0.0 -25.446013188261098 -12.92883838191292
546.5622982457129 0.052951496590964646 1.2008026434772487 0.1703860376054844 0.0 -25.436070905671816 -13.890530814026567
433.95945564013886 0.5544751965238901 0.41389066262305185 0.24977432655618761 0.0 -25.406813972072612 -11.81318786333607
944.8389355931224 0.4901698537436811 0.34210711683846906 0.04833664915528416 0.0 -25.404860703282246 -11.439932177128295
354.5544931628239 0.5544070502271322 1.4637729490916414 0.3906733417238367 0.0 -25.395875219255903 -12.38728697785495
418.62307801070494 0.09191505133973236 0.4530462872920049 0.26320428056579975 0.0 -25.374929703999435 -13.6024958078087
420.34819726342204 0.3183837490878563 0.9761426888956937 0.07365120128735192 0.0 -25.368476915634815 -11.897518801785829
280.1677286452009 0.5626419992355426 1.3991291120476168 0.2571706030235592 0.0 -25.35000784911054 -11.823311663763857
690.0032669665331 0.7921918230650663 -0.6417567255485617 0.46484640413561745 0.0 -25.341251726747927 -12.6100079247078
265.62792676339535 0.7970034149467274 1.7192496806500435 0.18390861123973623 0.0 -25.33261842427343 -11.321002323742274
632.9606632688296 0.3603007950038455 -0.418528945116182 0.29299487050127987 0.0 -25.3238780078684 -12.358055100516108
746.9804841725322 0.7825754055126943 -1.0358529590003434 0.45678523976022006 0.0 -25.31862694615585 -12.547312036755093
329.68663744382405 0.6725091223318378 0.8910502882228579 0.3048232221717929 0.0 -25.312083319683833 -11.832052633270164
329.68663744382405 0.6725091223318378 0.8910502882228579 0.3048232221717929 0.0 -25.312083319683833 -11.832052633270164
227.75292015501265 0.16947400082498398 2.286835842487788 0.109111429345898 0.0 -25.30486840634216 -12.589668463542074
169.15644076891022 0.2910994889751603 4.0227153702349305 0.1619886032751834 0.0 -25.293101658313464 -12.179264718644841
348.91935993434646 0.35079432383227727 0.15171300226043805 0.5483712971171639 0.0 -25.27000478671045 -14.83707170126395
348.91935993434646 0.35079432383227727 0.15171300226043805 0.5483712971171639 0.0 -25.27000478671045 -14.83707170126395
824.702214976299 0.7473138456487498 -0.9818325468981213 0.38458060035329006 0.0 -25.2525200079126 -12.098837083287826
642.3146875089885 0.66508990760086 -0.5946817753284286 0.3555920707932669 0.0 -25.251433360162444 -12.051835269428118
642.3146875089885 0.66508990760086 -0.5946817753284286 0.3555920707932669 0.0 -25.251433360162444 -12.051835269428118
628.1809492230569 0.6998028691662053 -0.6032597902309753 0.3827730324468556 0.0 -25.247217163148356 -12.143065198908824
1133.232060736051 0.21448563905931645 -0.6943881193037802 0.07931847104852319 0.0 -25.226070747577797 -12.294688437879607
312.5381635341178 0.3436309207843603 1.4689200231997246 0.1459348570461727 0.0 -25.220829074200324 -11.98058622185229
563.7149594135989 0.5596878041968971 -0.41254112448659797 0.3701400915091875 0.0 -25.220010534367315 -12.271758588153308
1079.902794855275 0.7115565032570265 -0.6968966792074474 0.061891418734454924 0.0 -25.212244558538764 -11.138921559974445
764.6167941196841 0.7806291256319376 -0.4508881140739138 0.35671914690822715 0.0 -25.17878809729057 -11.925736998762732
140.44425257270166 0.2731633817262474 3.6086561845728475 0.024987419546402746 0.0 -25.164420229122076 -11.953121206052712
307.6254544684323 0.4482217187705454 1.4743349405935469 0.16119845335737615 0.0 -25.156429743867896 -11.76526604470736
1116.586688369507 0.14521759020443417 -0.6365310289377453 0.034346539335013374 0.0 -25.155964174765025 -12.59325261753525
307.8947226000645 0.5781496749167708 2.762476799166018 0.10062419186473559 0.0 -25.13285591037526 -11.395933668280547
307.8947226000645 0.5781496749167708 2.762476799166018 0.10062419186473559 0.0 -25.13285591037526 -11.395933668280547
1112.6800126709136 0.5889341705924908 -0.40509923053327057 0.08275074602041015 0.0 -25.105827071950305 -11.342413567321413
1020.2797356028132 0.42729555125206303 -0.6453265351346262 0.17325071258275795 0.0 -25.08102014492724 -11.83973280904439
162.0898323897937 0.4652370859501274 2.540143631034529 0.3171576799578474 0.0 -25.080884120449632 -12.207504273865167
162.0898323897937 0.4652370859501274 2.540143631034529 0.3171576799578474 0.0 -25.080884120449632 -12.207504273865167
596.6646661805053 0.7210364219491716 0.3147526946589174 0.31950200940640267 0.0 -25.06016168160943 -11.83045286804459
304.14993998694257 0.27113388734316807 3.0756598902146575 0.01513756666064717 0.0 -25.056432979629477 -11.942560012958223
1146.7468894485783 0.7857463486880217 -0.4788878058025139 0.0015035671759090713 0.0 -25.051997417100605 -10.947189048995076
684.6262087645335 0.21841555214282488 -0.4298546775415719 0.4020056120689966 0.0 -25.025309933260132 -13.33937506044667
684.6262087645335 0.21841555214282488 -0.4298546775415719 0.4020056120689966 0.0 -25.025309933260132 -13.33937506044667
869.1089843652122 0.7563863603788219 -0.23219889459400456 0.2078244736112124 0.0 -25.02267716046869 -11.425881445608788
143.0209552652546 0.2632045303259159 2.9353616493409653 0.2714292545604637 0.0 -25.022626553098945 -12.587555020336865
143.0209552652546 0.2632045303259159 2.9353616493409653 0.2714292545604637 0.0 -25.022626553098945 -12.587555020336865
523.074470528952 0.5182496604992411 0.8833487599101826 0.25987217221565617 0.0 -25.001122457481888 -11.90594752525941
649.9004457371947 0.5662182221454555 -0.47407132329752155 0.430943307128677 0.0 -24.99138788662713 -12.618970240028487
275.0294100265376 0.2611506802096967 0.8097301929317693 0.5462598391527684 0.0 -24.96357358590246 -15.038748760777258
405.8810695338951 0.2845372793576071 2.112693940036719 0.09829076897799138 0.0 -24.902477993617254 -12.057154777307474
405.8810695338951 0.2845372793576071 2.112693940036719 0.09829076897799138 0.0 -24.902477993617254 -12.057154777307474
303.3774360591313 0.34172097243202265 0.7548194915903021 0.4814479188551069 0.0 -24.8993596441548 -13.53113782135834
1072.561552596349 0.17897216885432066 -0.48767236565960204 0.022343403610628396 0.0 -24.894606719198862 -12.36401934619976
1072.561552596349 0.17897216885432066 -0.48767236565960204 0.022343403610628396 0.0 -24.894606719198862 -12.36401934619976
518.7643303782626 0.6937344419828992 -0.28300400563759 0.4166913116323516 0.0 -24.89330190274635 -12.347389309225873
854.5203237031637 0.25288490848125555 -0.6263313758021027 0.24601210283358313 0.0 -24.86552788272887 -12.545586871803703
231.38999318065393 0.35029462495008495 1.5647047812391186 0.39945590099122563 0.0 -24.86116078350161 -12.864718976204557
231.38999318065393 0.35029462495008495 1.5647047812391186 0.39945590099122563 0.0 -24.86116078350161 -12.864718976204557
572.1757805690938 0.41403023003529066 0.9875387514746343 0.17172666944729048 0.0 -24.856821030711526 -11.865576390352981
572.1757805690938 0.41403023003529066 0.9875387514746343 0.17172666944729048 0.0 -24.856821030711526 -11.865576390352981
801.6368477841766 0.2975707333512239 -0.6208300900474519 0.28994401003093323 0.0 -24.848629634340785 -12.531553773254307
801.6368477841766 0.2975707333512239 -0.6208300900474519 0.28994401003093323 0.0 -24.848629634340785 -12.531553773254307
461.4043601645512 0.32938205068178084 -0.1953807306048505 0.5710214384511367 0.0 -24.84763993400114 -17.755815627199134
902.158051894733 0.7607163985316096 -0.14371779170906063 0.1474811283299597 0.0 -24.833935075114674 -11.268147899156759
729.9097690724515 0.20182085871565855 -0.513040728462161 0.3258575192432169 0.0 -24.831662816183602 -13.04780968693747
712.6944403174745 0.40259476307341074 0.9379351825374185 0.04888001216312926 0.0 -24.802923716437796 -11.624582126575866
1046.1445880695962 0.7336708025353705 -0.5004002735048427 0.0710347802994597 0.0 -24.798052913222733 -11.131910497739415
334.8911964294243 0.6532703146278638 0.46018797290377833 0.5250263287604244 0.0 -24.751064355436814 -13.58803615217292
516.6014526976148 0.786439906690178 1.0075703424156979 0.2177550143143727 0.0 -24.744030325559006 -11.422587020098087
572.1181762005879 0.11788463438479914 -0.31349629315991034 0.4480825152636091 0.0 -24.743824660997532 -14.265698695639417
188.64227307611262 0.2818665387058874 3.921956827004978 0.08156954686097298 0.0 -24.7371037313373 -12.031670868411878
188.64227307611262 0.2818665387058874 3.921956827004978 0.08156954686097298 0.0 -24.7371037313373 -12.031670868411878
826.766672454761 0.7535509638423187 -0.38277413226742674 0.23880857350105156 0.0 -24.728180520223578 -11.517711643450662
620.6236307425293 0.5578824018404718 -0.15759961619906804 0.3669770284033336 0.0 -24.717970670838042 -12.25912845741984
375.46428896677173 0.5012174571926261 1.503563206119109 0.3041062120405763 0.0 -24.69465458828822 -12.089030099046614
1089.6689532943456 0.7747506915735585 -0.1791509044105375 0.018283555132136822 0.0 -24.693700773101575 -10.988131727608236
483.88189205488027 0.28236227256973334 1.7152768355142172 0.07695391173569656 0.0 -24.69323711678331 -12.020600740190925
537.3750424962734 0.7876281706756532 -0.2711292955175981 0.4304457277369316 0.0 -24.691142520360174 -12.337014906548282
537.3750424962734 0.7876281706756532 -0.2711292955175981 0.4304457277369316 0.0 -24.691142520360174 -12.337014906548282
370.1115483000152 0.7386232079316156 1.667275546995148 0.2681863382417416 0.0 -24.688054719700848 -11.626049064573197
429.1386120320943 0.38727682028497495 1.880758373850985 0.1109480388296303 0.0 -24.687744924804413 -11.787532323902777
558.306459124156 0.4711613842656239 -0.2615793267981328 0.45078426583937836 0.0 -24.678853684716795 -12.937136134249936
780.6947227139526 0.4791768697475268 -0.012155459931958212 0.20827239327420707 0.0 -24.674442069193624 -11.824918116324708
880.3431931615607 0.5824370737417419 0.04504891516201859 0.11838487025105388 0.0 -24.67419339914576 -11.427767224110257
880.3431931615607 0.5824370737417419 0.04504891516201859 0.11838487025105388 0.0 -24.67419339914576 -11.427767224110257
1061.8194538346334 0.7509271505817123 -0.041592315329057605 0.008705269735287981 0.0 -24.67366422427566 -10.995919626449384
1061.8194538346334 0.7509271505817123 -0.041592315329057605 0.008705269735287981 0.0 -24.67366422427566 -10.995919626449384
978.1514376830428 0.7301797377983276 -0.16560778041501134 0.08564638292423768 0.0 -24.666611131184897 -11.165373157507464
422.68598328463014 0.1371575741310156 0.604663044184802 0.44807881755732715 0.0 -24.658083313853695 -14.11506511266491
422.68598328463014 0.1371575741310156 0.604663044184802 0.44807881755732715 0.0 -24.658083313853695 -14.11506511266491
602.2815765050199 0.6211343098216882 1.06426086964645 0.10229635528204063 0.0 -24.633680274190972 -11.336575184893729
602.2815765050199 0.6211343098216882 1.06426086964645 0.10229635528204063 0.0 -24.633680274190972 -11.336575184893729
483.89004550663805 0.5948483896036815 -0.018352021765933202 0.3897127293781024 0.0 -24.61313658510543 -12.319530007709567
483.89004550663805 0.5948483896036815 -0.018352021765933202 0.3897127293781024 0.0 -24.61313658510543 -12.319530007709567
534.3762705933143 0.4807291320785178 0.04494058825339309 0.41621933337681194 0.0 -24.601065902379894 -12.668427071603448
165.73984688899648 0.46364496483908346 3.1277997215154194 0.10308625438334133 0.0 -24.588583949432746 -11.601624069984764
681.2180408481515 0.2719019464579276 -0.24326469453709 0.2441200536900863 0.0 -24.58838778546035 -12.468970653498394
424.21321941495194 0.3558507010502855 0.8560215613247601 0.3808067012798448 0.0 -24.5883750200342 -12.747235223510636
631.137776051866 0.3630077517116145 0.06552391755669795 0.17562264540181777 0.0 -24.58359892915763 -12.000186846958776
251.47220651499512 0.5556913331239952 2.0494472512723334 0.14378822999007715 0.0 -24.575268623146936 -11.527167936405865
251.47220651499512 0.5556913331239952 2.0494472512723334 0.14378822999007715 0.0 -24.575268623146936 -11.527167936405865
422.41939580824237 0.6791669483522502 1.3060721897295746 0.26781482437695137 0.0 -24.57510618709712 -11.69420473802592
479.54718028958274 0.601246512276018 -0.06574676247966416 0.44138681508155114 0.0 -24.539295337038837 -12.642616321509724
479.54718028958274 0.601246512276018 -0.06574676247966416 0.44138681508155114 0.0 -24.539295337038837 -12.642616321509724
193.67252846308088 0.4455330331697811 3.2733573282214863 0.24795106162817562 0.0 -24.53425288814242 -12.007832036608782
693.6392134112424 0.4653263299954491 0.9166253360713581 0.05116406836501025 0.0 -24.53197394301433 -11.493337098095985
375.47716466092834 0.27631389917435956 0.8394314585759606 0.4578908874536479 0.0 -24.525494604274208 -13.50649211332718
375.47716466092834 0.27631389917435956 0.8394314585759606 0.4578908874536479 0.0 -24.525494604274208 -13.50649211332718
428.37331463847045 0.16550661236544328 0.14369811274336008 0.46378375796803106 0.0 -24.51364180028859 -14.063664096193108
824.8091685211905 0.7144202934256711 0.11667500048626689 0.12887148997371148 0.0 -24.50337825068096 -11.27625517564596
824.8091685211905 0.7144202934256711 0.11667500048626689 0.12887148997371148 0.0 -24.50337825068096 -11.27625517564596
381.1275237987829 0.669127765136642 0.7142698376776435 0.4725691886841473 0.0 -24.494028429874263 -12.822243174075963
623.0561835489466 0.4935408362894629 1.2643084942561629 0.024199067923420005 0.0 -24.49396769302249 -11.388611038993815
623.0561835489466 0.4935408362894629 1.2643084942561629 0.024199067923420005 0.0 -24.49396769302249 -11.388611038993815
468.1344849524972 0.40581368565276593 1.7354533957909677 0.07630818449463891 0.0 -24.485796741754868 -11.670871168635742
582.3868984618678 0.6708327952080895 0.12959535000835576 0.3339099442993819 0.0 -24.467606313980436 -11.94924021246657
252.36187778881973 0.1156340863281459 2.235673192163228 0.07902600212853722 0.0 -24.45823628069771 -12.906457870823242
252.36187778881973 0.1156340863281459 2.235673192163228 0.07902600212853722 0.0 -24.45823628069771 -12.906457870823242
381.0504932703908 0.4456406030239962 0.8879403507298473 0.2493827667816189 0.0 -24.445278177374075 -12.012029311304563
490.14216391642094 0.35809810739356684 0.9562450548556054 0.2521180290340032 0.0 -24.442917605219524 -12.227382339945672
372.53245839901285 0.7303172491278402 0.4957389812053403 0.44918698962059195 0.0 -24.428426908095616 -12.539063002267225
372.53245839901285 0.7303172491278402 0.4957389812053403 0.44918698962059195 0.0 -24.428426908095616 -12.539063002267225
596.2724880249258 0.5555724444167209 0.01831863398161815 0.3066921747805854 0.0 -24.426070299192343 -12.00551366080061
596.2724880249258 0.5555724444167209 0.01831863398161815 0.3066921747805854 0.0 -24.426070299192343 -12.00551366080061
264.5268051662059 0.5723258454438911 1.6666851188502365 0.26968806605644663 0.0 -24.422800826925286 -11.848638083929405
264.5268051662059 0.5723258454438911 1.6666851188502365 0.26968806605644663 0.0 -24.422800826925286 -11.848638083929405
884.9440724233094 0.7466561405788107 0.3187957743436769 0.03928455575208896 0.0 -24.42012060193017 -11.0562902297952
333.28260932744286 0.5354536293538857 1.3064891944124657 0.2001913429644511 0.0 -24.415852014246024 -11.701607998120057
333.28260932744286 0.5354536293538857 1.3064891944124657 0.2001913429644511 0.0 -24.415852014246024 -11.701607998120057
624.2296580819981 0.4657680280770179 -0.014360673697410675 0.25594449146344167 0.0 -24.411358982565176 -11.991478005892397
459.0156020794478 0.5755943001814957 0.5168964219012278 0.39346391632857886 0.0 -24.408675800069012 -12.369335972859004
151.9064758880497 0.39077589823313796 3.757887856944288 0.26344063211647234 0.0 -24.407124991773856 -12.180164386380806
569.7019410681428 0.5641706279707821 0.23920424059338607 0.3152173247439482 0.0 -24.401983851712483 -12.024405803059869
569.7019410681428 0.5641706279707821 0.23920424059338607 0.3152173247439482 0.0 -24.401983851712483 -12.024405803059869
468.29628611596456 0.6888612700371765 0.5225263144616399 0.2153812368746375 0.0 -24.401045733303263 -11.523476763525572
468.29628611596456 0.6888612700371765 0.5225263144616399 0.2153812368746375 0.0 -24.401045733303263 -11.523476763525572
488.09701453692156 0.45144007223395133 0.8041571972713619 0.07845671737655306 0.0 -24.398456169451563 -11.575263415888724
360.33117003326146 0.3677067600473122 0.7593814577529692 0.36012446051746133 0.0 -24.39455654015807 -12.613392851944793
360.33117003326146 0.3677067600473122 0.7593814577529692 0.36012446051746133 0.0 -24.39455654015807 -12.613392851944793
552.3693217484193 0.6225486898363881 0.08953749362552621 0.2729954316910005 0.0 -24.383873711369684 -11.78575916314355
862.3198866844177 0.23850415477965925 -0.0010704994201660156 0.0985446737766266 0.0 -24.36701591932593 -12.230136576858735
557.5524736354612 0.22970576910145124 -0.043118431854386685 0.33341961551280636 0.0 -24.36615271117772 -12.951555558656917
716.2915666154255 0.28209140752230577 0.22297810759535874 0.18036516560259486 0.0 -24.365022391324842 -12.255642710514984
304.6148274423269 0.2929488115416075 1.153620326721053 0.3669735015995931 0.0 -24.361792172232803 -12.865184737547208
517.1808124782774 0.47731992778005616 0.5534140921850224 0.13133761885877665 0.0 -24.357922258159086 -11.63681833314573
517.1808124782774 0.47731992778005616 0.5534140921850224 0.13133761885877665 0.0 -24.357922258159086 -11.63681833314573
188.17422998782433 0.4913411251980116 2.963926729129133 0.3345566512248106 0.0 -24.35153465381876 -12.227740574251005
188.17422998782433 0.4913411251980116 2.963926729129133 0.3345566512248106 0.0 -24.35153465381876 -12.227740574251005
284.99684208650433 0.110354682739966 1.1026144169865493 0.47956993973788836 0.0 -24.340584270482783 -14.623487053909168
245.08968428651457 0.27239874103399264 2.194024896134076 0.13493264119274645 0.0 -24.290801429771673 -12.180055147684332
245.08968428651457 0.27239874103399264 2.194024896134076 0.13493264119274645 0.0 -24.290801429771673 -12.180055147684332
755.8828644808574 0.4186048663606104 -0.05116396932453604 0.15212068504170573 0.0 -24.280447480238003 -11.807457170633036
755.8828644808574 0.4186048663606104 -0.05116396932453604 0.15212068504170573 0.0 -24.280447480238003 -11.807457170633036
783.2329318897898 0.6164721396091966 0.15402919077817767 0.12952647573433915 0.0 -24.276239695825563 -11.402791217441628
357.20060926424003 0.6914245268438424 0.8651350908216724 0.3341309968326348 0.0 -24.275556680296248 -11.924759987864526
357.20060926424003 0.6914245268438424 0.8651350908216724 0.3341309968326348 0.0 -24.275556680296248 -11.924759987864526
816.9442150768917 0.6009449264080993 0.3925967955346952 0.058364392908682755 0.0 -24.267218850868996 -11.276061542348831
816.9442150768917 0.6009449264080993 0.3925967955346952 0.058364392908682755 0.0 -24.267218850868996 -11.276061542348831
196.5906914881555 0.4917926434314384 1.9863852587805457 0.4418859076653889 0.0 -24.26483712458451 -12.82702829970402
613.9328836318546 0.47298581477572454 0.10620310975668801 0.2331584706375095 0.0 -24.257407472389975 -11.90771688378094
289.0922022760607 0.45406817768406776 1.1592964325727193 0.452151045625577 0.0 -24.24655540571121 -12.98271733309212
208.99193306798216 0.48034861307204796 2.4987718840371134 0.1657106404598197 0.0 -24.245091224016498 -11.712120826637555
208.99193306798216 0.48034861307204796 2.4987718840371134 0.1657106404598197 0.0 -24.245091224016498 -11.712120826637555
410.3439740709805 0.6934499445097502 0.7026760965649226 0.40066308971941467 0.0 -24.2337548317409 -12.249754667732779
327.2434412009402 0.523395455447975 2.1583833088672977 0.18042808998469861 0.0 -24.209531019055575 -11.670480582403378
327.2434412009402 0.523395455447975 2.1583833088672977 0.18042808998469861 0.0 -24.209531019055575 -11.670480582403378
313.2986720180042 0.18369463400655772 1.4790026149278805 0.2143336667973835 0.0 -24.20623689662657 -12.767563870173676
835.9527707533846 0.4843753518960948 0.4580690870511841 0.017943282669454143 0.0 -24.2027447542968 -11.394491440112242
119.57281081492268 0.37218533203798354 4.017413222840297 0.059303806563596316 0.0 -24.201046257475877 -11.719265878726087
74.94081539086947 0.33493317705525555 4.436083432184951 0.2923381228034741 0.0 -24.19469938888542 -12.425752128267277
74.94081539086947 0.33493317705525555 4.436083432184951 0.2923381228034741 0.0 -24.19469938888542 -12.425752128267277
344.5440733569991 0.211125616616961 2.5347836474103396 0.045911231708212465 0.0 -24.189812356985975 -12.244683395776534
387.6519689618781 0.19970897919873828 1.107872664398509 0.3425031664202778 0.0 -24.181020104392232 -13.128090894010809
385.3084619543648 0.6421319984389527 0.6823132650116506 0.39430401446096847 0.0 -24.160593401288565 -12.278502398693668
852.7136717470121 0.44294089102429357 0.10529952575291723 0.03219631732523247 0.0 -24.15856762910818 -11.503460018750804
852.7136717470121 0.44294089102429357 0.10529952575291723 0.03219631732523247 0.0 -24.15856762910818 -11.503460018750804
690.5324450472547 0.3687649597673584 0.4434583406931001 0.12958291171761255 0.0 -24.14766218438745 -11.875378581452335
460.1484811858558 0.7430676129009397 0.6180387301193413 0.21973548639555415 0.0 -24.146986806156416 -11.473402937884979
460.1484811858558 0.7430676129009397 0.6180387301193413 0.21973548639555415 0.0 -24.146986806156416 -11.473402937884979
299.2271949943716 0.44309236033375876 1.2872635035331426 0.36262811387521554 0.0 -24.14537143597825 -12.449066355269219
299.2271949943716 0.44309236033375876 1.2872635035331426 0.36262811387521554 0.0 -24.14537143597825 -12.449066355269219
734.7538284540743 0.7830536690410385 0.15807644675347987 0.11207353155056739 0.0 -24.139084194936785 -11.16515897553981
593.6722890237347 0.28580060310969196 0.3157278646001238 0.22043392003519185 0.0 -24.134569902714972 -12.350748357343889
581.4599515202611 0.4543526071364759 0.35395759648293534 0.1566383089869763 0.0 -24.13171654037791 -11.74158676999569
327.9167255870367 0.6162036412963218 1.359490387043646 0.22351700237025157 0.0 -24.12204492650968 -11.64171785634286
327.9167255870367 0.6162036412963218 1.359490387043646 0.22351700237025157 0.0 -24.12204492650968 -11.64171785634286
641.1537029506537 0.6250590250493546 0.6964014629653317 0.12125507644848392 0.0 -24.121984666656747 -11.372278072843713
263.5003379938975 0.414105476633062 2.051967787074659 0.1475104448895473 0.0 -24.105646095621296 -11.806722364944601
464.9385981845884 0.19859637055124318 0.8076539126604736 0.2861914232722334 0.0 -24.103966146136887 -12.91451338925357
193.0134926129123 0.3651522195897946 2.576396831197396 0.21872242208703568 0.0 -24.094939516343047 -12.109548913317427
506.78691515260647 0.576273795711961 0.4810615739178461 0.2904240934258971 0.0 -24.094475462749788 -11.913496623002963
548.2409576276327 0.7934051747112948 0.45079497009766456 0.24019963031228558 0.0 -24.088295232763386 -11.481063379071786
717.3164819727448 0.09958861767775945 0.2862294300348198 0.1231161227205542 0.0 -24.05309671139483 -13.148877336277987
487.78019144869234 0.17598656515583785 0.6038969742530025 0.19154322766431026 0.0 -24.049657283644173 -12.748262797813242
306.1920918719376 0.6987946335474291 1.8690818485303762 0.2793202055195683 0.0 -24.047879116029087 -11.708877829267186
306.1920918719376 0.6987946335474291 1.8690818485303762 0.2793202055195683 0.0 -24.047879116029087 -11.708877829267186
613.3157663367098 0.4793859079160635 0.6176603093497333 0.029835764601899416 0.0 -24.046388990441102 -11.425713775547484
613.3157663367098 0.4793859079160635 0.6176603093497333 0.029835764601899416 0.0 -24.046388990441102 -11.425713775547484
416.0140975996178 0.14970910511961252 0.6630567902103737 0.32912433188155665 0.0 -24.044637154546557 -13.3567755314065
387.39124248994364 0.4178679301560601 1.3662656800154425 0.08883792577195666 0.0 -24.043207432780576 -11.668855057665628
387.39124248994364 0.4178679301560601 1.3662656800154425 0.08883792577195666 0.0 -24.043207432780576 -11.668855057665628
580.8372303237655 0.5564205258230788 0.9535196541628643 0.11514482427205043 0.0 -24.03678012875264 -11.461304536196248
388.41112088327037 0.5437878164299546 1.1783318482589733 0.30989282082825115 0.0 -24.035971230683025 -12.036868370566475
349.8902073767921 0.5740213338703546 0.9847412015271946 0.40288336660496854 0.0 -24.035284837740495 -12.425841857191084
198.93849806573712 0.3542189095090124 2.07081435859065 0.4548676611792866 0.0 -24.029538517459194 -13.240297989907132
281.3853368469107 0.6216829356541821 1.5666169210399952 0.30521865637818407 0.0 -24.025822653309287 -11.900834561601759
281.3853368469107 0.6216829356541821 1.5666169210399952 0.30521865637818407 0.0 -24.025822653309287 -11.900834561601759
278.5960319978592 0.4825645142519244 1.754327904149287 0.22845928672742302 0.0 -24.025784683702234 -11.875459916106688
478.23320076083235 0.4526567773196771 0.6187959654911168 0.20407445145860217 0.0 -24.02127403311908 -11.86621126921787
436.96368598167794 0.3437367517925563 1.5590955536620825 0.14080272179592526 0.0 -24.020681082426954 -11.968328219644796
453.34513065202947 0.6859249420237705 0.7396472903272713 0.30940760082569246 0.0 -24.018935389046696 -11.8327166648576
453.34513065202947 0.6859249420237705 0.7396472903272713 0.30940760082569246 0.0 -24.018935389046696 -11.8327166648576
752.010900672476 0.39329823344728004 0.3546563143732575 0.009476780013959265 0.0 -24.011340595869655 -11.574130018269253
759.798619137344 0.7358762626864755 0.2533938381284866 0.07626411334712728 0.0 -24.00636235537219 -11.139954577668204
453.37894606317906 0.29694035650996936 1.6410380675987213 0.09523283738930757 0.0 -24.005211785704283 -12.009267473779783
453.37894606317906 0.29694035650996936 1.6410380675987213 0.09523283738930757 0.0 -24.005211785704283 -12.009267473779783
547.1063822382911 0.4224332986409845 0.7758674029775579 0.0551045784760503 0.0 -24.000313475435956 -11.59120152228683
505.2644939993571 0.6623284685791089 1.0152647631591147 0.17478753649447185 0.0 -24.000276729272336 -11.448900253239955
445.3462605499662 0.6409270871039532 0.8625213449330404 0.16810493984383304 0.0 -23.99635779457674 -11.460293255114683
704.1318694016159 0.5163932337139515 0.43497291498335855 0.09250989410067892 0.0 -23.99397484010862 -11.480346463691308
644.5110037827644 0.26266032582282706 0.8563838838096078 0.06984460200837103 0.0 -23.992700605783696 -12.076884044050612
644.5110037827644 0.26266032582282706 0.8563838838096078 0.06984460200837103 0.0 -23.992700605783696 -12.076884044050612
411.817277136256 0.6912118501308152 1.7813757288917111 0.12097350222861013 0.0 -23.98990254796391 -11.286004718874429
688.0563371509943 0.4279654640906682 0.746892628157747 0.053896522293907886 0.0 -23.989624134692473 -11.576651681874374
266.0162383365518 0.6014227528367291 2.6717298447254585 0.1596672772415573 0.0 -23.981261952861615 -11.494857191025195
413.35184447483164 0.25185042402555435 0.7669303099895117 0.2957605102171861 0.0 -23.980667429847603 -12.714969963821487
156.1800469283609 0.42394038542277945 3.148402874694467 0.376749547857977 0.0 -23.97995306750031 -12.560139880644849
226.90413704946843 0.5995632004886605 1.9465643557545391 0.3773052911069614 0.0 -23.97716604955271 -12.246887516130643
226.90413704946843 0.5995632004886605 1.9465643557545391 0.3773052911069614 0.0 -23.97716604955271 -12.246887516130643
650.4557305104258 0.7196442917830714 0.4002335158209789 0.10457772928665324 0.0 -23.97312178332284 -11.216936781833859
342.8742076162526 0.44595313470060644 1.638730650198327 0.26969898359932504 0.0 -23.971359533994374 -12.076335418990185
449.8671136020057 0.26805919922742305 0.6389873137358908 0.2662083487021557 0.0 -23.968659024133043 -12.552512322301533
645.7586717181197 0.31717482006598935 0.793303366048427 0.07936027302574604 0.0 -23.96760604226629 -11.912706989115943
590.827812901285 0.3468355542812276 0.5357927870369803 0.10600550421921816 0.0 -23.96278701725397 -11.882174185875565
318.5347506308919 0.5531024517331964 2.3173121205150915 0.1351570036377764 0.0 -23.959525178640916 -11.51141159664697
294.22874573102524 0.36096889311720876 1.4716604517996688 0.3694730395836483 0.0 -23.951976851204726 -12.676100249291043
752.5572261415589 0.7247560474987877 0.35628384454321615 0.0248517946146338 0.0 -23.951108181115167 -11.053772278970577
559.3292858237418 0.6861291066010471 0.42204800884762506 0.21339054251625775 0.0 -23.942889050463577 -11.521243680971425
196.38754350771856 0.33256333206387845 2.689074469224108 0.35221390397777813 0.0 -23.938873166227154 -12.67312472064398
525.6493283181211 0.5739455009433666 0.8846254267804676 0.17595727495004224 0.0 -23.935369086144405 -11.576378610975834
219.86255648793463 0.4969908244466916 2.725795882848143 0.06230096484007781 0.0 -23.934256729676942 -11.454261159938916
500.9698242922147 0.18597940050955278 0.5768328509006748 0.21079740034086442 0.0 -23.92876807160967 -12.745516264892135
237.1975169442989 0.46318971342486726 2.15536787806834 0.3565622994224346 0.0 -23.920769574011256 -12.379279870236953
693.575905851402 0.6702145971662672 0.4427755765972021 0.07215523439432779 0.0 -23.918740061849856 -11.209249780635101
219.30841814189736 0.5446110986814713 2.0393052980547406 0.3894262098582161 0.0 -23.91074022199816 -12.39644342755488
230.1422328429672 0.6490703090986621 2.2422116900318834 0.2210211103465694 0.0 -23.903809569863043 -11.589749127715589
330.452895417513 0.5529356509418135 1.2386403465362514 0.3290842347487688 0.0 -23.90336643757957 -12.097810872455941
287.5776793351476 0.43388026674517166 1.8687033672381599 0.1685790600854734 0.0 -23.892975645912582 -11.813761058868868
683.5847758940723 0.23864368125964838 0.9593063939737263 0.0034263489985102355 0.0 -23.892587033237234 -12.046630810206022
683.5847758940723 0.23864368125964838 0.9593063939737263 0.0034263489985102355 0.0 -23.892587033237234 -12.046630810206022
680.2094396928522 0.6454992189213951 0.8967386098776418 0.019308438435432437 0.0 -23.884847608214223 -11.140814789312211
364.668558950029 0.4551225489417925 1.6891937199996088 0.2090167783208743 0.0 -23.88103207641122 -11.874666215148261
565.3042438728745 0.407350753301068 0.5411532326911317 0.1584743250556857 0.0 -23.879289815170793 -11.848375944768442
444.03081510630136 0.36723942556636063 0.8940217203525549 0.26490695009630066 0.0 -23.879048442050607 -12.244039497605332
606.2733489637259 0.708330293146309 0.5659333666027297 0.10739083100135437 0.0 -23.872566544416706 -11.236025785017713
268.94727670380604 0.5532177401529821 2.5003902123046693 0.18818600752857995 0.0 -23.869854108301805 -11.640514310024663
313.67425144397043 0.5416905026189669 2.7934564252411542 0.0059723809453547825 0.0 -23.86881434448885 -11.271274717258944
248.77574871201696 0.5426900215407923 1.8735396674404896 0.3020705166200954 0.0 -23.846564464794895 -12.009323298333413
269.2545932864383 0.10580353294914033 1.8340085422475427 0.33065437493300304 0.0 -23.844254362266128 -13.708323095526447
391.1585391823315 0.3849778169659166 1.2017710059678643 0.16576589006622758 0.0 -23.8439765715738 -11.919651625925685
285.22382680821994 0.37790340190538807 2.135270659887036 0.0734242172248324 0.0 -23.843862581438202 -11.732646615022366
240.20744741962798 0.42825828303685903 1.9496433495201462 0.3712864114563213 0.0 -23.839973109931545 -12.523086879607073
629.060391858486 0.5925579776653715 0.7929217904237804 0.07026353456424202 0.0 -23.838676378188794 -11.311827416526945
601.3863719580401 0.7788075729321231 0.7638903241020536 0.0970168822668893 0.0 -23.83459781388011 -11.13725810356784
294.1095006055835 0.4114078962693999 1.619324807248434 0.3267243248383707 0.0 -23.832546150736377 -12.360699469301636
370.28319232586733 0.43186895236943423 1.11009144528337 0.29770292521561553 0.0 -23.8292357984096 -12.203416191023416
609.6857276756964 0.2890183531623999 0.600983008973131 0.09850167313494092 0.0 -23.8284330817939 -12.04240453182897
533.7726120985416 0.5842313579721686 0.6061082573989696 0.18751140806006256 0.0 -23.82191294059391 -11.590224981931991
697.5826869641874 0.6626343576270769 0.5736468787251336 0.01737523338509555 0.0 -23.821155956376927 -11.114973216209506
266.9784141021138 0.4244407399576961 2.278102888357828 0.0761068485207437 0.0 -23.819471247581074 -11.628194817536842
276.2286387754727 0.6167221490888622 2.277173314030576 0.046045137601711965 0.0 -23.81731277863242 -11.229747089825942
380.78883372974343 0.4648031166207517 1.2499930453117187 0.27705838478978223 0.0 -23.816695174294097 -12.062449907236319
247.79130312915782 0.4735988042267687 3.0366234624211703 0.09760988577006938 0.0 -23.814527065170203 -11.570359394746403
241.33905173645385 0.5797906916108644 2.1067084329164887 0.344569013900947 0.0 -23.813692422746648 -12.121323130684805
220.85349719147735 0.637894071464013 2.3150654683063197 0.3482610358591266 0.0 -23.812757451132065 -12.054250660003111
578.9474177323564 0.3444234174068605 0.5773602663285491 0.1281542892320566 0.0 -23.810175390367423 -11.93752706236851
502.1584678629218 0.7119346657332555 1.6140307026219212 0.01628771965176038 0.0 -23.80697709964842 -11.052920375558601
648.9351399711451 0.6951922752075478 0.6371028261655987 0.027146786324433177 0.0 -23.799594664388234 -11.092375510609493
567.0409267005812 0.7985888571017453 1.3250424383864177 0.016810473834887523 0.0 -23.798239701644984 -10.961696958931157
595.2664087232743 0.6437351910287675 0.7600996240721525 0.034396545723036305 0.0 -23.796856383005828 -11.170819946889939
565.797371748444 0.5259722421524559 1.0992619461758188 0.07021271649273689 0.0 -23.79358546319119 -11.418245664394105
299.07634427479286 0.634967093278051 1.8120648586514339 0.17288316579437563 0.0 -23.791860456550427 -11.480221673178379
415.49681528616435 0.4292302637610967 0.9636748076789692 0.26097222495733957 0.0 -23.789517618109024 -12.083662897040279
271.8038405241397 0.42906166505126786 2.1155716513272633 0.12924939306071545 0.0 -23.787259883391776 -11.731289114873299
488.3676215619488 0.11435647097168337 0.7380499854707923 0.21508280941148303 0.0 -23.78050535409779 -13.24016274997493
267.50002608443594 0.5044199496623928 2.5833404478917563 0.16205759598776584 0.0 -23.77892098101197 -11.658297686997937
694.2734769946442 0.7190744498483675 0.6321826148078555 0.02275047820359659 0.0 -23.777551890593035 -11.056394952906732
114.24170046110697 0.4329605427227509 4.060644098012794 0.3190586791597781 0.0 -23.776947525957564 -12.281982391123435
299.6845560022864 0.4855429515112292 2.5366473795671984 0.10205183345480892 0.0 -23.775672672025458 -11.55679113384951
243.85243726641175 0.5063374649161837 1.9748402378655916 0.29824202574021297 0.0 -23.773212106421344 -12.058119583438188
85.55715586495928 0.4221374484522707 4.330894970626751 0.2680813478486529 0.0 -23.772691378779484 -12.122398743254488
400.47870414549965 0.5614052135721481 0.9721186639423447 0.28471068504644914 0.0 -23.770831195656065 -11.916695014626086
345.6324945282381 0.6548587884281196 1.6383764689779658 0.10370147347189244 0.0 -23.767880968741785 -11.294071004780545
253.37608473421574 0.4223872423236579 2.0803972722837303 0.19820249681692848 0.0 -23.761956056583553 -11.915134375964342
275.6078080761233 0.44923942583158916 2.037428487881874 0.2709554127702012 0.0 -23.757119138866035 -12.073649649976378
235.39216875012684 0.48915283601860116 3.0180360070543912 0.12891541574486548 0.0 -23.755340145401135 -11.608789979862902
290.60715374305886 0.37981176916870896 1.7799817804867812 0.22054395613217356 0.0 -23.75467458320731 -12.07718821706065
465.2808511936074 0.5905613487898601 1.6300994709765888 0.05649511908364429 0.0 -23.749246790609245 -11.287748920571469
433.63614749694904 0.46284195051242355 1.014530138227423 0.17310191767537322 0.0 -23.747574229148462 -11.764795023602517
287.8777970885387 0.6664218578464234 2.000889064684354 0.25976333852563904 0.0 -23.734156221760237 -11.68410946709554
445.78431053040055 0.5134291273885256 1.5888620326366754 0.09441606668686213 0.0 -23.734082017177847 -11.489565054404137
312.4242691627876 0.634077969286344 1.648879016491609 0.25440263842170235 0.0 -23.725753457626688 -11.709642433230256
105.09196511266475 0.410216723129933 4.050730002529933 0.3705825992405568 0.0 -23.72475770008138 -12.560082985989851
286.6274129685219 0.387002939237249 2.131682828304255 0.2311202305300693 0.0 -23.721547678968548 -12.089879445989146
483.1552115554759 0.6914107984472712 0.8205394009567915 0.20145061496330707 0.0 -23.719371840450357 -11.482111249601195
249.74646833915122 0.6940395594613102 1.9188326084973468 0.3130743896208895 0.0 -23.71790933988192 -11.836924958054647
268.45184610646385 0.6498889611741042 2.3228044530538074 0.06465271317424069 0.0 -23.717062503977367 -11.220552321512669
248.88241865280048 0.3368050028283632 2.124399306084519 0.20668928053983024 0.0 -23.713292615273506 -12.153558120273743
573.9956402819181 0.7756698204554155 0.729270323217257 0.11249371998543396 0.0 -23.711815284749314 -11.17354580149339
284.82327966199193 0.30459883997495746 1.9198856584868462 0.19596634268848834 0.0 -23.652501446189817 -12.221700677567185
292.1984726989447 0.19226423967022632 1.9250729615737017 0.1805489595396747 0.0 -23.59486066505975 -12.632342705737695
199.99600465775538 0.3185417586607318 3.081122523002712 0.17072513236081135 0.0 -23.337407547622277 -12.113499111444957
285.6676905699131 0.4920368331785946 1.9999620036618957 0.23524002068228386 0.0 -23.590338908253692 -11.877496268790624
229.43687031622858 0.5667678496308303 2.3379406540269985 0.23368820672482646 0.0 -23.634414255093716 -11.744950123421992
275.58928961797153 0.5476915307002769 2.1787238706744105 0.17955751073782733 0.0 -23.467508682260963 -11.62730960953909
214.0879181056846 0.57573982839829 2.791505196246101 0.14503339102046028 0.0 -23.345872287718933 -11.498498189642277
227.91565710680717 0.5868762141727176 2.8860917981047933 0.1352314983180405 0.0 -23.346781934970295 -11.458871775547612
211.29918551396548 0.5508577863258889 2.8844929167230067 0.16277641249267213 0.0 -23.296390729312836 -11.580306965439656
196.77606644160306 0.6808999336570373 2.697743089319564 0.2325134345277656 0.0 -23.53437154193961 -11.582400693542676
260.2364859600209 0.4169204570910486 2.522368058142286 0.13128560310072956 0.0 -23.309060808806542 -11.76286709691757
197.73151256710574 0.5190105258745712 2.883407548913847 0.11989059781855596 0.0 -23.644718354475604 -11.534499387015973
279.6919465075343 0.4246000402648149 2.288002706685379 0.15700652426543008 0.0 -23.42374735034833 -11.805782965464974
229.7628905476361 0.3271633395635382 2.873306167985885 0.15513962658053101 0.0 -23.492306579624046 -12.049660029905237
279.6707072643362 0.2553784956405408 2.6877174525535095 0.08247635759391837 0.0 -23.51812363806189 -12.129823752343746
217.20131601891208 0.2250543676401479 3.19999376010969 0.11447576845415519 0.0 -23.512807307403673 -12.321336748422482
236.56118506419747 0.3167932534360885 3.0174432588883366 0.08816758470509592 0.0 -23.378608125360035 -11.931894905123249
278.999811046479 0.19889251171215508 2.7743487647597656 0.0476708904473766 0.0 -23.39380626430257 -12.30688168619571
131.69375817377312 0.3189848538246996 4.0299870796756725 0.09220939288488009 0.0 -23.132939463644462 -11.93361632081509
131.69375817377312 0.3189848538246996 4.0299870796756725 0.09220939288488009 0.0 -23.132939463644462 -11.93361632081509
176.55443192193562 0.564218803000195 3.530387137302869 0.036728071512317315 0.0 -23.187518241916607 -11.290594405235083
176.55443192193562 0.564218803000195 3.530387137302869 0.036728071512317315 0.0 -23.187518241916607 -11.290594405235083
207.99903732952032 0.4375404387949072 3.1930143279726515 0.06154693284652934 0.0 -23.0925037295988 -11.57078853510254
175.89497048298236 0.22412158956787073 3.6074395862343316 0.08892238900799602 0.0 -23.21451260331787 -12.271118703459349
201.21932643441218 0.323678973554445 3.3285328682782716 0.010654920878052193 0.0 -23.073686807072335 -11.76264899792735
151.6709591723823 0.2393040945501437 3.824781987874694 0.022603626699308835 0.0 -23.250507709374478 -12.078206225738843
151.6709591723823 0.2393040945501437 3.824781987874694 0.022603626699308835 0.0 -23.250507709374478 -12.078206225738843
235.19082413325827 0.11437198238821829 3.0551593999773257 0.05209440180749293 0.0 -23.180795881078787 -12.864235258654666
235.19082413325827 0.11437198238821829 3.0551593999773257 0.05209440180749293 0.0 -23.180795881078787 -12.864235258654666
243.42326639490224 0.1795280741142498 3.1914901817299697 0.03404948381275691 0.0 -23.440216026655694 -12.382462658335967
243.42326639490224 0.1795280741142498 3.1914901817299697 0.03404948381275691 0.0 -23.440216026655694 -12.382462658335967
207.3462779727329 0.30038238410302687 3.290406201308125 0.04033441497056813 0.0 -23.047599097630624 -11.889187331351204
207.3462779727329 0.30038238410302687 3.290406201308125 0.04033441497056813 0.0 -23.047599097630624 -11.889187331351204
163.69026578460776 0.2661549175428048 3.7429845146621297 0.026013350712037496 0.0 -23.10017826685976 -11.980355617353153
130.54900580355627 0.5390331206252443 3.8981457270454136 0.07361378854412129 0.0 -23.67896650359311 -11.402876009944372
260.3810875144297 0.49635866151524327 2.060074396342795 0.20253284542978134 0.0 -23.697914256865147 -11.776888522220327
282.39001024508246 0.3464923223252709 2.1370866258999115 0.16263394302857695 0.0 -23.446182488171736 -12.012569731811334
250.51522787114268 0.11040478586701238 1.9860623618785889 0.30005786669541623 0.0 -23.64859095728466 -13.546746376533179
214.16576050946435 0.35592881150998357 2.8266272756916466 0.2383411367562691 0.0 -23.69573310689502 -12.191082764430329
203.86703883070464 0.48951661189559936 2.496486682029234 0.3261277716141968 0.0 -23.65726886350992 -12.196332374451675
175.36675038893614 0.2226974829236933 3.0177824004408986 0.280638645404977 0.0 -23.61144906127148 -12.782455557756201
172.06416122565068 0.2547578654594378 3.3644004816698825 0.21453727465011532 0.0 -23.52477296148273 -12.446304031864248
142.05698539537505 0.03834644505812458 3.6862942441848734 0.23928960620725392 0.0 -23.43893126957222 -14.401035929245369
120.45991290749534 0.28572231531385733 4.166982243105966 0.16319084366918352 0.0 -23.112892550449665 -12.200323218487448
120.45991290749534 0.28572231531385733 4.166982243105966 0.16319084366918352 0.0 -23.112892550449665 -12.200323218487448
92.53704217472351 0.2801140068336349 4.915477784780736 0.16268882443807894 0.0 -23.20850637399981 -12.218389151305049
129.5016866934139 0.24582950927509076 3.7685106113444764 0.2819976941523111 0.0 -23.487093421566193 -12.690113541240601
166.27682068397297 0.6473972655315435 2.895659110196709 0.3250715515934763 0.0 -23.644084488949083 -11.943105892306981
191.18947263030836 0.5277483393156727 2.624610858859489 0.3386757369941316 0.0 -23.70436758084289 -12.18002347919861
143.65053644078884 0.39184536124922636 3.25032284789666 0.27940510560487786 0.0 -23.614585312411997 -12.23062688807414
91.24508557737072 0.4471590084070638 4.172303944523101 0.3524725939407619 0.0 -23.495052536788478 -12.393265015085632
76.46263662486928 0.3568343092799058 4.602691893002483 0.38004056595712504 0.0 -23.474923227985293 -12.74060198324043
107.87677299546284 0.3985194921440149 3.8392852346200996 0.36823617650210605 0.0 -23.53142151199971 -12.575858666911792
120.35688759334559 0.3707428933909313 3.8344997480237257 0.3350192311240499 0.0 -23.657153497402412 -12.493766598612483
134.54865501890467 0.46519929250485653 3.480660662847111 0.32446702188721555 0.0 -23.533919699535545 -12.236634473409286
375.67588189380484 0.5437428137193159 1.8608791312820605 0.004645747342424899 0.0 -23.340756561730522 -11.265532568969524
279.261334877637 0.5681009616302387 2.7522231436502 0.03052686887132386 0.0 -23.23403387826511 -11.272976169830253
437.5811939494198 0.4524553161255494 1.690715437745805 0.0706100739497378 0.0 -23.622030012057344 -11.557411249930421
425.3344234325225 0.4420268596228333 1.998447170987605 0.011667021830834024 0.0 -23.621017916769617 -11.468090535657609
419.21941026206787 0.4674191058618486 1.8126750627219508 0.01405209948981736 0.0 -23.246637430924633 -11.420400436930901
339.6018381046406 0.4894146059174416 2.3549420306846427 0.012124889414251903 0.0 -23.233904306141596 -11.374533473901348
363.8292687610873 0.4620162913642399 2.156684346965971 0.019476417209421653 0.0 -23.243774195756743 -11.44093979106834
339.2877051241684 0.4639448914637382 1.7563108373505756 0.10789239673630674 0.0 -23.550269878986253 -11.611318022734359
328.941497127857 0.4892471155039557 2.525459772715976 0.012178941212886912 0.0 -23.419068559765456 -11.374944471126447
370.1585395636772 0.37623500965097323 2.352712392382072 0.001991900790222123 0.0 -23.555391067936455 -11.60306503375899
316.7186442153744 0.42052081866357177 2.2693602572089366 0.03155449622520953 0.0 -23.235723442456113 -11.550947633873667
349.91989262959515 0.4441146926375428 2.2775164011954736 0.044589278691687224 0.0 -23.416278324195453 -11.524197883974846
263.21004628976067 0.46624109100064526 2.536059540173275 0.006674880664785881 0.0 -23.618685913005745 -11.40961178175047
276.684253643512 0.5172774768384824 2.91802016253925 0.0072564658754983675 0.0 -23.324298892157067 -11.315268093359984
348.96997883454117 0.3194151922308246 1.915504481235839 0.025911399674198483 0.0 -23.428129796781057 -11.80298392008057
368.7045545127501 0.15190534283522866 2.189888347672042 0.04606293812291696 0.0 -23.550908335110257 -12.570576059166406
464.00869972688594 0.33546151268774604 1.678432608160878 0.030029880394630844 0.0 -23.57663938611377 -11.763297337224031
481.3958373897331 0.3600171984413501 1.2609385984812524 0.05641238251023275 0.0 -23.38639078015051 -11.745388213842702
341.2859754752913 0.4299126463925514 1.567703866642713 0.1679176130847713 0.0 -23.65890194883768 -11.820732568307292
386.2853170923626 0.16966789955450712 1.5185688587886403 0.19279571411365654 0.0 -23.66973227310349 -12.787756743165401
393.74631908361835 0.40546606644684097 1.3325568897161872 0.17980736902950897 0.0 -23.530267384503922 -11.905669116857284
393.8089131321881 0.2924574656257286 1.3770261676515885 0.1647064680753793 0.0 -23.49635152929369 -12.181387724696776
376.6005070789658 0.3731683227157479 1.744208668040189 0.14756408924236317 0.0 -23.58138160570259 -11.905511823729537
439.1309373910001 0.38340313374303286 1.4369676560944793 0.09019805094338876 0.0 -23.425474329627697 -11.753097444597957
599.7281423237054 0.3709129027328411 0.8196929789506688 0.047226716635161446 0.0 -23.69530375531599 -11.699266549621958
537.0032141346344 0.2541323140881897 0.9337023437967851 0.0935155542548062 0.0 -23.607234862836684 -12.157399375557707
512.7632934023849 0.363211430239405 0.9231186053192939 0.13860498557014703 0.0 -23.693078548398418 -11.910453988586267
318.724105154379 0.44234009427001714 2.0508223803081886 0.10156955505578152 0.0 -23.36312123810437 -11.642175714084742
318.724105154379 0.44234009427001714 2.0508223803081886 0.10156955505578152 0.0 -23.36312123810437 -11.642175714084742
379.82027426492033 0.5428918734937466 2.2700757805883187 0.012326010834995287 0.0 -23.593683169096096 -11.28056130497377
510.6945328613717 0.20317501437871477 1.2362973824787549 0.030367369243315227 0.0 -23.424003239560392 -12.253422171231593
318.2495689231706 0.21805494787682678 2.18291697828508 0.06207987359856781 0.0 -23.27925261168312 -12.244078561412135
365.7622826445388 0.530743584842758 1.7318669786187622 0.11108795717686266 0.0 -23.38415821671797 -11.49496991173988
365.7622826445388 0.530743584842758 1.7318669786187622 0.11108795717686266 0.0 -23.38415821671797 -11.49496991173988
384.1026616866002 0.5437731629163489 1.9425134284739478 0.05727327576162754 0.0 -23.345467497456838 -11.362758102074961
384.1026616866002 0.5437731629163489 1.9425134284739478 0.05727327576162754 0.0 -23.345467497456838 -11.362758102074961
368.7731037697545 0.4927969286942878 1.5613254302123556 0.1180509054537633 0.0 -23.54512703270758 -11.577771193105203
409.4837224198709 0.4685769589305856 1.8082149538137156 0.01385526655728017 0.0 -23.211504062239566 -11.417757232925378
409.4837224198709 0.4685769589305856 1.8082149538137156 0.01385526655728017 0.0 -23.211504062239566 -11.417757232925378
303.0883082741687 0.5894765770844996 2.269643254104321 0.1367179341332229 0.0 -23.55840112352599 -11.458378629936261
323.9543456983818 0.6382929953678859 2.0798656731700573 0.06055786871542534 0.0 -23.319823087428517 -11.227962720585294
369.02957571815534 0.6197360395367183 1.873403571557989 0.007091093419615591 0.0 -23.393954845575593 -11.154112867911442
358.7367885155618 0.7439350879369594 1.7060911521069517 0.07164056004222502 0.0 -23.567831441746527 -11.121850941503064
231.90116182838037 0.6786284346324528 2.841705210105272 0.01273656859385251 0.0 -23.501680523623925 -11.086487356997525
241.03065205787226 0.6609519681756193 2.718677099634329 0.04090577275020586 0.0 -23.36005366387218 -11.160453346150733
241.03065205787226 0.6609519681756193 2.718677099634329 0.04090577275020586 0.0 -23.36005366387218 -11.160453346150733
261.6415765221737 0.7289307703579141 2.1906173501445085 0.20745033327069334 0.0 -23.495427025173058 -11.4547686611373
484.87083631073915 0.6373786408094905 1.4803053870381273 0.011029675966181499 0.0 -23.29812613300254 -11.136831797310654
519.5505222138734 0.672192549269493 1.2027678298268043 0.021152469075004243 0.0 -23.432670923347327 -11.109672891687783
577.9446576961949 0.630481130943439 1.205134980294095 0.015664056595603878 0.0 -23.606937748116813 -11.154504085304824
467.37824251714653 0.7043960239917604 1.194809707572702 0.07594760326076405 0.0 -23.49605707382658 -11.17520638057086
516.6890856492265 0.6162771733589164 1.1138324909283277 0.03669301183334919 0.0 -23.49623758705771 -11.212763301850917
416.6758337275198 0.6698854360891484 1.6900797244577204 0.04338418885870048 0.0 -23.281804776519408 -11.1537444017424
350.81848939904535 0.5997684925623403 1.4475678247594743 0.18640150696642402 0.0 -23.65197704138485 -11.56423888815341
380.8384731200811 0.6078123254499763 1.4952861424712154 0.11140698878888092 0.0 -23.56480379817293 -11.37502674298935
381.58857612677616 0.6134838686150526 1.5402440787116642 0.19036553923504088 0.0 -23.630863914518162 -11.554795196195613
421.28087437995237 0.5966508671499718 1.6743055717051591 0.04807919956679382 0.0 -23.304033508109594 -11.262543226887704
346.2348587561692 0.5878172643531855 1.6611302962158891 0.1670930955290716 0.0 -23.457577404260636 -11.533132331259777
397.7651746181393 0.6161011062589276 1.8502413756779514 0.05598133418839727 0.0 -23.294108242786017 -11.249681467361494
399.98667969839556 0.7282735592064408 1.6855318053694033 0.1383783375219401 0.0 -23.65302013135401 -11.2821701102953
456.0872051132629 0.655853219433943 0.9576271353330945 0.18243339698433964 0.0 -23.65175354848361 -11.476675994306262
412.3145383063725 0.7347711669121987 1.3257188116578922 0.13518610139093679 0.0 -23.51926124922135 -11.267603592930381
469.20542252477617 0.6745287524408293 1.3854673072755297 0.09123829907813161 0.0 -23.583500268124396 -11.24272491440864
456.32200933195554 0.6278632511257519 1.2581528293665114 0.07157756008756291 0.0 -23.453321537588792 -11.263940264183859
523.0579894657034 0.5609398762031167 0.9941034755084877 0.07715021031366279 0.0 -23.568913712660237 -11.37425417852651
456.24199986498706 0.6053164705160148 1.6354259869446164 0.05008566245398592 0.0 -23.53285631574889 -11.25373732577186
485.4514769768748 0.5562999523265354 1.2019564325412437 0.06982043275272079 0.0 -23.424483813744473 -11.366986054633387
372.5785651242699 0.5727197401778722 1.3503912892568959 0.1975118424347163 0.0 -23.62414733273276 -11.634180857710486
390.44449060893675 0.5439043903702828 1.457463422077403 0.15934614305024597 0.0 -23.492279259531198 -11.583376023332576
418.75338616603665 0.7313452782991294 1.5734444766295494 0.09088448923417733 0.0 -23.40394037358966 -11.17489238516221
482.1458278809691 0.548201521445313 1.3646291135792223 0.09536639845451572 0.0 -23.655042566912137 -11.432295756249987
451.47015900104844 0.6525390801076261 1.0719483400404917 0.15431911468311418 0.0 -23.578939142596365 -11.4113839629331
475.07881634526166 0.7023527514456248 1.0889879886042308 0.15649122112964942 0.0 -23.646830713437105 -11.354637340710424
314.63644000312337 0.547611867050181 1.7380062756009984 0.22095184448570257 0.0 -23.63690760323011 -11.738786767091899
448.4865136253996 0.7047745449144135 1.4953675725654856 0.10770119664197433 0.0 -23.669146133255346 -11.240859284357063
355.20568239320113 0.6112336697977431 1.6943624520898108 0.10401671326722939 0.0 -23.459699328559502 -11.354222490134305
543.365400086771 0.5548389185013303 1.1473426526702273 0.014082996788192598 0.0 -23.508906266798366 -11.264166609327045
327.82640870646276 0.5440617955823512 2.179874513480007 0.061310315845380624 0.0 -23.24277089505251 -11.370148694609234
