

    0.156250000000000035E-01   -0.934356841108079076-309    0.119841486215591431E+04    0.351837217807769775E+00    0.386714794070894263E+00    0.859186316728591919E+02    0.685571910604754864E+00    0.718795552605657861E+00   -0.142537236213684082E+01    0.109492713212966919E+01   -0.122364065051078796E+02   -0.134941703081130981E+02    0.477577260088920597E+00
    0.156250000000000035E-01   -0.934356841108948631-309    0.572998929023742676E+04   -0.112767124176025391E+01    0.572026451018031956E+00    0.959223888516426086E+02    0.417009830933296521E+00    0.120059491218002434E+01    0.113705295324325562E+02    0.160972189903259277E+01   -0.109741964936256409E+02   -0.833508878946304321E+01    0.374972853112220783E+00
    0.156250000000000035E-01   -0.934356841109818187-309    0.278924942016601562E+04   -0.858328998088836670E+00    0.142742564108097381E+01    0.489408758282661438E+02    0.110902082812899661E+01    0.133794293051057545E+01    0.445236682891845703E+01    0.109038776159286499E+01   -0.101804709434509277E+02   -0.404938459396362305E+01    0.302994471287727385E+00
    0.156250000000000035E-01   -0.934356841110687742-309    0.350912404060363770E+04   -0.182303321361541748E+01    0.694633185529080488E+00    0.493858478665351868E+02    0.750048257743415214E+00    0.494979666301331778E+00    0.952427387237548828E+01    0.133928871154785156E+01   -0.238444358110427856E+01   -0.849244505167007446E+01    0.121715572357177740E+00
    0.156250000000000035E-01   -0.934356841111557298-309    0.266311752796173096E+04   -0.449279785156250000E+00    0.112334019117374950E+01    0.577369571328163147E+02    0.233965120397807091E+00    0.949935204728512977E-01    0.114678579568862915E+02    0.170819330215454102E+01   -0.214469164609909058E+01   -0.507866710424423218E+01    0.716582213401794482E-01
    0.156250000000000035E-01   -0.934356841112426853-309    0.974802017211914062E+03    0.772443711757659912E+00    0.114218091153780277E+01    0.256388760209083557E+02    0.104967635079902699E+01    0.601009628017688646E+00    0.317807078361511230E+01    0.180563098192214966E+01   -0.133934766054153442E+01   -0.130252629518508911E+01    0.148686943745613115E+00
    0.156250000000000035E-01   -0.934356841113296409-309    0.385496139526367188E+04    0.452733159065246582E+00    0.115605297381072814E+01    0.345199651122093201E+02    0.142908296091581222E+01    0.474300605346867743E+00   -0.737986922264099121E+01    0.138557237386703491E+01   -0.341453880071640015E+01   -0.114104685187339783E+02    0.493195216655731239E+00
    0.156250000000000035E-01   -0.934356841114165964-309    0.692655622959136963E+03    0.600364089012145996E+00    0.142454658268054368E+01    0.354910991191864014E+02    0.959511536695463629E+00    0.101084877288027078E+00   -0.135991573333740234E+01    0.161606961488723755E+01   -0.796591043472290039E+00   -0.482761502265930176E+01    0.536304430103301977E+00
    0.156250000000000035E-01   -0.934356841115035520-309    0.550349086523056030E+04   -0.111350542306900024E+01    0.141411357649933489E+01    0.469321287274360657E+02    0.760957460224058413E+00    0.145454625552995442E+01    0.361409246921539307E+01    0.151930731534957886E+01   -0.128422227501869202E+02   -0.954207837581634521E+01    0.433300470757484457E+00
    0.156250000000000035E-01   -0.934356841115905075-309    0.273508095741271973E+04   -0.421880841255187988E+00    0.132877060301266603E+01    0.719548900723457336E+02    0.916151393840041628E+00    0.137947791336361456E-01    0.137256324291229248E+01    0.158954685926437378E+01   -0.424735218286514282E+01   -0.441645026206970215E+01    0.231117828440666195E+00
    0.156250000000000035E-01   -0.934356841108079076-309    0.264534467458724976E+04   -0.218175649642944336E-01    0.116476963047873339E+01    0.389330057501792908E+02    0.137813427577285852E+01    0.106483676981133146E+01   -0.132043290138244629E+02    0.134022748470306396E+01   -0.108752435445785522E+02   -0.518889784812927246E+01    0.301624372744560276E+00
    0.156250000000000035E-01   -0.934356841108948631-309    0.204297441244125366E+04    0.854871392250061035E+00    0.118627860723017742E+01    0.284692116379737854E+02    0.230781529777050520E+00    0.591039127403460318E+00    0.339417099952697754E+01    0.167072337865829468E+01   -0.148470559716224670E+02   -0.827071577310562134E+01    0.169439750432968141E-01
    0.156250000000000035E-01   -0.934356841109818187-309    0.118674111366271973E+04   -0.380892038345336914E+00    0.118222914561197623E+01    0.863565344810485840E+02    0.129134723418422137E+01    0.291482658817009355E+00   -0.134474533796310425E+02    0.161109572649002075E+01   -0.126154053211212158E+02   -0.788085937500000000E+01    0.345738147711753874E+00
    0.156250000000000035E-01   -0.934356841110687742-309    0.651944953203201294E+04   -0.119087553024291992E+01    0.970607443899359046E+00    0.367502422928810120E+02    0.286598806287805319E+00    0.101746874636588114E+01   -0.105594474077224731E+02    0.114748716354370117E+01   -0.261026233434677124E+01   -0.672488898038864136E+01    0.378172240304946894E+00
    0.156250000000000035E-01   -0.934356841111557298-309    0.258127236366271973E+04   -0.264220237731933594E+00    0.474838376300392773E+00    0.229487153291702271E+02    0.262065599878427258E+00    0.860227289199466449E+00   -0.353790521621704102E+01    0.196272957324981689E+01   -0.555682986974716187E+01   -0.138918006420135498E+02    0.782494536638259908E-01
    0.156250000000000035E-01   -0.934356841112426853-309    0.563135719299316406E+04   -0.176721411943435669E+01    0.119686739611483173E+01    0.829799680709838867E+02    0.938278954353183536E+00    0.127363342625301934E+01    0.974722802639007568E+01    0.160690236091613770E+01   -0.894469499588012695E+01   -0.349523752927780151E+01    0.125412634420394908E+00
    0.156250000000000035E-01   -0.934356841113296409-309    0.628018629550933838E+04    0.485299110412597656E+00    0.106199138254393866E+01    0.700685858130455017E+02    0.105758490934223448E+01    0.156820698520128299E+01    0.826290249824523926E+01    0.121506381034851074E+01   -0.449592053890228271E+01   -0.417551100254058838E+01    0.138878173613548289E+00
    0.156250000000000035E-01   -0.934356841114165964-309    0.488053101301193237E+04    0.329772293567657471E+00    0.793749114155491209E+00    0.616346107721328735E+02    0.273194263477649857E+00    0.315152532899416415E+00   -0.130601298809051514E+02    0.127742141485214233E+01   -0.697155296802520752E+01   -0.139006528258323669E+02    0.351458014011383074E-01
    0.156250000000000035E-01   -0.934356841115035520-309    0.412769585847854614E+04   -0.176590216159820557E+01    0.129626146330307473E+00    0.349994217753410339E+02    0.130330533722435438E+01    0.102092207567376539E+00    0.301421284675598145E+00    0.156881445646286011E+01   -0.239966243505477905E+01   -0.405794888734817505E+01    0.202584412336349495E+00
    0.156250000000000035E-01   -0.934356841115905075-309    0.391943341493606567E+04    0.613673746585845947E+00    0.120197674854375425E+01    0.915140157938003540E+02    0.116316021952624449E+01    0.230255066522028484E+00   -0.285529553890228271E+01    0.139745509624481201E+01   -0.586012512445449829E+01   -0.509315907955169678E+01    0.209692357206344604E+00
    0.156250000000000035E-01   -0.934356841108079076-309    0.348507976531982422E+04   -0.382203280925750732E+00    0.104725577660400315E+01    0.441826879978179932E+02    0.711644528153928868E+00    0.691403078662024440E+00   -0.221931338310241699E+00    0.161942237615585327E+01   -0.219798266887664795E+01   -0.403978765010833740E+01    0.235367870163917553E+00
    0.156250000000000035E-01   -0.934356841108948631-309    0.200706821680068970E+04   -0.160491114854812622E+01    0.583415237461132441E+00    0.129388625621795654E+02    0.831317312777192230E+00    0.941801380207787586E+00   -0.110811978578567505E+02    0.189232105016708374E+01   -0.139517623186111450E+02   -0.666372299194335938E+01    0.373524625039100666E+00
    0.156250000000000035E-01   -0.934356841109818187-309    0.386762732267379761E+04    0.985444366931915283E+00    0.151130960937706615E+01    0.673724298477172852E+02    0.136337308125271384E+01    0.108089244787476879E+01    0.920608878135681152E+01    0.126396048069000244E+01   -0.620874702930450439E+01   -0.738236457109451294E+01    0.500036327004432679E+00
    0.156250000000000035E-01   -0.934356841110687742-309    0.535945969820022583E+04   -0.783328175544738770E+00    0.864998694275773139E+00    0.423023200035095215E+02    0.380109372555375857E+00    0.936191639430995926E+00    0.231870353221893311E+01    0.134119737148284912E+01   -0.687972307205200195E+01   -0.138774669170379639E+02    0.492709687685966513E+00
    0.156250000000000035E-01   -0.934356841111557298-309    0.917504310607910156E+03   -0.147559666633605957E+01    0.937258372949388519E+00    0.824367939233779907E+02    0.127147448686167075E+01    0.141313036591191232E+01    0.382894814014434814E+01    0.150272804498672485E+01   -0.120712816715240479E+01   -0.537809461355209351E+01    0.601234368324279830E-01
    0.156250000000000035E-01   -0.934356841112426853-309    0.633793836832046509E+04    0.369714677333831787E+00    0.650793102587111427E+00    0.410365855693817139E+02    0.123321662775970431E+01    0.485086782268716987E+00    0.609867811203002930E+01    0.158806359767913818E+01   -0.121754559874534607E+02   -0.961293786764144897E+01    0.529132343959808349E+00
    0.156250000000000035E-01   -0.934356841113296409-309    0.356054419279098511E+04    0.420823454856872559E+00    0.106568544195132264E+01    0.180927620530128479E+02    0.125269249125902205E+01    0.730858049479927607E+00   -0.115877383947372437E+02    0.165085142850875854E+01   -0.990661919116973877E+01   -0.106110611557960510E+02    0.835651617050170957E-02
    0.156250000000000035E-01   -0.934356841114165964-309    0.544532155990600586E+04    0.260125696659088135E+00    0.104294116286028937E+01    0.403295445442199707E+02    0.155989845315185915E+01    0.117259966917435432E+01   -0.837986111640930176E+01    0.182410871982574463E+01   -0.100422245264053345E+02   -0.138629928231239319E+02    0.863465729713440017E-01
    0.156250000000000035E-01   -0.934356841115035520-309    0.235232144594192505E+04    0.285166442394256592E+00    0.636125436595986637E+00    0.295439175367355347E+02    0.361841855982843630E+00    0.361917131895530431E+00    0.898696839809417725E+01    0.103010511398315430E+01   -0.117919027805328369E+02   -0.310689210891723633E-01    0.458692806816101084E+00
    0.156250000000000035E-01   -0.934356841115905075-309    0.298758715391159058E+04   -0.225897192955017090E+00    0.442734416796305708E+00    0.297971470355987549E+02    0.725223778492782745E+00    0.105214004528464855E+00    0.120750099420547485E+02    0.102228915691375732E+01   -0.110214722156524658E+02   -0.429559350013732910E+00    0.317555836844444273E+00
    0.156250000000000035E-01   -0.934356841108079076-309    0.339810305833816528E+04   -0.347769618034362793E+00    0.107386538902914208E+01    0.650874989032745361E+02    0.150538146504333548E+01    0.657273410532925095E+00   -0.114751535654067993E+02    0.156733816862106323E+01   -0.168166905641555786E+01   -0.542179048061370850E+00    0.882624864578247141E-03
    0.156250000000000035E-01   -0.934356841108948631-309    0.596582663059234619E+04   -0.167407709360122681E+01    0.136475147465573854E+01    0.287821165323257446E+02    0.134638263364665867E+01    0.738872593512141851E+00    0.524683892726898193E+01    0.140953147411346436E+01   -0.427910327911376953E+01   -0.112678241729736328E+02    0.102702597713470456E+00
    0.156250000000000035E-01   -0.934356841109818187-309    0.309778618812561035E+04   -0.199087190628051758E+01    0.922053435446031688E+00    0.166960403323173523E+02    0.134287443905912962E+01    0.472210294368453770E-01   -0.133178150653839111E+02    0.107869386672973633E+01   -0.167858541011810303E+01   -0.223181605339050293E+01    0.449101537013053886E+00
    0.156250000000000035E-01   -0.934356841110687742-309    0.389304637908935547E+03   -0.171770733594894409E+01    0.511565662657379683E+00    0.777485017776489258E+02    0.108085443541139692E+01    0.747346844921585096E+00   -0.108321422338485718E+02    0.115788823366165161E+01   -0.917701810598373413E+01   -0.376457244157791138E+01    0.154481561923027033E+00
    0.156250000000000035E-01   -0.934356841111557298-309    0.327777320146560669E+04   -0.160225307941436768E+01    0.136031495597931906E+01    0.346533363461494446E+02    0.119265199261697097E+01    0.236634138361689894E+00    0.193040370941162109E+01    0.104974639415740967E+01   -0.715048760175704956E+01   -0.132188549637794495E+02    0.409164962482452432E+00
    0.156250000000000035E-01   -0.934356841112426853-309    0.936494231224060059E+03    0.159794092178344727E+00    0.113251557653985002E+01    0.288617486357688904E+02    0.290473456002518449E+00    0.952520333118058393E+00   -0.146199327707290649E+02    0.115163493156433105E+01   -0.131305360794067383E+02   -0.427665084600448608E+01    0.240593916893005397E-01
    0.156250000000000035E-01   -0.934356841113296409-309    0.570600050687789917E+04    0.431781709194183350E+00    0.139791492532600614E+01    0.211758728027343750E+02    0.120040110479288287E+01    0.780703530544288982E+00   -0.595357418060302734E+00    0.101643174886703491E+01   -0.622418135404586792E+01   -0.305508971214294434E+01    0.281408612751960774E+00
    0.156250000000000035E-01   -0.934356841114165964-309    0.455170631408691406E+03    0.998325943946838379E-01    0.114246582868235391E+01    0.655894024372100830E+02    0.273385636569107304E+00    0.122006684335554483E+01    0.134624326229095459E+02    0.141970670223236084E+01   -0.917786657810211182E+01   -0.121613529324531555E+02    0.290384194564819342E+00
    0.156250000000000035E-01   -0.934356841115035520-309    0.453974676132202148E+04   -0.888645291328430176E+00    0.957367407879284760E+00    0.811307684183120728E+02    0.447851701861017026E+00    0.110023264620308736E+01   -0.593327343463897705E+01    0.181497633457183838E+01   -0.105297160148620605E+02   -0.238794833421707153E+01    0.723194223403930692E-01
    0.156250000000000035E-01   -0.934356841115905075-309    0.118475008010864258E+04   -0.175875103473663330E+01    0.119480193951584979E+01    0.416443859338760376E+02    0.939563700713740624E+00    0.772670729294445469E+00   -0.979310274124145508E+00    0.169560462236404419E+01   -0.145321977138519287E+02   -0.105222487449645996E+02    0.356838102149963365E+00
    0.156250000000000035E-01   -0.934356841108079076-309    0.576608365774154663E+04   -0.122112494707107544E+01    0.132029269503712632E+01    0.464161634445190430E-01    0.106021254427949096E+01    0.249889814628099123E-01   -0.110176849365234375E+02    0.188625925779342651E+01   -0.928415715694427490E+01   -0.596602499485015869E+01    0.161270779252052326E+00
    0.156250000000000035E-01   -0.934356841108948631-309    0.142343795299530029E+04   -0.573960125446319580E+00    0.107182581491535478E+01    0.901462554931640625E+00    0.112833836878210358E+01    0.129657619493999676E+01    0.791816711425781250E+01    0.171746140718460083E+01   -0.464671522378921509E+01   -0.124572864174842834E+02    0.423697327995300299E+00
    0.156250000000000035E-01   -0.934356841109818187-309    0.105747538805007935E+04    0.303537249565124512E+00    0.136456124219843522E+01    0.844537727236747742E+02    0.755513438807286053E+00    0.682360887344175882E+00    0.488140940666198730E+01    0.149659973382949829E+01   -0.113624936342239380E+02   -0.142382383346557617E+00    0.133187000298500058E+00
    0.156250000000000035E-01   -0.934356841110687742-309    0.327523851394653320E+04    0.162900090217590332E-01    0.811660795781045108E+00    0.429310448169708252E+02    0.830010751382237122E+00    0.131047546153452643E+01   -0.893503367900848389E+01    0.151511663198471069E+01   -0.756859570741653442E+01   -0.136643484234809875E+02    0.540382279801368770E+00
    0.156250000000000035E-01   -0.934356841111557298-309    0.150253397226333618E+04   -0.206315636634826660E+00    0.438302594515398714E+00    0.555952636599540710E+02    0.391447760090442187E+00    0.461779243736182843E+00    0.566403865814208984E+01    0.152423560619354248E+01   -0.134683236479759216E+02   -0.606552779674530029E+01    0.643971903562545744E-01
    0.156250000000000035E-01   -0.934356841112426853-309    0.593966114521026611E+04    0.365421175956726074E-01    0.134106262066533133E+01    0.834093500375747681E+02    0.119388730404979326E+01    0.971862403981518463E+00   -0.774843871593475342E+01    0.108527922630310059E+01   -0.611120671033859253E+01   -0.148652413487434387E+02    0.126852367186546328E+00
    0.156250000000000035E-01   -0.934356841113296409-309    0.698630809783935547E+04    0.501141667366027832E+00    0.155730989025325273E+01    0.152341318130493164E+01    0.100570033113557811E+01    0.111189095636707247E+01    0.707998752593994141E+01    0.182470631599426270E+01   -0.133325868844985962E+02   -0.114659294486045837E+02    0.492888566780090354E+00
    0.156250000000000035E-01   -0.934356841114165964-309    0.251093113422393799E+04   -0.676266372203826904E+00    0.126698741709145701E+01    0.122239851951599121E+01    0.149808606813219969E+01    0.114562102549698386E+01   -0.129572600126266479E+02    0.190638440847396851E+01   -0.134358295798301697E+02   -0.139801704883575439E+02    0.330428888082504313E-01
    0.156250000000000035E-01   -0.934356841115035520-309    0.684452414512634277E+04   -0.182856124639511108E+01    0.143811101611267067E+01    0.174363681077957153E+02    0.145545022186949513E+01    0.249995519236834662E+00    0.562466025352478027E+01    0.113983803987503052E+01   -0.315152138471603394E+01   -0.620166778564453125E+01    0.529474408006668118E+00
    0.156250000000000035E-01   -0.934356841115905075-309    0.511379569768905640E+04    0.678498089313507080E+00    0.108783589824027205E+01    0.905397720336914062E+02    0.861443781654117169E+00    0.129421483449985608E+01    0.142520928382873535E+02    0.188971608877182007E+01   -0.443480551242828369E+01   -0.563802123069763184E+01    0.410419538497924841E+00
    0.156250000000000035E-01   -0.934356841108079076-309    0.470429825782775879E+04   -0.325837731361389160E+00    0.984483164740196037E+00    0.100041702389717102E+02    0.861162245995598430E+00    0.606057046491499385E+00   -0.359717130661010742E+01    0.107853883504867554E+01   -0.287652969360351562E+01   -0.746160328388214111E+01    0.480199034643173261E+00
    0.156250000000000035E-01   -0.934356841108948631-309    0.277981328964233398E+04    0.194543004035949707E-01    0.743158649626373125E+00    0.783700157403945923E+02    0.154203924286692273E+00    0.332100193077489114E+00   -0.177170991897583008E+01    0.144592475891113281E+01   -0.233298450708389282E+01   -0.139472025632858276E+02    0.231998918008804317E+00
    0.156250000000000035E-01   -0.934356841109818187-309    0.355804371833801270E+04    0.665247082710266113E+00    0.148829960085256929E+01    0.836566727757453918E+02    0.501863948122159620E+00    0.129653939962446696E+01    0.192516982555389404E+01    0.145234489440917969E+01   -0.108556607365608215E+02   -0.105590254068374634E+01    0.471717033576965372E+00
    0.156250000000000035E-01   -0.934356841110687742-309    0.426287835836410522E+04   -0.884182274341583252E+00    0.119962421785946116E+01    0.489280591607093811E+02    0.680401653825664199E+00    0.134925257463122028E+01   -0.983703553676605225E+01    0.179655921459197998E+01   -0.113912209868431091E+02   -0.117830023169517517E+02    0.305174899291992208E+00
    0.156250000000000035E-01   -0.934356841111557298-309    0.583542311191558838E+04   -0.238818466663360596E+00    0.130761370042012182E+01    0.819875496625900269E+02    0.788962534039221119E+00    0.147776250797434217E+01   -0.106634616851806641E+01    0.185269623994827271E+01   -0.748508602380752563E+01   -0.139773130416870117E+02    0.556742535138130212E+00
    0.156250000000000035E-01   -0.934356841112426853-309    0.671454703807830811E+04   -0.294518649578094482E+00    0.147952377946869040E+01    0.203153445124626160E+02    0.452298317434689678E+00    0.367385309015627659E+00    0.176924586296081543E+01    0.156208157539367676E+01   -0.124504154920578003E+02   -0.613140732049942017E+01    0.425620030903816227E+00
    0.156250000000000035E-01   -0.934356841113296409-309    0.454986506700515747E+04   -0.128602385520935059E+01    0.724050638689678783E+00    0.797823688387870789E+02    0.284919423146185180E+00    0.633884042214709065E+00    0.986481428146362305E+01    0.191392678022384644E+01   -0.737579315900802612E+01   -0.634431660175323486E+01    0.159033749985694889E+00
    0.156250000000000035E-01   -0.934356841114165964-309    0.130829054117202759E+04   -0.104713773727416992E+01    0.151530674622580341E+01    0.676462179422378540E+01    0.954012181865261044E+00    0.126493971372499692E+01    0.728695929050445557E+01    0.158549565076828003E+01   -0.604271650314331055E+01   -0.664067745208740234E+01    0.430941266012191793E+00
    0.156250000000000035E-01   -0.934356841115035520-309    0.652944850921630859E+04    0.838290870189666748E+00    0.153693948706003725E+01    0.176140252947807312E+02    0.828044683110459201E+00    0.581264774845300036E+00   -0.479014277458190918E+01    0.139748728275299072E+01   -0.541007101535797119E+01   -0.868159890174865723E+01    0.267839014577865631E+00
    0.156250000000000035E-01   -0.934356841115905075-309    0.257575947046279907E+04   -0.118007463216781616E+01    0.810919740734292294E+00    0.100447622537612915E+02    0.103393722480125394E+01    0.487710578508933457E+00   -0.247727394104003906E+01    0.129017370939254761E+01   -0.132887515425682068E+02   -0.103159984946250916E+02    0.235792191982269299E-01
    0.156250000000000035E-01   -0.934356841108079076-309    0.365389454364776611E+04   -0.169789922237396240E+01    0.118095570145614981E+01    0.852390355467796326E+02    0.334147623001163629E+00    0.145401801336654790E+01   -0.100887787342071533E+02    0.143741679191589355E+01   -0.248096466064453125E+01   -0.117780321836471558E+02    0.416856183528900165E-01
    0.156250000000000035E-01   -0.934356841108948631-309    0.162926292419433594E+04   -0.162302124500274658E+01    0.153174619501448062E+01    0.477597892284393311E+01    0.513399045473836524E+00    0.105902844668278751E+01   -0.784997999668121338E+01    0.123801922798156738E+01   -0.144799241423606873E+02   -0.998403847217559814E+01    0.521445285272598258E+00
    0.156250000000000035E-01   -0.934356841109818187-309    0.953808128833770752E+03   -0.175381076335906982E+01    0.142154358451810126E+01    0.911605955958366394E+02    0.644688195473916315E+00    0.125138667887812338E+01   -0.766284763813018799E+01    0.157922840118408203E+01   -0.763856470584869385E+01   -0.237847477197647095E+01    0.351620414257049554E-02
    0.156250000000000035E-01   -0.934356841110687742-309    0.534988629817962646E+04   -0.177906519174575806E+01    0.915337566226156696E+00    0.941953133940696716E+02    0.147078956161456631E+01    0.740429606482267522E+00    0.765434145927429199E+01    0.189566683769226074E+01   -0.105940818786621094E+02   -0.110192602872848511E+02    0.553489583158493059E+00
