luminosity_distance KNtimeshift supernova_mag_boost Ebv log_likelihood log_prior
2578.891891834938 -1.79895510078895 -3.935918540985484 0.22242808701572103 -18.448651880649837 -11.495783542875095
1162.761926651001 -1.4320472478866577 -1.3461297750473022 0.14788729312419893 -16.228703648706535 -11.30269450647125
2237.6047471358693 -1.2675185816590129 -3.5307937787539374 0.1888713441060256 -15.698037771791977 -11.40422210548817
1648.0066272790336 0.08603523578540218 -2.9878554933690906 0.2460823397807639 -15.57240156101657 -11.565765120741888
1286.4936442610503 -0.7435035110639505 -3.438953958250999 0.3856340640640033 -15.42653591783093 -12.12378029215923
1135.4829932815767 -1.814103023013442 -1.3195530216725393 0.5471590928962011 -15.296554173124612 -14.125170469358652
2512.6696003315315 -0.35594211578507395 -4.244747024559865 0.0665582085328465 -15.180926446759464 -11.127412490209245
1805.5874705314636 -1.7721953392028809 -4.328376650810242 0.2212990959405899 -14.941242539691709 -11.492562787416809
973.8970564929041 0.211530534169178 -2.770744486361921 0.09959765335374941 -14.817538384283592 -11.194959016146752
1021.3054476161283 -0.6020863911941676 -2.7257867330263816 0.08366167229916122 -14.767905180950413 -11.161809216449736
406.54594804998015 -1.0414862077949387 -0.5296074425406943 0.13775538234319085 -14.750476229977878 -11.279107719239919
1301.686665800521 -1.7710142964426299 -1.80718011000848 0.2541641432288405 -14.64815441121444 -11.590843649696907
1945.3895688056946 -0.4962749481201172 -4.830842018127441 0.23677549817562105 -14.617273580283076 -11.537643464582237
1857.3530621036616 -1.0010352680299652 -3.191102395756147 0.0828770661655186 -14.529607698013807 -11.160205133097506
772.833361748169 -0.9836339826990803 -1.961199013562394 0.4164953189107152 -14.501228830327223 -12.304391643678985
1329.8219676055637 -1.0978124062101695 -3.342993548553422 0.476458137356843 -14.49641071177448 -12.789894034969608
2031.2965142871765 -0.20737854474503514 -3.8022974045584954 0.16143737264335353 -14.381169326030072 -11.335134166166082
1451.3946950704883 -1.0224770049824206 -3.641161774127042 0.06668623764935164 -14.331228673810232 -11.127665623349992
1587.0053184189037 -0.8494883983198525 -3.9501463731564392 0.32742004331822977 -14.30458519491367 -11.852460047786128
732.0629079008119 -0.27994002022424924 -0.7328484393538393 0.2688160850743377 -14.281425474560184 -11.637978382544961
2007.0682168006897 -1.6049111485481262 -3.3458614349365234 0.0748101508140564 -14.266286412802716 -11.143860303851152
169.0861235560385 -0.8899114567641973 1.5283474129154664 0.4543186624700881 -14.232419882597213 -12.582262757414393
1657.048523426056 0.41337156295776367 -3.509798049926758 0.019713240408897402 -14.220610077048784 -11.038845042839029
1588.7658482998622 -1.5782384355610724 -3.8113221082318307 0.3705877874072651 -14.218456940656408 -12.046298821134782
64.44696444030501 -1.082683805708647 3.7392854418949106 0.2537020739148699 -14.215023307880383 -11.58939273154036
1960.2001697297158 0.11782410199419324 -4.843345801849587 0.0977025083762203 -14.205070646313425 -11.190958704108192
796.3534785916827 -1.936271804121827 -1.825374121927413 0.3601503192899393 -14.191400400186202 -11.995873124642458
2054.7505857762803 -0.4189460994965932 -4.899956303593579 0.4671254266046971 -14.161560101048149 -12.697064523771074
451.1301998997814 -0.05918361870899025 -0.905542330983578 0.47290191703415096 -14.132212655302883 -12.753498068218057
1509.7151941164266 -1.8266558236822616 -3.6127083999934007 0.4557287924584251 -14.110128224580752 -12.594276658679272
1051.7483766318765 -1.510101812546257 -1.2791935761565498 0.05669951384656786 -14.095939239535669 -11.108110301759748
768.7787744745989 0.04462873950475421 -0.9775392629025212 0.26508560644825846 -14.085695193147506 -11.625765138719995
824.5285838498055 0.46184571703793953 -1.5322045210594326 0.34917285319040375 -14.066265286604475 -11.945446596919718
328.7888169288635 -0.14094197750091553 -0.14987289905548096 0.42131761851310734 -14.028853372502562 -12.335811184717024
683.0262913434635 0.48087858358111113 -1.1369863481342217 0.09727060979525409 -14.013427660540197 -11.190049278150692
1103.3152712621077 -0.49104836204411906 -2.8365452563752886 0.1318034331736048 -13.996285222087689 -11.265506803226003
1050.1208487166068 -1.5285350251881349 -2.5202077594302614 0.387101716116904 -13.994016366673408 -12.13166957356297
107.15198516845703 -0.07895094156265259 3.5669827461242676 0.022212054777145388 -13.98945414382872 -11.043376507081089
825.1905050980819 -1.1417931290433223 -2.0181020516208377 0.19821990886103266 -13.94119757613716 -11.42889923689502
1595.603966661269 -1.6726258522539363 -3.774566504507969 0.29073426353052345 -13.931600291977539 -11.712915409313736
137.85847828253839 0.16315266723432575 1.8356056589439227 0.5513709985645839 -13.929146846057797 -14.307733939796668
2083.0445885658264 -0.7232373952865601 -4.774512052536011 0.04396642062664032 -13.926131083363458 -11.083719325738377
341.5255885159439 -0.23219547821497954 -0.19228249755973792 0.2655944604786768 -13.911389382967823 -11.62742232038588
445.48082565415655 -1.0807767238145753 0.5614258002833692 0.05069450565643485 -13.891330674311831 -11.096533203934188
1664.3804174909164 0.15985436479686754 -3.341677421965721 0.28745106720078256 -13.879262661524365 -11.701326464469325
341.06059205930154 -1.467877088497846 0.051102557194194986 0.14935657730250118 -13.861751681736461 -11.30616161761321
631.2621309305999 0.5214288181655933 -1.3756629278086088 0.30491367801071406 -13.859333688280657 -11.76456801324371
1067.6650404930115 -0.42315542697906494 -2.752234935760498 0.28133259851932524 -13.85679939372471 -11.680081584961938
949.0095376968384 0.36098408699035645 -1.8201380968093872 0.39479513368606567 -13.849914755931668 -12.174075214923134
1210.8740597472963 0.45924151240038746 -3.104049878701454 0.30815264451073754 -13.848930817499273 -11.77675082843107
918.6463074331353 0.1464728724840354 -1.5406601948730945 0.5170626281174922 -13.845064215539436 -13.340187962668564
3162.5428004787523 -1.797965076901644 -4.936066826196 0.2625306642988288 -13.840238269504306 -11.617485734636222
627.8393455596927 -1.5549319539289375 -1.3322138366069276 0.2895294169748715 -13.830940491807736 -11.70864695627228
2256.5340025278915 0.45588620124873636 -4.96073408977993 0.030756534587241112 -13.827718284293367 -11.059028473427887
1180.5977166112095 0.20234825447368543 -2.222734429035963 0.4507995221461175 -13.817926447624284 -12.552895546278341
473.98905589283106 0.3082240740400808 -0.1750049537866296 0.4202183680911692 -13.80969552795271 -12.328561691287861
1766.8768630884565 -1.749452952314999 -4.102295400266049 0.03526357646320411 -13.808520771500817 -11.067384335723311
2740.056872367859 -0.40290725231170654 -4.818704128265381 0.15270771453380586 -13.790843527178218 -11.314114656418472
480.5700975574666 -1.1018405045941266 -0.7972819785801217 0.005557744626266753 -13.77430609854763 -11.013555389719128
863.3750732978092 -0.23337155334429083 -2.2785547803201016 0.20875873792672922 -13.773971844217185 -11.457468607607693
1390.336147510802 -1.8554594239753832 -3.2812565728676546 0.268382816854008 -13.772501143700879 -11.636552222206735
858.262844284878 -0.44038656984317726 -2.216549015466099 0.2345947246196139 -13.740000371864962 -11.531166824395324
2205.7968974113464 0.45242738723754883 -4.623012542724609 0.48140963294506073 -13.737595144465594 -12.842882801147594
679.2610166814012 0.4536682090904116 -1.1688785958801966 0.361009293239419 -13.73197385871572 -11.999928333503634
1269.9366219942156 -0.27828480060624283 -2.196837714662628 0.2999199670788228 -13.7065820429593 -11.746071107787218
1169.001441917777 -0.8476060402389458 -2.88978129311889 0.08872487081743305 -13.699460997783307 -11.172222984872125
1886.1781731598878 0.39505461611890125 -4.5141261590062935 0.5090507096595721 -13.695292003481907 -13.204972741020903
180.05194164520722 -0.0889875490229528 2.311292232774484 0.3677719348871416 -13.69115159885434 -12.03244243077204
468.12966342354554 -0.5990599286114473 0.2823888186646606 0.32389563224251733 -13.689268182122758 -11.838176023651032
1654.6240859915463 -1.160131505707834 -3.9315625059875066 0.13422009020674544 -13.618195045515177 -11.271006866528934
1457.5681712710978 -0.10777964940105234 -2.7693749171920414 0.21495010870188033 -13.615078498349865 -11.474641257413037
1268.2515904560717 -1.1136698162492125 -1.9726013214410107 0.4458361825188199 -13.60697401459281 -12.512889778547596
2310.937393978555 -0.4923774251350228 -4.060989180990379 0.19943397888799055 -13.598556606722315 -11.432149126242264
2020.848746538485 -0.42995496032820135 -4.764435024642698 0.24114880914914288 -13.59808786663984 -11.55075947320669
1824.9735465087963 -0.46218271033672886 -4.377449814822707 0.25757491764165835 -13.579348238597284 -11.601619255029853
529.8157867706185 0.30532092954368206 -0.47640650130180795 0.11453191481634944 -13.577442678334613 -11.227055326511183
2220.1557100312443 0.30391488266934363 -4.933171206055223 0.09796423265548194 -13.566975819696692 -11.19151020577231
799.076768794766 -0.8055104912919737 -1.9445367914700826 0.5396341218535501 -13.56605220670674 -13.864248772033179
2029.6854439549475 -1.3237289161832035 -4.635392226649832 0.4199890813631814 -13.56551904803003 -12.327056160237374
1719.1014026880111 0.06721620763241631 -3.439417553607528 0.0836699089938814 -13.564287547050679 -11.161826069566548
999.0967434760953 0.4938862926910974 -2.4182343634671257 0.19182552096666217 -13.553532029339571 -11.411954547471282
1681.8294453838505 0.4274190699127356 -3.93280415771217 0.5576327340607128 -13.54953389822607 -14.661223475166622
366.0036762472725 0.42211465175088936 -0.29661045166297306 0.382174369716898 -13.541194818503442 -12.105425550109244
785.9130389751015 0.415755830698048 -1.49974260492735 0.33066709287858825 -13.534299315888143 -11.865803018460236
2782.371493306314 -1.8015882110152763 -4.594201604484909 0.12398775480507407 -13.532883588081729 -11.247923446055312
1037.8370717386347 0.3532146971633301 -2.102491142316638 0.05929517389932625 -13.499959671502385 -11.113156281848262
2099.6326380963237 0.34523812971032797 -4.732247480873161 0.05899072930550732 -13.499514133586377 -11.112563119798766
1145.8355591588827 -1.8728822612009983 -1.5692691836430561 0.5107636796277986 -13.497710696178707 -13.232385132306273
1424.8905194374458 0.04946618731657715 -2.7740127436323556 0.1103395570449666 -13.490089115180151 -11.217940734090734
2164.8547579444435 0.0674731282978609 -4.299849056844552 0.3766060514194271 -13.484098729287409 -12.076573622029086
394.5913203281919 -0.3088725674433588 -0.4329972507868227 0.2245008138866691 -13.481717842085983 -11.501723702794001
1943.6999524716696 -0.7203591940879566 -3.678642524106632 0.4867260953511308 -13.477611236352637 -12.90308816279947
1036.6846849737908 -0.5557050130308698 -1.5542848655964607 0.5351332195222446 -13.471802923401588 -13.735534119509076
272.2191729255107 0.1396797584758449 0.33819819376085647 0.2057305200015738 -13.467778944059702 -11.449175602710218
1289.6891955444326 0.4343334344195604 -3.0815759086482384 0.5262470767765043 -13.46673349933798 -13.521676144791705
1850.7957290578859 -1.1815624510523326 -4.291027927838643 0.3229637813215152 -13.46573055825585 -11.834433199570316
2213.6189242011487 0.29643781601127817 -4.875981444512871 0.3788621127534465 -13.45428877340642 -12.088163152494753
1104.224290266536 -0.27966142855908593 -2.7906444014771483 0.26464884261909405 -13.441741438378152 -11.624344919681826
1830.5893310543877 0.3037345244549048 -4.347489956159832 0.5334392767408976 -13.435664207539004 -13.691082402774756
1799.248924712087 -0.9417772351685001 -4.257894643377662 0.4955892124962032 -13.4250867863522 -13.012291352943372
1588.103818270921 -0.8404286479319587 -2.833188654544571 0.44782059969671245 -13.409288443307142 -12.528693179455594
1027.7448285639643 -1.6377323715947438 -1.2948946285189318 0.13794263458205577 -13.378314816454687 -11.279538628949963
1453.3792097743385 -0.8371758960624514 -3.532173602436526 0.5573752416933943 -13.36415910964666 -14.643937051313038
390.68928444751725 0.0056911700178652325 0.45878531211960816 0.12199950715535893 -13.356442625663934 -11.243499274459577
235.71517070066938 0.447151916678453 1.1414718690588046 0.48828224316326163 -13.3518465770828 -12.921418761273095
933.3527929289138 -0.3245611865489595 -1.4254909807940082 0.028853708618406526 -13.343788936513086 -11.05552156985262
990.4569769076966 -1.2183968848314077 -1.30678270390041 0.34392918657224475 -13.341635723135985 -11.922227974515739
1187.693552739703 -1.3442579304622506 -2.769598721237828 0.18569309158076314 -13.30948783687234 -11.39596938200706
941.2151914309247 -0.9362007615416372 -2.2761641167348667 0.4643791209677755 -13.290986132999343 -12.671311912710195
788.333390202837 -1.6652881150444603 -0.668377932703903 0.44760956234546784 -13.287985064552496 -12.52700061388027
788.333390202837 -1.6652881150444603 -0.668377932703903 0.44760956234546784 -13.287985064552496 -12.52700061388027
717.3905976196693 -1.021387336745225 -0.6140003866064347 0.16565549138779811 -13.280566324022562 -11.345451200160195
93.30195188522339 -1.9014256000518799 4.260022044181824 0.025100800323486328 -13.27887411827725 -11.048640809685548
1665.2796989523756 -0.8941449679333187 -3.02291118668315 0.4982987622988915 -13.263270820915361 -13.048204210240696
1665.2796989523756 -0.8941449679333187 -3.02291118668315 0.4982987622988915 -13.263270820915361 -13.048204210240696
2323.3848306618793 -1.7364048036836248 -3.7783786736985676 0.22638025127462244 -13.262895684584505 -11.50714059485226
2734.725537092128 -1.530605370749885 -4.64504492668338 0.06607506713245638 -13.261912047643586 -11.126457822513759
1208.665910926359 0.38645961410752605 -2.8507321908131944 0.4889851735622536 -13.26060490040439 -12.929810376924593
732.3711514472961 0.18013417720794678 -1.150338053703308 0.4007409615039826 -13.258376058304302 -12.208126270459324
690.4969086506368 -1.1439452126289935 -1.520516068779132 0.41551918511735364 -13.257128494327278 -12.298150069342018
1720.9611228682397 0.3120018423469544 -3.873864136678727 0.2891926357252536 -13.233586552959448 -11.707457080245636
1720.9611228682397 0.3120018423469544 -3.873864136678727 0.2891926357252536 -13.233586552959448 -11.707457080245636
1995.5208899589366 0.01949707674922685 -4.6835878285251775 0.36349394830742393 -13.22942520001971 -12.011751808051404
1962.8341391700428 -1.1594753791753765 -3.5864187060275263 0.008991852860271361 -13.22848394456075 -11.019632129517502
1125.3831514620438 -0.011175588929051017 -2.0637188447340016 0.3056796501588451 -13.207529690425984 -11.76743571487849
1340.258162878823 -1.7244080140829245 -2.1056741470962836 0.04064586880722856 -13.207471277882208 -11.077455222421133
1658.2691561672582 -1.1195164423621726 -3.8795623564592567 0.16181755600615247 -13.204775193927796 -11.336059698807434
856.7566267498175 0.40860929769141485 -1.9014630462194555 0.10270408977990332 -13.191030340754937 -11.20155095974424
2795.0662055246585 -0.42828376304085336 -4.994308948284932 0.03894193467158365 -13.177478974907977 -11.07425598081548
1619.6602124249196 -1.13626180960815 -2.8973343769071267 0.24071557187519016 -13.177224879794238 -11.549452446330392
2037.599218660116 -0.9558964963426615 -4.648377819529338 0.006197481590083142 -13.17198717731582 -11.014684624938424
995.2334200341239 -0.7371067613690847 -1.474501696824317 0.30754817280357194 -13.169343502774456 -11.774465918569431
1361.0113387231397 0.1603523943664471 -3.38101323842829 0.20767253849465184 -13.167343231803333 -11.454486051651847
1949.8525183026416 -0.9986169317480398 -4.483929841928629 0.46315073344686786 -13.165774964021063 -12.660004325041426
2960.0013835377413 -1.7418896669519768 -4.872489246524305 0.03228392714132596 -13.150030422833257 -11.061852379323895
2960.0013835377413 -1.7418896669519768 -4.872489246524305 0.03228392714132596 -13.150030422833257 -11.061852379323895
2175.5574463603007 -0.5793106905070085 -4.811358192871891 0.30135466295231333 -13.148294116207309 -11.751350343255808
1061.5694595596588 0.3591415010771182 -2.3538538764149104 0.1657832306338618 -13.147032699639752 -11.34576530227096
1828.351869809477 -1.525759058842079 -3.2035063727536595 0.0538153403583481 -13.142353570106186 -11.102533153183535
1556.308460540187 -0.33614350572940244 -3.827524097442952 0.4067265896196711 -13.126243985033303 -12.243618002400984
818.8577317278299 0.2797737935120974 -2.021254412607474 0.11236042096843916 -13.123869408180642 -11.222323918367364
1062.4191761016846 0.26775622367858887 -2.1863889694213867 0.3365145302295685 -13.1191813750162 -11.890290055874408
2445.1662249363926 0.19447383192367385 -4.773717663789231 0.18221114852798692 -13.114658801046183 -11.387005589058512
2418.30363890421 0.24173463505755066 -4.831767622883915 0.3619915225072024 -13.10271855361271 -12.004585673204124
2418.30363890421 0.24173463505755066 -4.831767622883915 0.3619915225072024 -13.10271855361271 -12.004585673204124
2708.1193413716924 -1.392046768655931 -4.672678048808242 0.11123317823772244 -13.102648710021917 -11.219876598651894
727.5498215214063 -0.30024571733074223 -0.9015685845120096 0.289313628558142 -13.092646088495853 -11.707884395001559
727.5498215214063 -0.30024571733074223 -0.9015685845120096 0.289313628558142 -13.092646088495853 -11.707884395001559
855.7164235437756 -0.5214421795719568 -1.1835407542321583 0.1687032053591335 -13.088180539218449 -11.352972357648008
855.7164235437756 -0.5214421795719568 -1.1835407542321583 0.1687032053591335 -13.088180539218449 -11.352972357648008
1775.8619133482432 0.2627762329635619 -4.141535565574824 0.07625727984359165 -13.086194645009508 -11.146772817936228
1743.9055936922753 -0.808454767167047 -4.103522195734886 0.051010640342283746 -13.07128745424485 -11.097139351485037
649.3595269774031 -1.0477525464914033 -0.4255015030803122 0.16529557537394482 -13.066975076980558 -11.344566721425586
840.8245083087526 -1.691232482417313 -0.8649379220085311 0.38539777709789846 -13.065949953181903 -12.122515941561167
2091.748345031016 -0.8414502008180083 -4.625141946517289 0.2711026317797715 -13.062292695960963 -11.64553873417267
2036.8107529246463 -0.05547950315134931 -4.74445300410059 0.30629038107288103 -13.053654746002898 -11.769728120401036
2037.122530157616 -0.2066915708509749 -4.734463678236318 0.2527174706282266 -13.04208196065141 -11.586308037894238
2306.953447447247 -1.6639500669643859 -3.9063048392999455 0.3441606598040735 -13.023092956394839 -11.923241629455582
2306.953447447247 -1.6639500669643859 -3.9063048392999455 0.3441606598040735 -13.023092956394839 -11.923241629455582
2991.838079642236 -1.6204993551402302 -4.95628511790331 0.0887370827402952 -13.002832572401479 -11.17224823338356
217.6168466116264 0.3027394838380877 1.0416534111661946 0.3856760962122428 -12.991838841568674 -12.1240053700272
1738.2610613714774 -1.0913561088103756 -3.1996878599159495 0.12305839245817933 -12.989785701909693 -11.245853028476937
1738.2610613714774 -1.0913561088103756 -3.1996878599159495 0.12305839245817933 -12.989785701909693 -11.245853028476937
1926.3430146522937 -0.07204112095323989 -4.696179324145112 0.09619575533870446 -12.988331598116718 -11.18778959789863
2189.6024346351624 -0.1863000988960266 -4.789611101150513 0.005991238474845887 -12.98655476531097 -11.014320434467836
518.1582014463347 -0.6065541931743541 -0.9535478691859769 0.3110828580217345 -12.978942810866343 -11.787901672475035
1413.3273004316695 -1.7185540622592315 -3.202425812952209 0.31390785475263683 -12.974287055507594 -11.79877113792557
1413.3273004316695 -1.7185540622592315 -3.202425812952209 0.31390785475263683 -12.974287055507594 -11.79877113792557
1819.0006488093536 -1.9744500187031708 -4.003744563348775 0.28817762588980195 -12.96585369433108 -11.703879506321027
2445.296135152629 -1.3828734742193092 -4.109434215403554 0.2004559831748957 -12.965769626468479 -11.43489309497972
2445.296135152629 -1.3828734742193092 -4.109434215403554 0.2004559831748957 -12.965769626468479 -11.43489309497972
384.7927283764242 -0.5691101061106689 0.628658719275748 0.18949948003261405 -12.965369459631468 -11.405861229068032
606.9308367669644 -0.18567126228903774 -0.5721705897616491 0.3901022258265071 -12.96142938525459 -12.147994973602147
2668.708137744469 -1.0970457696028304 -4.737443623324767 0.13968275366649438 -12.956973337098606 -11.283551941601152
1503.951058643089 0.18319198149489413 -3.312651548252772 0.18191429726075048 -12.95501440701985 -11.386245089616223
1978.767275615232 -1.537566481136548 -4.419847916474438 0.21847088078282131 -12.952197952390684 -11.484539780636743
977.2468725749704 -1.1254795301391889 -1.3657638679336732 0.0734318601269766 -12.937752600215752 -11.141094199758816
977.2468725749704 -1.1254795301391889 -1.3657638679336732 0.0734318601269766 -12.937752600215752 -11.141094199758816
395.94546178423514 -1.5836913453357933 -0.11656732273705916 0.041909296612452115 -12.932723191658495 -11.079834011867533
395.94546178423514 -1.5836913453357933 -0.11656732273705916 0.041909296612452115 -12.932723191658495 -11.079834011867533
1483.5533664754407 0.00687568041210973 -3.054863894174687 0.495484757546923 -12.92669088481792 -13.010932377298385
1756.9445336553745 -0.976541047393007 -3.259321635657502 0.26173654275655067 -12.925288461723172 -11.614926250319426
959.0701727664132 -1.5719270625724446 -2.1412793173154654 0.19178967093784421 -12.924182065009056 -11.411860352136685
305.7911012593241 0.35202419485582004 0.3496837089782918 0.08727655156662521 -12.920159472554902 -11.169233054120305
2845.2967548915994 -1.453905082491596 -4.861338074398317 0.04519032174306161 -12.911877571823554 -11.086038104655321
1502.8026398409647 -1.256802302180627 -3.496445488667443 0.2753285597880374 -12.886116820414669 -11.65966379621017
1552.0413356139106 -1.519430058616443 -2.7569351110486116 0.1621634915569316 -12.880447146594891 -11.336902602276545
446.4411753817494 0.3303965037930774 -0.4009657798511954 0.40733421468812214 -12.87570754986704 -12.24729235222094
1880.0214038342212 -1.084807820895609 -4.270646151889327 0.4175400433393313 -12.87569209883019 -12.311115242424945
1762.3932766677806 0.09563212452519787 -3.7535529682637687 0.18659178616446168 -12.873898113868819 -11.39829605487915
1354.880616359448 -1.2999703907339961 -2.2996844408436052 0.2899059167589185 -12.865544263842802 -11.709978839434312
453.70811045143233 -0.8011055965442018 -0.5657448984881901 0.5123308648553331 -12.861858463431654 -13.258140294222207
453.70811045143233 -0.8011055965442018 -0.5657448984881901 0.5123308648553331 -12.861858463431654 -13.258140294222207
2252.156343674057 -1.990509022032643 -3.8168739535476783 0.1565506404742622 -12.857237182427733 -11.323313367365541
1066.3873297193988 -0.8904179142290809 -2.487812284815225 0.19128042786239685 -12.846361672374293 -11.41052328200064
897.2299614488617 -0.17718573107940316 -1.4713094046585478 0.2445662060087107 -12.8460604396899 -11.561129691203107
897.2299614488617 -0.17718573107940316 -1.4713094046585478 0.2445662060087107 -12.8460604396899 -11.561129691203107
1669.8709235886745 0.07244319110957109 -3.960019646824157 0.16519748291448558 -12.821722091859181 -11.34432579885718
1158.9580751572646 -0.8500885577488948 -1.9345978553632097 0.5182975411299305 -12.815507191320307 -13.36275681023913
1158.9580751572646 -0.8500885577488948 -1.9345978553632097 0.5182975411299305 -12.815507191320307 -13.36275681023913
1391.6716141006943 -0.1379962847220222 -3.386492440843324 0.5247883085673332 -12.813163675786281 -13.490558096110648
1391.6716141006943 -0.1379962847220222 -3.386492440843324 0.5247883085673332 -12.813163675786281 -13.490558096110648
914.366762713692 -1.536582229415132 -2.0257919256546737 0.5195100421471793 -12.800078343791018 -13.385422957328252
914.366762713692 -1.536582229415132 -2.0257919256546737 0.5195100421471793 -12.800078343791018 -13.385422957328252
1771.2108148224934 -0.7667644649606971 -3.3759205407171566 0.3844672227643117 -12.785502920584964 -12.117552114530085
337.42265021172744 -1.043291986772219 1.004535843367388 0.37700968688608905 -12.771502433182395 -12.07863728178963
281.2207432212274 0.029350195421220082 0.43002520725525706 0.01034405136818118 -12.766898832524262 -11.022035047857813
694.6077057523929 -0.8478694099303294 -1.4973589969057421 0.09250356436534828 -12.760103728124008 -11.180066123993996
365.85614015916286 -0.36416018288269125 0.6242979881976884 0.03578400627055234 -12.750691393493087 -11.068353702291866
1976.9993096109295 -1.6300057936601078 -3.6512437066711305 0.4215235865047816 -12.74148205182275 -12.337175397497314
2050.9549917484433 -0.8007801863868389 -4.5748480291126405 0.02275392960335395 -12.738268952530632 -11.044361882805713
2050.9549917484433 -0.8007801863868389 -4.5748480291126405 0.02275392960335395 -12.738268952530632 -11.044361882805713
2472.231549736843 -1.8279649943300027 -4.223728019386419 0.3613069391542814 -12.73677864802277 -12.001337362616367
1031.8279249497257 0.023206307540278637 -2.493574907022448 0.5067082434265799 -12.730595290188136 -13.16866299862786
2057.8989962161745 -1.9183560552829737 -4.376066251231418 0.2449226412242169 -12.730295750064677 -11.5622175263457
913.4365398588203 -1.2563518051315445 -2.0559378470009126 0.5611098119826636 -12.7276398264898 -14.929702414059323
1086.8376102736572 -0.5448496773703226 -1.8284969806200397 0.08938119620282711 -12.718574553281599 -11.173580861370258
519.7865323657057 -0.05790720290599927 -0.9874421736626173 0.34506775829045105 -12.714264635091732 -11.927223878222446
1320.171035503579 -0.5590021645814518 -2.4278301259981476 0.5605845996412921 -12.71414866410014 -14.884232649828247
1320.171035503579 -0.5590021645814518 -2.4278301259981476 0.5605845996412921 -12.71414866410014 -14.884232649828247
2446.740293364342 -1.5699375608476425 -4.851831443527768 0.3638784172317313 -12.704059068155082 -12.013593895164403
1946.209919930733 -0.4249655747809311 -3.9119328561197984 0.2777613344144746 -12.703737925492538 -11.667886702361331
1903.45323049026 -0.8868872101516703 -3.777153532046944 0.009555637486338324 -12.698015587346703 -11.020633298737241
425.3991750797749 0.26554445658672954 -0.355219082375128 0.5084638960530796 -12.694721632321723 -13.195752236700923
425.3991750797749 0.26554445658672954 -0.355219082375128 0.5084638960530796 -12.694721632321723 -13.195752236700923
1203.1023009545224 0.18521956682449447 -2.672982127804486 0.5165265075806174 -12.6925471901489 -13.330546374260972
1268.4524237457379 -1.5319129849768671 -2.81356431033969 0.2677089871681245 -12.691155109527932 -11.634338255102051
1268.4524237457379 -1.5319129849768671 -2.81356431033969 0.2677089871681245 -12.691155109527932 -11.634338255102051
2132.0393553129516 -0.6924956007799372 -4.6854562064740595 0.2855572805985161 -12.68564342949132 -11.694702396000862
2132.0393553129516 -0.6924956007799372 -4.6854562064740595 0.2855572805985161 -12.68564342949132 -11.694702396000862
436.65525764770854 -1.340373572530576 0.4735727718435463 0.17808053528840756 -12.67362301325011 -11.376475040623397
1942.0388573149928 -1.956449263845972 -3.598101814170696 0.23706238724888795 -12.665332538955223 -11.538498621928733
1942.0388573149928 -1.956449263845972 -3.598101814170696 0.23706238724888795 -12.665332538955223 -11.538498621928733
941.6486122650618 -1.7019782602691282 -1.2207442047888053 0.14579510843653926 -12.66132424949554 -11.29777817315712
1260.9580714780388 -1.278384241380762 -2.8266330727032654 0.22358243629509067 -12.659693132522586 -11.499087400096474
990.5910310006581 -0.3061729663761785 -2.358260823415279 0.2476879016509608 -12.650382459289276 -11.57069750702418
990.5910310006581 -0.3061729663761785 -2.358260823415279 0.2476879016509608 -12.650382459289276 -11.57069750702418
1037.785382799438 0.11779390547505297 -2.087090248448292 0.24916372127771752 -12.647512733949148 -11.575252876652655
708.0469793120585 -1.6478429855555712 -1.3707168382301833 0.35209442773025384 -12.646235748168639 -11.958620898026687
708.0469793120585 -1.6478429855555712 -1.3707168382301833 0.35209442773025384 -12.646235748168639 -11.958620898026687
1896.815446388929 -1.241621627185049 -4.269108570308784 0.41504374224905366 -12.644986094800563 -12.295124053174614
1896.815446388929 -1.241621627185049 -4.269108570308784 0.41504374224905366 -12.644986094800563 -12.295124053174614
718.7477471645977 -0.7998485417830212 -1.5532259464576366 0.11178325040091244 -12.642224604999518 -11.221070094057051
415.7163718554812 -0.7934292034540458 -0.315698394636871 0.1271970484157971 -12.63857716864476 -11.255106196348896
415.7163718554812 -0.7934292034540458 -0.315698394636871 0.1271970484157971 -12.63857716864476 -11.255106196348896
196.76002139792192 -0.7057205795207822 1.414249647280804 0.32060322209914444 -12.637040748738496 -11.825014120257222
196.76002139792192 -0.7057205795207822 1.414249647280804 0.32060322209914444 -12.637040748738496 -11.825014120257222
1311.9892346605977 -1.8334878290056502 -2.1295247423101764 0.4709604235077426 -12.623104518478804 -12.734173129799945
1739.635909493382 -1.733054700199698 -3.145053938393522 0.03661969149160396 -12.622999299476895 -11.069912240657706
981.3091654694418 -0.49854442349824835 -2.2977342322762646 0.25991586924841326 -12.621617107681072 -11.609082759230011
1691.6987469124422 -1.2310404689236767 -3.118224701448905 0.4934524315195278 -12.619547021285609 -12.984852503515484
1757.7729267946631 0.0424142618206127 -4.027849381609807 0.01643757213669784 -12.615771046805394 -11.032935729340307
1083.5880766771495 0.039802888293693606 -2.57515017570477 0.17774756368054526 -12.61472686014695 -11.375630976019332
2223.58841942907 -1.2466818489487914 -4.6158542854363915 0.22336843205347146 -12.612863197764826 -11.498474074841425
2223.58841942907 -1.2466818489487914 -4.6158542854363915 0.22336843205347146 -12.612863197764826 -11.498474074841425
2221.1986459361024 0.022234290564950854 -4.484486668844683 0.17463104574256633 -12.60843981021256 -11.367765125743999
1736.6779719854696 -1.1208359942090425 -3.9329369461134993 0.3028339795031247 -12.608396537668527 -11.756823111159918
1736.6779719854696 -1.1208359942090425 -3.9329369461134993 0.3028339795031247 -12.608396537668527 -11.756823111159918
305.1793313138375 -0.249309143761141 0.9435634484943858 0.4741636794840241 -12.602035809815291 -12.766260435855893
1139.8031621961745 -1.538523116395348 -2.5259373566789693 0.34321519113302973 -12.594245298957699 -11.919107741817998
1569.440704742309 -0.735550274230798 -3.6480358972749904 0.4114028572431717 -12.591150657910307 -12.272249827547128
1149.9647702144077 0.016383508840004612 -2.344830354451182 0.29728040174382586 -12.583991011881976 -11.73643053964861
1149.9647702144077 0.016383508840004612 -2.344830354451182 0.29728040174382586 -12.583991011881976 -11.73643053964861
1318.5865977988392 -0.5130937690613506 -3.087945249820593 0.20586554038539587 -12.583768724600256 -11.449543905110284
1318.5865977988392 -0.5130937690613506 -3.087945249820593 0.20586554038539587 -12.583768724600256 -11.449543905110284
971.3919511304163 -1.374182372760705 -2.123804719193138 0.0815769962272327 -12.572193815257371 -11.157552863831057
971.3919511304163 -1.374182372760705 -2.123804719193138 0.0815769962272327 -12.572193815257371 -11.157552863831057
475.9305533408412 0.21008987581685323 -0.4865272349403327 0.2997698825315547 -12.566103867202692 -11.745520450086373
52.16738899201749 -0.5627965123517535 4.401972739409739 0.09361332691635642 -12.558983590437274 -11.182381306219732
1725.7007956504822 0.049076080322265625 -3.883201479911804 0.1871347583770752 -12.55400175582609 -11.39970440916373
2328.7979854027794 -1.3328853543891568 -4.656808530530743 0.02923815738261975 -12.538241566254193 -11.056229117294706
1072.545700024922 -1.5878671089486338 -2.3196014546666626 0.0955095241262179 -12.538126526202957 -11.186349591325762
1590.2361221913548 -1.6451287888778765 -3.506497463268497 0.21664799118893496 -12.523303418923613 -11.47940256187501
2240.9076763085422 -0.584500737421269 -4.744491674737258 0.09841901085174722 -12.522302066161446 -11.192469231913524
1357.2348917456895 -0.7193268536028496 -3.1360089214520035 0.10420443240857294 -12.522052085025013 -11.204750357422917
1117.9505070064831 0.12376606616564434 -2.542970556821204 0.42765934797319066 -12.520820196664808 -12.378692911280067
204.13690365885432 -0.08935728536488519 1.2668476754021176 0.5024996471108342 -12.51395981376874 -13.106565747809174
718.0882021395031 0.0189259266474906 -1.6167740604023857 0.49964752971581755 -12.510621641804317 -13.066573584250676
1587.4993771790648 -0.36423918661330434 -3.6881461757325305 0.24307204983031305 -12.49456441063751 -11.556582382214552
264.621376991272 -1.1750487089157104 1.5407347679138184 0.3016243727445603 -12.489197547923531 -11.752345911283971
381.92420482338866 -0.4318894513028344 -0.1309002612904937 0.051324886429565404 -12.488453178419935 -11.097742242240301
381.92420482338866 -0.4318894513028344 -0.1309002612904937 0.051324886429565404 -12.488453178419935 -11.097742242240301
1360.0544777361551 -1.4037654896304286 -3.0198784258633857 0.08749598436436311 -12.480697301036836 -11.169685480076494
1134.4654347674993 -0.27968604425310994 -2.1634546562558263 0.21822783233240572 -12.480669419555245 -11.483853301274364
1631.8549053447857 -1.6160197839108708 -3.5918476566306974 0.3750236776363017 -12.47729802114388 -12.068524273216006
1631.8549053447857 -1.6160197839108708 -3.5918476566306974 0.3750236776363017 -12.47729802114388 -12.068524273216006
873.8626233168238 0.14770219339595148 -1.938836312915912 0.13243428464090717 -12.473035152736692 -11.266939641284127
2036.7440996555151 -0.7522810259702493 -4.504467798735018 0.25605246431171635 -12.467920287726663 -11.59679503978639
1212.1914584564277 -1.3936082960588885 -2.001069759448491 0.2200226747753326 -12.463990499640998 -11.488933897387604
1212.1914584564277 -1.3936082960588885 -2.001069759448491 0.2200226747753326 -12.463990499640998 -11.488933897387604
1723.4156147560334 -0.08786518588681114 -3.6938416773083422 0.37226640819467116 -12.45499648408185 -12.054651342932774
1723.4156147560334 -0.08786518588681114 -3.6938416773083422 0.37226640819467116 -12.45499648408185 -12.054651342932774
1735.927701325059 -1.1221431984858494 -3.8879127335151247 0.39783038560244677 -12.452168713068602 -12.19131284705793
330.6252424317766 -0.249941179965524 0.16685516387203414 0.38710170123546617 -12.450670373128862 -12.131669493252257
587.1048815153889 -1.837270552377882 -0.8943339044761256 0.3347865755609847 -12.448132523251886 -11.882991359465494
620.3807186327192 -1.6431525198780639 -0.31992455882412063 0.23090038385338565 -12.439934988825822 -11.52028989053353
424.2698493085308 0.16916254326599311 -0.262822559335838 0.29277534587744936 -12.438408023299644 -11.720188262645799
424.2698493085308 0.16916254326599311 -0.262822559335838 0.29277534587744936 -12.438408023299644 -11.720188262645799
2269.0910696983337 -0.08295601606369019 -4.667365550994873 0.46230160639286044 -12.437839366156929 -12.652261992207464
912.6330611331282 -1.7841067941159683 -1.9040396823510175 0.18764185752924464 -12.43581443361467 -11.401021510010153
912.6330611331282 -1.7841067941159683 -1.9040396823510175 0.18764185752924464 -12.43581443361467 -11.401021510010153
740.9436448685507 0.13951054267265484 -1.5679650719560323 0.47254165409936105 -12.433360185292363 -12.749883804770308
2580.962776203078 -1.6925389684625363 -4.879039752400029 0.45030199777715746 -12.427206888188376 -12.548812426350594
2580.962776203078 -1.6925389684625363 -4.879039752400029 0.45030199777715746 -12.427206888188376 -12.548812426350594
2474.0993051153496 -1.0899698157019293 -4.968596509818381 0.025375950933716643 -12.427182394362358 -11.049143678680325
2474.0993051153496 -1.0899698157019293 -4.968596509818381 0.025375950933716643 -12.427182394362358 -11.049143678680325
2045.13810690039 -1.9789257160726665 -3.763577589301253 0.02688656689616628 -12.409950253153106 -11.051909015247269
1867.289156253231 -0.8748947795936137 -3.6406631207793314 0.1087239253102062 -12.409357033265488 -11.21445025198422
1881.1947331113968 -0.2834251740514988 -4.235254184428658 0.21107237146869998 -12.407279454153933 -11.463851340512777
2677.8366760176955 -1.4526161171657321 -4.840603837961812 0.14159874023102664 -12.40650096835244 -11.287989575989345
1850.639997378319 -0.41179043144559113 -4.166159832371565 0.03732123971810504 -12.405218969995147 -11.071222493981066
1850.639997378319 -0.41179043144559113 -4.166159832371565 0.03732123971810504 -12.405218969995147 -11.071222493981066
651.3413176007892 -0.08170473785641308 -1.371001101878183 0.08342359322143926 -12.405184578000828 -11.161322205107815
1277.5401559883974 -0.9988124027673286 -2.865831031600937 0.38534397879138543 -12.403440330942754 -12.122228294876562
1277.5401559883974 -0.9988124027673286 -2.865831031600937 0.38534397879138543 -12.403440330942754 -12.122228294876562
949.4316765330324 -0.4429260238378936 -2.1836583480459337 0.30417345602898066 -12.389902048647574 -11.761804508762655
949.4316765330324 -0.4429260238378936 -2.1836583480459337 0.30417345602898066 -12.389902048647574 -11.761804508762655
2190.931045391403 -0.1083844289448348 -4.419266862769503 0.24414725640052257 -12.384960512141035 -11.559852574112213
1973.8728714525366 -1.3607223281829315 -3.8054431015423953 0.2587433807286657 -12.383519054758391 -11.605337627196521
2519.555155154068 -1.2115575858195273 -4.975879902463159 0.4639391190763069 -12.381875961009342 -12.667246882035482
2519.555155154068 -1.2115575858195273 -4.975879902463159 0.4639391190763069 -12.381875961009342 -12.667246882035482
1076.9844439586586 -1.550361147548165 -2.296469415530286 0.3866238530400937 -12.38065669250239 -12.12909400757808
1076.9844439586586 -1.550361147548165 -2.296469415530286 0.3866238530400937 -12.38065669250239 -12.12909400757808
1515.4856656103827 -0.19528593095905755 -3.20487963234965 0.15481530735831006 -12.379988491150849 -11.319149065177026
1924.208894833896 -1.318566430962072 -4.334391802580987 0.5226303655874105 -12.37913249590486 -13.446231398216314
1924.208894833896 -1.318566430962072 -4.334391802580987 0.5226303655874105 -12.37913249590486 -13.446231398216314
2759.689657866879 -1.7237186965084141 -4.901434333847492 0.44455296167977437 -12.376889515093561 -12.502801909323278
2759.689657866879 -1.7237186965084141 -4.901434333847492 0.44455296167977437 -12.376889515093561 -12.502801909323278
1077.7774110436121 -0.4113150658284348 -2.4727132770708953 0.31888576700775656 -12.375686784847657 -11.818216478140991
1928.2115008168316 -0.5105955138987628 -4.4184192566562475 0.39567675956541093 -12.375483381485896 -12.179051550031348
1928.2115008168316 -0.5105955138987628 -4.4184192566562475 0.39567675956541093 -12.375483381485896 -12.179051550031348
1070.2993891672438 -1.0750014222235877 -2.355723064714454 0.08283998063796813 -12.374737567661972 -11.160129377458114
2065.904900866831 -0.7305542621694352 -4.444141917983287 0.07256649047620536 -12.373912535851604 -11.139361383502802
645.1472543994693 0.1257389217410272 -1.1807608741055216 0.4948078094889296 -12.373276274091307 -13.002169661141197
1394.2503576605022 -0.4424903371198363 -2.7880904171255847 0.1779465091821048 -12.371819268149046 -11.37613520618396
860.7156418057141 -0.24633930644823243 -1.4836658854199687 0.37139738998606164 -12.370854843769951 -12.050318552403374
513.4936784763375 -0.8035617244400766 -0.14178169912466743 0.4375417388441617 -12.370532143671461 -12.44941213599717
2767.0369468422377 -1.886409557812725 -4.879806107010184 0.0163892144509079 -12.367560029686812 -11.032848752990091
2767.0369468422377 -1.886409557812725 -4.879806107010184 0.0163892144509079 -12.367560029686812 -11.032848752990091
390.42128354623975 0.12101578566932503 0.0363870373674402 0.3300157267933257 -12.366507441624863 -11.863112072942142
390.42128354623975 0.12101578566932503 0.0363870373674402 0.3300157267933257 -12.366507441624863 -11.863112072942142
2019.694650630262 -1.3581625860439734 -4.320784710683015 0.07903775139128807 -12.363215381424515 -11.152392757104996
291.09978675842285 -0.7005752325057983 0.5738550424575806 0.09383138194084167 -12.360794985979139 -11.182836842487767
2064.6435582286363 -0.2870204831286147 -4.4570826227307325 0.4233044143973809 -12.357245836506104 -12.349048831147336
1827.9148022023353 -1.7930910514694194 -3.8908996578963375 0.39660272074244823 -12.349634811483558 -12.184304936741471
1827.9148022023353 -1.7930910514694194 -3.8908996578963375 0.39660272074244823 -12.349634811483558 -12.184304936741471
1365.6383666440872 -0.9355009157945631 -3.0697258186374494 0.1647248075357607 -12.348208563703931 -11.343165685072748
1365.6383666440872 -0.9355009157945631 -3.0697258186374494 0.1647248075357607 -12.348208563703931 -11.343165685072748
998.9186276818991 -1.1664753108752084 -2.1769626639465063 0.38510952428527034 -12.346182719570775 -12.120975687793566
998.9186276818991 -1.1664753108752084 -2.1769626639465063 0.38510952428527034 -12.346182719570775 -12.120975687793566
2047.4295524292245 -0.4610883386521132 -4.490040338319387 0.0021747801045409556 -12.345004938728657 -11.007605040110295
2210.3549005713867 -0.3485958329608674 -4.6103499354982445 0.15881088992950892 -12.34204064000071 -11.328763452291328
2210.3549005713867 -0.3485958329608674 -4.6103499354982445 0.15881088992950892 -12.34204064000071 -11.328763452291328
992.6691530236526 -1.6960578224020557 -2.0679418194582673 0.11735593356851663 -12.341853336977039 -11.233242181960792
1510.2056340026895 -0.9753527958836934 -2.9107908795809854 0.5141636572819839 -12.332406168117306 -13.289126840342842
750.0248564700121 -0.7386120439283981 -1.5721401986206334 0.4674209592117515 -12.330063832659766 -12.699875726830118
1038.08041310737 -1.8699257315299156 -1.476772574005178 0.3753873702175569 -12.326079435625203 -12.070368608268344
2015.1250656763668 -0.6151536087591463 -4.394549936104431 0.17410546297434376 -12.316662658732257 -11.36644467115628
2015.1250656763668 -0.6151536087591463 -4.394549936104431 0.17410546297434376 -12.316662658732257 -11.36644467115628
2225.0104958572833 -1.4045899115525535 -4.509614092848056 0.3784180249290323 -12.315479040918476 -12.085871202780696
2225.0104958572833 -1.4045899115525535 -4.509614092848056 0.3784180249290323 -12.315479040918476 -12.085871202780696
1741.5667008977111 -0.7836727764047648 -3.4663558321475754 0.40702804259760467 -12.309247727052195 -12.2454392214277
555.3860001750861 0.010809125838286526 -0.9771452910843639 0.5318696363632145 -12.302743139325614 -13.651585032882041
438.7955262256746 -1.0826321889958939 0.30674697591649736 0.08025089846592434 -12.301965549350005 -11.15485472304223
2139.4743146483165 -0.5293062291069601 -4.357236803066598 0.018928184424267785 -12.30136696751259 -11.037425615038957
1074.2449843571396 -1.1624084302219508 -2.329176617648527 0.1603122130965703 -12.296827180801133 -11.33240004386152
1294.666031286291 -0.33822781238098143 -2.9686470152514293 0.07107021548811222 -12.29613171011222 -11.136372308471676
1847.9146297775064 -1.6775169495140578 -3.430418310865791 0.15259917617079877 -12.295458818632133 -11.31385607570492
1847.9146297775064 -1.6775169495140578 -3.430418310865791 0.15259917617079877 -12.295458818632133 -11.31385607570492
2005.5825851059292 -0.2549877732424157 -4.2037851983844865 0.28312333092851544 -12.290792762611076 -11.68625288293284
732.5145063077468 -0.01141047129270989 -1.2864116198917772 0.32838846564536683 -12.288049929004698 -11.85642094940098
1646.4587958568563 -1.922800316361499 -3.5093090442991586 0.11596091957540677 -12.283135551675953 -11.230181203626422
1666.4107188614985 -0.7462936190884868 -3.733977716292709 0.044765461387599965 -12.27569483823256 -11.085232563189308
472.087124100276 -1.0618860383852127 0.11308514125930635 0.5006584138469842 -12.275685100048026 -13.080565863918657
1797.0571934965212 -1.399980602288249 -3.908859879308671 0.3730091560334419 -12.274870358430462 -12.05836950696961
2256.1016241523917 -1.1391736564548074 -4.594254979897028 0.1123883641986818 -12.269423412073445 -11.222384661138637
2256.1016241523917 -1.1391736564548074 -4.594254979897028 0.1123883641986818 -12.269423412073445 -11.222384661138637
134.65092054482096 -0.9922030336091119 2.4190541250184685 0.2667728776710884 -12.268053351639464 -11.631270641091612
134.65092054482096 -0.9922030336091119 2.4190541250184685 0.2667728776710884 -12.268053351639464 -11.631270641091612
399.77181645934854 -1.7294208130405688 0.029597329643616277 0.045331580874063145 -12.263709798727541 -11.086306077844174
2418.210909133331 -0.7681302889858739 -4.794823690215239 0.09007888943938787 -12.259735599480072 -11.175026348804613
504.05678402167575 -1.0239573422194541 -0.061714435465065165 0.30216603285285637 -12.257749262107419 -11.754348316767674
874.4380250795919 -0.7115177802667678 -1.3863019901134717 0.15970048271825873 -12.255767303827282 -11.330916678423238
969.0592860640387 -0.2815130845247764 -1.7974538793791672 0.1830094394071816 -12.25301590293333 -11.389053593779686
2537.1117325531886 -1.60312554617575 -4.856260606005295 0.32692021296543466 -12.248972448165825 -11.850421835548584
397.1984656103167 -1.5101821635322372 0.6453439436636188 0.14626286844855851 -12.247612798221331 -11.298875246002728
956.6454700319001 -1.609979583120908 -1.3740788470071807 0.221016506474927 -12.246684549983845 -11.491758244335488
1552.4716527803719 -0.9955608642927647 -3.054159373696778 0.35163152821956417 -12.244246738615766 -11.956521932164234
1552.4716527803719 -0.9955608642927647 -3.054159373696778 0.35163152821956417 -12.244246738615766 -11.956521932164234
2032.8421495167688 -1.2183911900720985 -3.97662484111239 0.18763772921604754 -12.237067188401971 -11.401010780435923
615.735375604722 -1.1660532306682472 -0.4674106225004051 0.13656029174414744 -12.23508448186233 -11.276361911384845
514.9803348000252 -1.1211079282225065 -0.09743377595816582 0.357838938755434 -12.23422819023607 -11.9850420798574
514.9803348000252 -1.1211079282225065 -0.09743377595816582 0.357838938755434 -12.23422819023607 -11.9850420798574
1600.7319804976248 -0.3307689732825998 -3.361776243308307 0.018910486241112804 -12.233801981354816 -11.03739363888462
2047.0792873140217 -0.49245141002207427 -4.226961754811204 0.4979629729884083 -12.232687286952723 -13.043682952595157
2141.5843554066046 -0.6736074571155934 -4.393702643600834 0.46883830828693046 -12.23210889475757 -12.713468955188294
1125.2434408180368 -0.12497487366890914 -2.3443997726300485 9.024915010672761e-05 -12.231907840625542 -11.003956078247848
1125.2434408180368 -0.12497487366890914 -2.3443997726300485 9.024915010672761e-05 -12.231907840625542 -11.003956078247848
2512.399363349589 -1.1830161784282403 -4.916109246035804 0.1739548233421312 -12.229549151975775 -11.36606653101485
1465.0122188044704 -1.7707407308965117 -2.6261422263334366 0.3769374170310249 -12.2287412077541 -12.078267475877421
749.8455285735936 -0.9758297427486617 -1.5042723948991683 0.24275610410685722 -12.227990151432158 -11.555623477066925
695.86039807064 -1.9266187120843143 -1.2028039037556586 0.2102817497245657 -12.22675400401379 -11.461665628818093
695.86039807064 -1.9266187120843143 -1.2028039037556586 0.2102817497245657 -12.22675400401379 -11.461665628818093
657.8670944741837 -0.7831496477678033 -0.7344940886753824 0.23020092972336959 -12.225856347795789 -11.518243800968268
2084.8693285500326 -1.1499552400061268 -4.33301843710383 0.4087543997334212 -12.225600839191001 -12.255933329955713
2271.452392979648 -1.8497253045423763 -4.467801377218692 0.30133057967017185 -12.223747305746812 -11.751261493868
2281.772706028736 -0.5123418509165649 -4.655876490587561 0.40829023955553356 -12.222466453010393 -12.253100970557034
365.58336413113057 -0.9268831899493715 0.11504145025979273 0.2666464102630468 -12.218915889262167 -11.63085693026512
1607.4583789186559 -1.2924231970478457 -3.0671520234535263 0.20676240019244743 -12.21837334103812 -11.451993767117653
1607.4583789186559 -1.2924231970478457 -3.0671520234535263 0.20676240019244743 -12.21837334103812 -11.451993767117653
1657.336337672589 -1.19902691101773 -3.62008564053225 0.2947298310318434 -12.217684394888245 -11.727202478772234
514.2680421782001 -0.024276269233945547 -0.7818518383431732 0.327423836212953 -12.216727690724321 -11.852475530375546
1879.516037861295 -0.4742404522158805 -3.8963452229615303 0.33646671400771855 -12.215871427280362 -11.890087366933242
2338.3379185212398 -0.7156326510848312 -4.6564280428203775 0.3451543701361575 -12.214422459527478 -11.927604943171582
2519.963099024766 -1.7191050472431282 -4.833796402412072 0.4063954056614045 -12.21241072096093 -12.241620980810039
1846.314584116556 -0.33454431777447713 -3.8965707249244357 0.20100222745987914 -12.211760899877884 -11.436362794090206
1846.314584116556 -0.33454431777447713 -3.8965707249244357 0.20100222745987914 -12.211760899877884 -11.436362794090206
2658.6672717328843 -1.8166044498543936 -4.9282603547073265 0.4728749326209638 -12.21170554199245 -12.753226899629823
741.8583741005947 -1.8701621575215488 -1.3495718200049005 0.2047970820595275 -12.211280569069388 -11.446633117257962
2266.480440296726 -0.32486537938969606 -4.6020396732439774 0.405612310509385 -12.211159412868712 -12.23691476233422
1718.733012676239 -1.062341034412384 -3.3491235971450806 0.4178871521472931 -12.210812104777409 -12.31335919501902
1718.733012676239 -1.062341034412384 -3.3491235971450806 0.4178871521472931 -12.210812104777409 -12.31335919501902
1698.027821464749 -1.5894191607832862 -3.1609472454545884 0.17838293323968207 -12.2077395431676 -11.377242220511768
1160.1064735614052 -1.2642352270396773 -2.4939350453232683 0.0936930745696606 -12.206304729453791 -11.18254788206653
545.2019055402229 -1.2204996092262819 -0.19834118865077066 0.4680462769172815 -12.206126999581008 -12.705850133835968
2572.8726643277532 -1.7460831372963643 -4.848765191563909 0.2598279381242764 -12.204877770946931 -11.608801404926977
1397.8903093357096 -1.9180568613767357 -2.9647746227652063 0.4316221436093304 -12.204080012972652 -12.406453284119019
691.8391367150705 -1.8421757118115794 -0.5722928164534355 0.0859614275484578 -12.20244357224754 -11.166525816099211
1627.4744302638157 -0.5477671141586435 -3.645024799910555 0.4968374208977983 -12.197372861990981 -13.028675270302966
1627.4744302638157 -0.5477671141586435 -3.645024799910555 0.4968374208977983 -12.197372861990981 -13.028675270302966
601.6831374604316 -0.8933206425978852 -0.5142358458067777 0.5421816472484747 -12.196044963439554 -13.94518699871627
318.94621755010155 -1.5827660209453032 1.1317470326975894 0.04114684314617016 -12.191831710080379 -11.078397782988054
2134.8633618229524 -1.5623661806659976 -4.069388806374292 0.5129810496302974 -12.190724011832367 -13.269023240239727
1435.1254777371396 -1.1950840615799287 -3.137498514313632 0.5179173920429886 -12.190549195477747 -13.355754914837394
2430.4865922818335 -0.7349668778167995 -4.789722226346245 0.3188439141653012 -12.18827425740496 -11.818051401065894
2430.4865922818335 -0.7349668778167995 -4.789722226346245 0.3188439141653012 -12.18827425740496 -11.818051401065894
1256.2173680908177 -0.6708407181065836 -2.379606916710327 0.34669924557234305 -12.18745929041779 -11.934426419091643
2256.2477941536445 -1.640971074009407 -4.490306166139244 0.36050032196787685 -12.187322790862847 -11.99752349968213
181.35285562440518 -0.17630180237358806 1.9524973341931062 0.48362261022518815 -12.18602221717243 -12.867504447598098
2519.1529369844893 -1.1869026388627442 -4.888772590232708 0.30733371481042404 -12.185862013115518 -11.773656518023031
2519.1529369844893 -1.1869026388627442 -4.888772590232708 0.30733371481042404 -12.185862013115518 -11.773656518023031
1373.3252293263192 -0.49903337033547945 -3.0878994595896163 0.5068153755717077 -12.18585640734859 -13.170295160759284
1339.4573696575983 -0.5571920518204112 -2.651461157172388 0.47892952197652217 -12.185651658396237 -12.81599080214922
2041.8135960580755 -0.49881140596320384 -4.284174519100023 0.03919478400872263 -12.183596276123048 -11.074730074836157
1301.580139446332 -0.863918430423823 -2.4774636229962765 0.5089819828633657 -12.1834775853305 -13.203888442485141
286.61210101859507 -1.0052452916888384 0.706809253946953 0.33992754848953854 -12.181484990817802 -11.904864715642026
1105.6599249870299 -0.11444989461537558 -2.382973025422197 0.31874505381760043 -12.181037432381896 -11.817661581670368
1261.2626804609595 -0.2420489142882314 -2.762874821206708 0.5102554974799328 -12.180768994949563 -13.22417408650485
2077.489108972897 -0.5828681177369668 -4.091962591501441 0.01576373573660924 -12.17183647698253 -11.031724445366589
400.07397304814623 -1.566804322020259 0.02917163752208296 0.2611586761963567 -12.169964113232016 -11.613067873461382
1038.557727391107 -0.7179686830493837 -1.8125307085628597 0.40627068540971606 -12.16970185716673 -12.240869956875429
417.8701054473897 -1.0059838041236997 0.35857305483428803 0.2633331063930777 -12.167267643762397 -11.620078707888888
417.8701054473897 -1.0059838041236997 0.35857305483428803 0.2633331063930777 -12.167267643762397 -11.620078707888888
1488.9997206607409 -0.56230816509272 -3.0567732555365836 0.476740616438131 -12.167234007622678 -12.792842651343948
1636.421288306645 -1.4390984503005129 -3.1015417284249196 0.48523453044409154 -12.166793188091614 -12.88582818436378
1686.6066782576115 -0.3269500511408343 -3.648115844243997 0.3875147093731926 -12.165907331754296 -12.13390086342061
2143.8149041102574 -1.7279872496909812 -4.154030537490156 0.45715031948033297 -12.165736726082773 -12.606535535712826
1843.9427358318103 -1.754361776494185 -3.8685131998291347 0.31739498907635977 -12.165376059868189 -11.81235324987582
1447.3606369675153 -0.3457078363727397 -3.0824752622308598 0.11872379860223811 -12.164019461015851 -11.236252714718258
401.0961137447601 -0.05605943231715127 0.07021760487699069 0.36673323222081006 -12.16156717209861 -12.027379218651944
1493.1053040251284 -0.6659073208898445 -3.042158667928491 0.24047937511179884 -12.16066641089596 -11.548740586852249
1673.0569159741203 -0.9219784992464937 -3.6745787982638287 0.5110564720222588 -12.159188370528451 -13.237146773365371
765.6539653705556 -1.636610595396646 -1.4192762643582695 0.3848358584075018 -12.153958217643336 -12.119515570117255
1175.544099388528 -0.5598765364596905 -2.2270291601765773 0.06659986445752861 -12.153024679257705 -11.12749484330987
1031.268147648313 -1.9152009264291947 -1.499660627121143 0.3500757812542507 -12.152959567805885 -11.94949968426148
848.4805628815799 -0.47221855299400683 -1.4236255836419835 0.1457592161198733 -12.152091583345921 -11.297694041897577
1134.1494141402543 -0.3287551656457697 -2.281447296321186 0.16863922672470705 -12.15054590162433 -11.352813888306454
1292.0802803174781 -0.28964925974944 -2.8142655270268064 0.1005689840183241 -12.14905814030508 -11.197015541027918
880.506845395394 -0.9597538396927603 -1.3534362676074152 0.10419358658001705 -12.148752822383644 -11.204727192524132
2467.761121623455 -0.8862033039015433 -4.835184293263612 0.02992786808216789 -12.147460747912625 -11.057499731163686
2311.9939411859696 -1.127396883629999 -4.599545645976447 0.5391715260650274 -12.144166614040532 -13.850229288526368
1435.581003273088 -1.7801517547410914 -3.0376187733276847 0.21276264622423308 -12.143113294489883 -11.468540272413463
1374.4273778969873 -1.3047455364284963 -2.9677766805277144 0.5650224030510888 -12.141366989174637 -15.355188476613051
2547.8203534246522 -1.6297158547492638 -4.528202791790139 0.07329154322976755 -12.139951738602907 -11.140813025150365
378.56350473591715 -0.8259148679225754 0.5354896582397721 0.41829930940252447 -12.138911542184896 -12.316030221716954
1300.5632128476657 -0.9380215642681269 -2.4746232214778168 0.08895661670340216 -12.138580772287856 -11.172702235113775
396.4570213289407 -0.5303969589167434 -0.08900991890636156 0.25465464773892077 -12.135100080512972 -11.592386162589964
1806.1235058211246 -1.1641496014857493 -3.885211537233719 0.3999681924321641 -12.134967983456372 -12.203634605656966
1255.098014886726 -0.28646150939333914 -2.7159807086277157 0.4745057089912433 -12.132750405504545 -12.769748212203304
1255.098014886726 -0.28646150939333914 -2.7159807086277157 0.4745057089912433 -12.132750405504545 -12.769748212203304
1364.109035439149 -1.4421195988075302 -2.912364094681995 0.3499766940642208 -12.13117636243332 -11.949054095759372
1364.109035439149 -1.4421195988075302 -2.912364094681995 0.3499766940642208 -12.13117636243332 -11.949054095759372
950.3341291080893 -0.7569020079080713 -1.6204409786999214 0.22074199960721685 -12.129743495078287 -11.490977332016557
1083.6538083856174 -0.8023760622181271 -1.9205081692577988 0.008580609817151506 -12.12789793355349 -11.018902475480942
717.8787683916199 -0.1679579922046699 -1.440797214106642 0.1918911587997427 -12.126821625699643 -11.4121270327472
666.8354691133776 -0.1376080663310395 -1.2877837960557414 0.033729656917662554 -12.126807697188042 -11.064532670103382
1637.5566412468502 -0.6601904100490164 -3.34250098714564 0.033013450142993374 -12.126634820640955 -11.063203970505564
2196.6861907692373 -0.3844522482835484 -4.355676148747023 0.40422654476277997 -12.12472503224558 -12.228640527101005
1279.69449063109 -0.33953634563519497 -2.8013528775269823 0.08886213873884125 -12.124062420144957 -11.172506827053084
815.1302641033309 -0.13651361550149632 -1.5380207395017989 0.26839928637641147 -12.122034310188713 -11.636606396672635
346.39445399704664 -0.7305000909911259 0.70142683677759 0.26582096919041326 -12.121514439617881 -11.628160874086083
2290.6538942650227 -1.7036727178336577 -4.094874072150974 0.16343669651119172 -12.121216627030837 -11.340011016025871
1396.1251303296874 -0.7438468756912546 -3.0852336059319883 0.056384071957695174 -12.120677439704949 -11.107498812217928
1913.2758439616566 -1.890203295956538 -3.97991042090036 0.45692511753429693 -12.119324931604304 -12.604583407039236
2352.348792632293 -0.5012460110634747 -4.686729169179145 0.0854112024260361 -12.119012181718228 -11.165395325632304
2046.0479252501655 -0.8003749456353617 -4.235541867628545 0.1307369912230537 -12.118768631801244 -11.26308927781866
1432.8331434666488 -0.34733276778014854 -3.0835469026753937 0.23625503206297538 -12.117573924970797 -11.53609392641412
1432.8331434666488 -0.34733276778014854 -3.0835469026753937 0.23625503206297538 -12.117573924970797 -11.53609392641412
1387.3892186502349 -0.5783784481011682 -2.8373777143591257 0.08786208357260825 -12.116661062167028 -11.170440758373296
2226.8872334341304 -0.5957085009255139 -4.5208006434267585 0.34202087570905354 -12.113587189186031 -11.913910127181486
1951.4402508675046 -0.7637259114881847 -4.036984240907276 0.34175467824590294 -12.11257317959717 -11.912755318602386
633.9531209507134 -0.2020079467736533 -1.1615552242117961 0.137842520387454 -12.112227855308712 -11.27930822046933
1570.5352029179928 -0.9216425287443599 -3.4468164862975534 0.48357981122179955 -12.109828828475333 -12.867022470258476
1114.7031117207364 -1.0909984617462427 -2.3721741188113827 0.11982803146968268 -12.109387274867473 -11.238689648552846
1824.5662223729378 -0.4677129459127616 -3.9197177582364136 0.43514478903985093 -12.108084974239242 -12.431794398930439
445.2564880310551 -1.6884154711492492 -0.20352849741934875 0.04142361941000326 -12.106557949423571 -11.078918906267608
1432.633200684463 -1.5843189408775713 -2.626635373321357 0.11521506623445027 -12.105847913812129 -11.228548467413132
1720.7654822469992 -0.898193875474981 -3.7376180204773752 0.5432731402921487 -12.104416314989594 -13.981975683044656
2415.1501295498324 -0.8440900280456387 -4.696009173008408 0.4146208417710112 -12.100193384832522 -12.292440122962642
1954.945819694738 -0.7033369350323488 -4.099651667345531 0.32749023655829573 -12.099579786167185 -11.85274661530393
568.958270528169 -1.0076823428985993 -0.3728784144075892 0.0704579565505912 -12.09751102593478 -11.135151783791398
200.0796727877306 -0.15116239804786313 1.6891533738710551 0.5239338180618495 -12.097020635777021 -13.472770170416943
1565.9250805209551 -1.2685899228721493 -3.392780447070588 0.2608157822194331 -12.095993167579874 -11.611966781779447
2465.094774327649 -1.918192834268556 -4.367170347367927 0.47167195653558797 -12.095915789740143 -12.741212199320028
1403.3803859822408 -0.5975584833055427 -2.8800376376720362 0.047390016489170614 -12.095058730666109 -11.090219166900194
1618.1659590395734 -0.510089533859333 -3.55860568197383 0.05860714651104752 -12.091667434755642 -11.11181627007317
1583.5552238633422 -1.2672920599138275 -3.055729558137841 0.2914568426443593 -12.091299631832573 -11.715484083641744
186.7664223932286 -0.580898265918407 2.030938875447985 0.2688486498228125 -12.090121754399949 -11.638085655999092
2044.3040022480286 -1.9752175093785005 -3.8983195965317403 0.1466515824791463 -12.089247667164708 -11.299787842907298
709.126759109443 -0.6511796704749857 -1.37379931078488 0.5706423795119409 -12.083555903945895 -16.78967554666339
392.3379146690223 -1.6879827206387732 0.11367038862668011 0.062344656342637805 -12.082114105882308 -11.119117208716066
260.8353509460714 -0.2776697202990488 1.1296325183254865 0.3347466006352718 -12.07980099797875 -11.88282313848391
1265.8589478428285 -1.0888015827836754 -2.328765555230447 0.34660519469285034 -12.079497022467413 -11.934009799796833
1747.5070877609517 -0.6403853221999807 -3.661007083765864 0.4723575850823239 -12.079104278668915 -12.748042200283098
1369.3549245668223 -0.4273816394875021 -2.958790809670024 0.012759200583528122 -12.078471165178684 -11.02634129721035
820.3145835719572 -1.5241806598467502 -1.571379034941284 0.192231129239563 -12.077155905377918 -11.413020894778677
2205.354010794121 -1.7902809673643778 -4.307059631481483 0.5389090265599199 -12.076773982946436 -13.842360492548995
891.5008527741674 -0.8700973031989412 -1.847953859576764 0.11796750359387109 -12.076290594714285 -11.23458706569397
1999.17653370109 -1.945427899595486 -4.075182015416544 0.140143412314642 -12.07418252312548 -11.284617080622894
2218.0628622681184 -0.529061123981537 -4.354848156719456 0.10273573760807604 -12.072446703931506 -11.201618341413397
2253.1902579527323 -1.7101410589094783 -4.425203238406783 0.15346119565911365 -12.071389082518436 -11.31591158795896
2009.7627447641894 -1.7507745490913145 -4.111226426801638 0.4746195218887043 -12.0713724822487 -12.770911498720084
1906.0878505741416 -1.7215033082911537 -3.9714116362932788 0.4298487478142558 -12.069819790104818 -12.393934846015807
896.6053146062987 -0.20535789445618535 -1.7899059537967825 0.3541395960321331 -12.066306677659254 -11.967947581982719
2052.8427951341437 -1.4266187896001048 -4.029951433050055 0.4648555000546085 -12.066075609834135 -12.67573173062891
2419.226744546803 -1.6028457951898254 -4.271040278307366 0.09929783925852242 -12.065583686371433 -11.194325095697224
2003.786300435167 -1.6090379293326307 -3.8154924695281163 0.005773232080496097 -12.065476952930965 -11.013935616178603
338.40774556471894 -0.5606524741180716 0.29389009211713457 0.39033553992249226 -12.061772500108246 -12.14927564490088
1963.202777274077 -1.016221847361609 -4.0722598216089345 0.43064038086826584 -12.061752979753264 -12.399503645380761
1746.2207274818436 -0.9138208233922172 -3.5653864728686773 0.3069142532658532 -12.061481136754086 -11.772075290898343
1685.5942309056047 -0.9862714455128443 -3.6309208416998184 0.48554966048748865 -12.061347209496196 -12.889450043660013
2257.9259874761506 -1.399026082057313 -4.187888274129642 0.3103077691179519 -12.059774954862846 -11.784939977440368
1889.8460610977104 -1.6700416789972243 -3.945280663561192 0.43279550307512543 -12.059688561288805 -12.414823042783768
2236.1884301305417 -0.80569945190061 -4.466131355483441 0.1722709451621657 -12.059141796064598 -11.361849313355703
639.0488707216219 -0.15867373508706706 -1.0790069067732522 0.3840668032685766 -12.058484961517667 -12.115423728363924
2298.5137352606916 -1.1102512779211253 -4.527956788451264 0.49208623874497814 -12.057026361031534 -12.967695466213204
363.9735852403511 -0.5453144939720644 0.13392335988540616 0.284425610786697 -12.056061423989712 -11.69076489568305
2216.4636510060236 -1.5805351666950433 -4.031284854282092 0.05712476526498976 -12.05199742109702 -11.108935251239979
2546.0771185437684 -1.4325845077337878 -4.750115107413121 0.177390752690689 -12.050425196416965 -11.374727269985376
2129.332327872338 -1.1297596969270296 -4.258375623639468 0.15101646972752233 -12.050390779692139 -11.310093028274895
2104.5349262279324 -0.8612247918561919 -4.271684167006428 0.09823285372688963 -12.049155424212845 -11.192076556717963
1952.8777903885816 -1.463279834442679 -4.049701957226395 0.23193179513823073 -12.048396189241068 -11.523314702084686
1283.3665391116244 -0.47306895247397396 -2.762454522674892 0.18048241944846444 -12.046527652664643 -11.382584881533122
2058.794506628752 -1.2934002147866512 -4.19939711096047 0.2026156062615724 -12.0462312615439 -11.440716329356784
419.0361696935133 -1.406718949296358 0.41918401106367575 0.14068318991075046 -12.044723658853458 -11.285866604433995
2436.7452770048017 -1.1748478067689525 -4.443785233699559 0.1969838308875706 -12.040632363569472 -11.425601250607256
2471.2127006410587 -1.4117049030882676 -4.602194141886734 0.06763366640915199 -12.039595146886853 -11.129540829088796
1995.7977621135037 -1.1495173678592792 -3.9708398474610327 0.3288584223871864 -12.035067091267415 -11.858348767625632
1461.2872230639707 -0.5468635804554445 -3.1155423760374217 0.25872629675830494 -12.033939944710447 -11.605283161567323
586.0074215132734 -0.22869777323559815 -0.9256482197111362 0.5438275117427734 -12.031545262236097 -14.001192139714242
102.62637739496817 -0.47073734450346905 3.077595255041583 0.23470193995960362 -12.03017392332488 -11.531484262771327
1312.6839176715903 -0.6285812662683177 -2.668449296003232 0.14851063803993053 -12.02859642615672 -11.304163963114025
1174.5411911072108 -0.6766473797841561 -2.510656909078938 0.5367719315062363 -12.028246795406071 -13.780502677484268
516.6373272161271 -0.19394227557733235 -0.6206195091588693 0.34690849085130043 -12.027308660859392 -11.935353940730865
2458.791322189071 -1.7037672935277086 -4.411508458274124 0.03761225968485636 -12.02558967295435 -11.07176652442555
1369.2746045422211 -0.844076123317576 -2.939506354909339 0.14073819352067304 -12.022980251505377 -11.285994019241222
1721.5770384405012 -1.772598741982224 -3.2741480359004305 0.46888630217137334 -12.021755778554425 -12.713932495403368
403.3528529506285 -0.4736946080826816 -0.07406037425468526 0.25750316949566526 -12.021707663144856 -11.601391382552055
1382.457312777471 -1.2833338029839694 -2.9359143612292886 0.40778913977513453 -12.021706906872158 -12.250052179960768
754.6427785656338 -0.5741472960660805 -1.1624273995126613 0.07076820327996976 -12.021134423498802 -11.135770067622332
1526.7262189468047 -0.6436188899562625 -3.20959760574726 0.4179595473237632 -12.020581684149793 -12.313827843048811
1507.1743785877256 -0.7364221116797645 -3.2357915702254254 0.21199273877211922 -12.020246416819688 -11.466401772299772
2555.293648664964 -1.9443770031907834 -4.663124122792305 0.170585244359596 -12.018242685073295 -11.357645269971872
2286.5439447124527 -0.8776742283228358 -4.4693500789270315 0.4350634091024636 -12.016482482279544 -12.431201664994324
393.22830003685635 -1.8644420499926329 0.15456896538821674 0.4708489365265895 -12.016448811509223 -12.733074685138833
2039.2291921658787 -1.6130318332298996 -4.126326049269947 0.3024047827740899 -12.014869946668625 -11.755232200658746
499.4087268458215 -1.1817446232890867 -0.07027797074134767 0.10643028314655803 -12.014378186846628 -11.209515798801148
1606.7577962042847 -0.758385335493001 -3.447896634670949 0.030004740538758873 -12.012995642619826 -11.057641448865464
2264.8824133561006 -1.1566397112659828 -4.449503853886467 0.2290412827122029 -12.012716873665696 -11.514860721851564
1736.3939448641227 -0.8625982913343782 -3.6402534428737 0.32729825647612454 -12.011191570551432 -11.851963041492846
1161.7133527130063 -1.7715416240219182 -2.3506736402707427 0.2981289396062757 -12.010627007294914 -11.739519556630682
1617.8115992387131 -0.7973289571549116 -3.457438519253428 0.05976953046305163 -12.010113594198735 -11.114081192201954
2395.0533245112 -1.5809358634668653 -4.376595100229143 0.004209182407563075 -11.861790737072702 -11.011179136752785
2298.3770913673907 -1.4302444434407235 -4.4473986140892166 0.01548188050441975 -11.996540379193194 -11.03121821910172
2024.6516466140747 -1.8542802333831787 -3.956294059753418 0.12694834027290344 -11.978867857937445 -11.254547712406412
2019.079378417397 -1.7363037400771066 -3.9593026093077164 0.15950986477686 -11.970027603057178 -11.330454904358586
2454.5569421986647 -1.8817174071528566 -4.368686695239443 0.08397588722150547 -11.98430705925926 -11.162452333540934
2451.7103420738867 -1.9513237795191472 -4.3428324759450625 0.022935417080186416 -11.972812150215475 -11.044692127040786
2193.9074776615394 -1.2855174796877162 -4.218548209156719 0.09607139423716934 -11.924641593433869 -11.18752848123019
1881.5353167336534 -1.2895080357274473 -3.8631632286800097 0.16660233429718357 -11.988017048557934 -11.34778177048106
2383.464995355331 -1.285494575632769 -4.460601184598644 0.11609879710561945 -11.93704098731515 -11.230483321400296
2213.9364908702623 -1.954180463015256 -3.981395224939785 0.054360786364289454 -11.968255472247442 -11.103585504128443
1824.408494182947 -1.586126862289479 -3.7133951282770825 0.10384088033842798 -11.93732561640868 -11.203974162559213
1431.3847281106625 -1.5617845096633856 -2.8083175744144633 0.27159179061274136 -11.859185158558523 -11.647163561972906
1194.5522124693784 -1.622214841993835 -2.105426981565915 0.26237171601522863 -11.895890677396707 -11.616972913544364
1158.898689058878 -1.6769256141355044 -2.3031800130330877 0.24465260066900657 -11.897397100543804 -11.561393257826666
1732.2145009331832 -1.4952047671730817 -3.608357538945543 0.14235960502140133 -11.96532367827172 -11.289757299436069
1771.0154779660159 -1.3799767966109926 -3.5719420047989425 0.23851045732981893 -11.925454228312857 -11.542826217810536
1708.103209918147 -1.8333191532137558 -3.3973224408727605 0.1920746328634381 -11.858316444200568 -11.412609329850147
1823.202033939674 -1.8100539821505215 -3.493008979992922 0.2120057452401148 -11.96147840447348 -11.466437861202774
1338.3794253412616 -1.6691667526943303 -2.54865876604326 0.22124624593620734 -11.842239027886922 -11.492412272204497
1844.5105180129435 -1.868048544487942 -3.7683099115638843 0.2345271390098123 -11.989968783510289 -11.530966771718203
1514.5666103648698 -1.9827302026057982 -2.872906462282788 0.14240133171951033 -11.894038861656808 -11.28985433386142
1584.2392930975655 -1.3147085800426255 -3.284212791241179 0.25462422440693977 -11.924931546301142 -11.592290419645565
1248.0340885691833 -1.784631300478753 -2.4045408368669237 0.14111016640094606 -11.814941125527046 -11.286856113676263
1579.0412607433677 -1.7412995270029576 -3.1442817415808637 0.08919121253345748 -11.855709089367746 -11.17318761308479
1515.0395361658725 -1.5569177090204516 -2.9135349910163892 0.12333688129927961 -11.986529463900283 -11.246472991488895
1835.5290831124057 -1.6363231605820225 -3.587217693085413 0.09981551138414435 -11.929365063407099 -11.19541990268785
1349.0491854672412 -1.598926997840863 -2.7597785101747214 0.007671820576399021 -11.93283422292437 -11.017291928505932
1317.6715051481606 -1.5706900981274143 -2.524409138372725 0.03265240257759041 -11.851846876538211 -11.062534827415643
1475.0156407916672 -1.632104368476123 -3.069095818047484 0.11449858972673627 -11.966565195736951 -11.226982545992081
1429.7324839738558 -1.3643772937107201 -2.838073819391442 0.059425827016590146 -11.880913431433871 -11.11341094668028
959.7916373299676 -1.0978002907938351 -1.7963160236081595 0.058753151651985566 -11.78553537387428 -11.112100481675387
1030.9603158721404 -1.0927447683406846 -2.044878292378025 0.045328726526267016 -11.86796283513564 -11.086300662342195
915.1649266120469 -1.1352062164094177 -1.793294790202534 0.08519189428103688 -11.855747515860275 -11.164945091910633
1243.7865550858928 -1.196439019191339 -2.3710259525476776 0.029409276990790635 -11.883443197867948 -11.056544210431714
1039.9938309106506 -1.3439873585083273 -1.826999961465423 0.015102425204612576 -11.797446763829683 -11.030537102660047
1455.8940417378594 -1.524074783915176 -2.847946232478759 0.12258522801959056 -11.902330115649939 -11.244800565316933
1077.1954955860167 -1.403704198782672 -2.1691325564841617 0.08326915042421912 -11.936975229897598 -11.161006405797462
1777.2084973361093 -0.8905495994368249 -3.7521564863712267 0.03460238797094071 -11.99265985074472 -11.06615414195556
2260.39273250816 -1.009759780904989 -4.431409137350077 0.004216909657115954 -12.002305449387672 -11.01119273658907
2199.25242089073 -0.9682470443558797 -4.206262007320672 0.07206973307238307 -11.979787866592396 -11.138368031301159
1593.1010621841458 -1.00170756749247 -3.341417688332533 0.1914631903844135 -11.955566766449346 -11.411002938178047
1735.586724394147 -1.1373147109886446 -3.571311142386357 0.16565143367053783 -11.97163534232386 -11.345441224126262
1459.748010202687 -0.7093618723984121 -3.122412753306095 0.22517247594373696 -12.010092327909911 -11.503656191522369
1281.9605313095365 -1.21003551697628 -2.4635391079498565 0.202155374664691 -11.938729794678283 -11.439472508792038
1565.4027731406957 -0.813085921226296 -3.3393568384981576 0.20593114402434218 -11.998940433625346 -11.449722904680206
1810.5416832784736 -1.0658663798449306 -3.698680362820377 0.24998840718619883 -12.006904744399503 -11.577807477676926
927.0072447914807 -0.947681632704308 -1.5824587156695524 0.3125976647554805 -11.959805891055733 -11.793715352701998
952.6626210058522 -0.9652987431618838 -1.9495458137619632 0.3723446427024406 -11.94758552316647 -12.055042330784595
1253.337872362753 -0.8652462986009273 -2.417545316448018 0.2868646773268133 -11.988918212933028 -11.69927070193124
119.7233800860706 -0.9420441365553036 2.988722036073179 0.24708286532621632 -11.789653335132325 -11.568835939978474
253.2889602987965 -1.1571701764862028 1.445110538561691 0.3025431709541886 -11.881400273557356 -11.755744889956066
457.4873122463316 -0.7863148023911184 -0.0363083194876026 0.35731734623780587 -11.901416135464231 -11.982614055167849
447.89066964678085 -0.7670918079645084 -0.1113652763247952 0.334193145543793 -11.809014418956732 -11.880497012960333
302.13158862948455 -0.735795535633968 0.7537534496404517 0.3778733943726099 -11.827468055503418 -12.083067501960446
317.5896900484737 -1.1882658936974566 0.7223338027069488 0.3999862943351561 -11.72731946558276 -12.203739591236387
153.71386460098736 -0.9787984844608968 2.483463854703346 0.32250496407269685 -11.816165316998761 -11.832595472114987
358.2360583082195 -1.1876188415424436 0.5313948562819828 0.3601229542919771 -11.729655886242327 -11.995744204617889
377.9512911327694 -1.0515381275281075 0.37323673438215277 0.12209205096983823 -11.747957812647348 -11.243704765627422
385.8209675565011 -0.25251667148535084 0.11593133345294682 0.1127962037178368 -11.997283925561636 -11.223271639611735
336.707990297859 -0.741811700521577 0.6411130889247101 0.24652348188779002 -11.902628896632894 -11.567117914707119
374.29147567905005 -0.2875780182541945 0.25576471184316496 0.23275542701598217 -12.006704900554919 -11.52573674827238
454.6518377742959 -0.9368267897595257 -0.31611564894655686 0.16497408992437354 -12.003965634287106 -11.343777345137022
345.16346309433357 -0.9026077385983322 0.33530616732206564 0.11537150299488289 -11.989621009122263 -11.22889069988685
627.1319950586549 -0.597109410746733 -0.8921732001740592 0.1977732754315565 -11.865225548246704 -11.427706316443249
565.5131916858393 -0.7566482096702627 -0.5775194126964003 0.05855573016801573 -11.848132425107103 -11.111716202954323
471.03052247182956 -0.8400809664393023 -0.20188618383633994 0.06185167208961864 -11.794117034796274 -11.118151144601082
763.8741658877491 -1.0725639732367984 -1.221312746769808 0.17316177214784342 -11.752450230438695 -11.364078144516917
1160.7999285883016 -0.6125308854857481 -2.4289499321176224 0.03845811006615181 -11.965994104639751 -11.073349432831883
1218.519507963614 -1.0338587081390682 -2.420344901971945 0.25750075032569064 -11.875469050218562 -11.60138370016072
1241.7394900317317 -0.969125103113254 -2.5269345800754945 0.22594525911728128 -11.907553655734048 -11.505884253366515
1103.9676320643466 -1.0752877357419006 -2.0017462597669766 0.19396622329995786 -11.902921498590265 -11.41759535043571
1187.1266353816563 -1.049013250310436 -2.4228461824945713 0.11184089074824889 -11.927718220813098 -11.221195239211166
1090.5873031457338 -0.9226147242976404 -2.036567573739406 0.014460694267114955 -11.884145580391756 -11.029386260144829
1058.949239713567 -0.6012540605933485 -2.1203720686019945 0.018087731843557883 -11.910314977767612 -11.03590825663978
1060.7591681591489 -1.0039756024204287 -2.0805283704012227 0.18468772735714975 -11.836724593790224 -11.393372946347917
805.8319482495443 -0.7393661588372331 -1.5076362656112101 0.04348729318391787 -11.860994091734376 -11.08281304275091
881.3457324368691 -0.6119189982902395 -1.6691188761225586 0.0043645618337360475 -11.866446626265056 -11.011452637609422
889.1735379559799 -0.4776617360887867 -1.785508341150825 0.026489094198246382 -11.93139237570238 -11.051180659279158
906.1764034552974 -0.5083043595517893 -1.6767948345498551 0.13755485861743288 -11.980439002613249 -11.278646474637029
813.3787916733583 -0.6654935237298809 -1.6074613912556717 0.1867806241621409 -11.95686723285229 -11.398785635505975
1035.3919932583674 -1.333658015789413 -1.8085427530422544 0.2695495159224973 -11.807676849989083 -11.640397213689626
658.5149208554647 -1.4748087697274472 -0.7271425673039449 0.2662993475159155 -11.781744707236651 -11.629722467968694
716.2721067559967 -1.3587516743140813 -1.26827413493322 0.22435574656928534 -11.985132340503748 -11.501306808801639
783.6983785508305 -1.613919223403572 -0.9478294729571441 0.18319672249595545 -12.009101639198507 -11.389534674115085
973.3496780564169 -1.5574394242402159 -1.6791310301640543 0.1694838780378826 -11.724579743702456 -11.354908039327377
957.1576106157758 -1.6834172314811868 -1.713216462139103 0.22736608607735373 -11.71278749434622 -11.509993732096943
995.6237061996516 -1.4483255582559345 -1.8956465699563991 0.26957053592303626 -11.792666186009443 -11.640466623286597
738.9896203705504 -1.5609398997393884 -0.9781304116720193 0.13081334362025926 -11.74276767725998 -11.263262167547143
1068.80084070308 -1.5439900894757528 -2.1296152372009636 0.20407045336701846 -11.932113494300841 -11.444658400925658
1023.6602700600852 -0.8525934971375451 -2.057540333923953 0.1307283718518316 -11.887091909273378 -11.263069762289975
954.0808985465492 -1.2746309827520315 -1.7128344328760399 0.21582835496149605 -11.758481811266341 -11.477101258009156
1322.9883498736385 -1.0423187747464073 -2.6000375169429124 0.14296150916885486 -11.949805724583829 -11.291157925456766
856.2883642022302 -1.6865566738996791 -1.4282269153987275 0.1467726020511048 -11.681140527522265 -11.300072134686731
617.6006903888432 -1.9340688979145984 -0.46540934998921646 0.040930646313154316 -11.753389303161622 -11.077990909446081
295.67322104386903 -1.9511832050126436 0.912883886802371 0.07350748008900772 -11.778863674407464 -11.141245763930497
543.551330686316 -1.8389791451151725 -0.1574614873914877 0.002866166723229379 -11.85862161949612 -11.008818255660666
676.9581910029106 -1.8939037601642856 -0.7808852582093415 0.0299845532782341 -11.634030838352572 -11.057604230832101
676.9581910029106 -1.8939037601642856 -0.7808852582093415 0.0299845532782341 -11.634030838352572 -11.057604230832101
823.600987022829 -1.8505316702047965 -1.4208976331521104 0.16016405638469333 -11.786557379466132 -11.332040581412516
535.1195625455599 -1.773066647965201 -0.1572646219929199 0.18496727051463374 -11.796574716468626 -11.394094213127255
894.7276106876344 -1.798324066378759 -1.4096764690055035 0.23362475051085138 -11.678616482807795 -11.528299538868627
860.9886680223694 -1.8104976129641697 -1.4609694335178638 0.2688966736308195 -11.693846404326958 -11.638243875052375
634.7387762193218 -1.9842314574848892 -0.5517679858482065 0.19481252086483625 -11.682020637021381 -11.419834170870555
925.6654604042374 -1.857611937958649 -1.78570614420026 0.20324347141255278 -11.979187076721148 -11.44241569471363
575.2503817033536 -1.7546074034910806 -0.37531922064894374 0.39993531257799814 -11.703763624658434 -12.203443940603865
494.2529971694922 -1.8517185870923678 -0.28513797126197815 0.37717379402513074 -11.74774209018371 -12.079477528633669
748.7814968756471 -1.799464762163968 -0.9969602486633438 0.4091772139456024 -11.664341819859798 -12.258520392306776
853.4858880459007 -1.6996636363303856 -1.4474891239485004 0.5124020399218346 -11.696206095415796 -13.259325882575228
853.4858880459007 -1.6996636363303856 -1.4474891239485004 0.5124020399218346 -11.696206095415796 -13.259325882575228
815.714385142819 -1.8489381313502982 -1.1655379570340632 0.4128672857322694 -11.67060405734272 -12.28138743920156
813.2058086171779 -1.8626530753345547 -1.4392779718817357 0.4363594568025288 -11.908498893535993 -12.440683492466428
786.8887701988242 -1.992629842961727 -1.0724405308079534 0.02484379291080252 -11.640767716131949 -11.048171327750643
718.3103249882469 -1.8539724158302309 -0.8603662614141214 0.06792028407955927 -11.690703599011762 -11.130108812839143
719.9128610461231 -1.9532540393900313 -0.8753190432570843 0.2539807550395618 -11.652645664165723 -11.590267550663532
823.5497172381972 -1.8965231138043568 -1.0358936081692582 0.2996768464949475 -11.926737829691533 -11.74517925459911
395.3416931035825 -1.8933830300262604 0.521610859337196 0.02271935284646323 -11.675338558956007 -11.044298977472204
330.19381137692073 -1.1524967508010437 0.573063849095174 0.09087868222370094 -11.771337596235291 -11.176685941585275
497.7331129204581 -1.151536424580085 -0.437206919174141 0.09572466841218344 -11.847859099913068 -11.186800832945234
444.5092239406433 -1.2126349497745008 -0.06869240126303833 0.16007038719528727 -11.730502474138035 -11.33181338494747
655.2312882263099 -1.3597100220172722 -0.9304555052535033 0.002903821057625967 -11.724695164725842 -11.00888437215278
334.795591269351 -1.2288125895876982 0.46454496877179086 0.010490567032006973 -11.896724570774005 -11.022295759917194
486.2345828789213 -1.2521732342616443 -0.4077003481512529 0.05993273723374468 -11.949335418078634 -11.114399614079067
498.75908187207307 -1.1284157039069944 -0.5143944379115499 0.03276249353619137 -11.992161788641791 -11.062738815702282
541.6948011857663 -1.3316184451195698 -0.3521984937347771 0.11622341963737125 -11.7459068944965 -11.23075647332753
261.4062792475718 -1.2692002790092798 1.3959142888985294 0.024236189424256597 -11.867419950860116 -11.047062278834808
538.9115474388916 -1.4418399900564847 -0.20589315243315998 0.08129568260205967 -11.920831657727993 -11.156979881234882
559.80416762467 -1.2262189784309063 -0.39113250548047507 0.0042391783432766585 -11.834156018626384 -11.011231930157017
620.744736795666 -1.0822910681002438 -0.8635008717245993 0.07999548536120199 -11.76889905187166 -11.15433588261291
418.053273161406 -1.0666446927331759 0.11462412441911951 0.02009328557891269 -11.74006643877238 -11.039532911489728
250.2674349396375 -1.2692976110686196 1.1996699361131355 0.14145214929227318 -11.823108778450301 -11.287649358776736
618.5695230700316 -1.5340627399240954 -0.49215591386249624 0.04349997195023098 -11.916643219915269 -11.08283701441602
2202.36025596392 -0.929438026614626 -4.349721981660332 0.5477624433857711 -12.002717387356833 -14.149364475157377
2257.9832772170553 -1.198731649907993 -4.314441853620636 0.4904403472310684 -11.988687942822484 -12.947409358752244
1860.930860155419 -1.305050641671448 -3.882856479734412 0.35303700582308206 -12.007512601257984 -11.962908580198249
2414.52745338075 -1.3030083094316534 -4.56958883553349 0.32496153663355937 -11.99000180306243 -11.842474527290511
2263.7509207263893 -1.39261771139313 -4.3903706559371845 0.5197710043231322 -11.970860716062214 -13.390369229050497
2309.1171753397844 -1.3864438087405992 -4.356452961185211 0.551842542545389 -11.957573735781821 -14.330412677241254
2343.7905525808537 -1.4095258359280702 -4.229652317324776 0.4900135785399716 -11.955932444170806 -12.942215810292193
1996.2801989681332 -1.4061013876827124 -4.061377859297689 0.5125978631074878 -11.978139335914335 -13.262595051215476
1834.7284850416447 -1.6235852440295813 -3.7185553830824634 0.3209583028675413 -11.930352241550242 -11.826425303403742
1714.8036384994057 -1.859531303612595 -3.4884074010067487 0.3645138581327436 -11.914977991227586 -12.016645910565025
2113.9955355074194 -1.9187543145911536 -3.9941129825031756 0.3912451859889937 -11.9403568740008 -12.15428445381149
2430.3728627738674 -1.8685211331223606 -4.544605897274477 0.43535788951125004 -12.000795597475744 -12.433348191093971
2269.5056703820865 -1.7239597570254674 -4.2713312047595995 0.3788676675348464 -11.902389433466162 -12.088191854167562
2405.7581861686667 -1.6754798490836946 -4.244020062003158 0.4376265915569294 -11.944113670611687 -12.45004153324635
2404.395404309799 -1.56000315992747 -4.294674679788586 0.5119315324174023 -11.910684454965546 -13.251514413337535
2034.8300777513407 -1.9626296758286164 -3.9767223044421636 0.3478942570211348 -11.986514822355492 -11.939735157469382
2176.7933522332332 -1.6252683409863522 -4.126656425308594 0.5022041344736602 -11.937848897332755 -13.102347031860951
2361.267181203585 -1.8284979150479126 -4.35026420756371 0.4925153620001289 -11.999301208507886 -12.973052876568513
1796.8001852341079 -1.851278122150304 -3.489004706847081 0.4086934130571232 -11.986353864926425 -12.255560724062814
2234.4181593593275 -1.4391454230281004 -4.226543567476799 0.4809767943740655 -11.972206452639758 -12.838137108412289
2343.1880923379144 -1.3661468312240697 -4.493648585153108 0.4008223057396207 -12.009313026043536 -12.2086002537449
2287.601233144822 -1.5470957838051587 -4.36431469331988 0.3887441144443765 -11.946746032059973 -12.140572626094357
2353.241181225714 -1.399933926976183 -4.357838185645956 0.5006298187001217 -11.985230280539179 -13.0801673579599
1107.021932340899 -1.3057140175949695 -2.107570235605458 0.30785548228285975 -11.78779495140117 -11.775626899436633
1181.7542159461088 -1.2277705267213315 -2.21175163736836 0.37379242927770673 -11.863357835774135 -12.062305574182961
1597.4716376315725 -1.31999738312058 -3.2473813156115647 0.4614368665495981 -11.90392793772216 -12.644438430454983
1534.2786440935802 -1.4690880856424804 -3.1644966765990077 0.5521365747099277 -11.9040241124617 -14.344818894354404
1255.5283021446835 -1.305672489326241 -2.400092798503079 0.5050816162626149 -11.858692572846518 -13.144203085142134
1363.1875586007432 -1.3857949335916548 -2.819758909367626 0.3110299556176463 -11.94856545837678 -11.787699247752757
1555.8815772982048 -1.4561706519608228 -3.26240098514041 0.39309767444466526 -11.9519689273465 -12.164563094803647
1627.470559922975 -1.6976616325006548 -3.1354779529102945 0.287629317955477 -11.968881472525052 -11.701952213542613
1643.846361954727 -1.3041950282557577 -3.3642413621680993 0.32428652875571473 -11.913668537387291 -11.839750258659224
1129.2411147685398 -1.2340344281782287 -2.2888113195781488 0.30714305807434356 -11.893264279791081 -11.772937497114475
1646.8289459365008 -1.672917106985404 -3.1630825363140813 0.5338830369900932 -11.947724192233586 -13.702537703603108
1205.3616348970943 -0.7030205626852071 -2.504737595752478 0.4257505159665491 -11.950204692515992 -12.365591168458401
1233.2075575271394 -0.5594833367698007 -2.5803060663942676 0.5080570043841638 -11.980069973532325 -13.189408365643132
1210.9253721101359 -0.9699149455683576 -2.339435337516387 0.3204809306899788 -11.917069717132673 -11.824528563123193
1173.1152029248162 -1.2947616417954988 -2.2304257997956123 0.5711281738153614 -11.820316453724818 -17.113182637237987
1561.0839513289138 -0.9011136541786358 -3.2406997486047824 0.4408178594223851 -12.003032553638375 -12.474005145736863
1347.4622022923274 -0.9245692619679482 -2.846361283155355 0.3465237527110051 -11.975446766548432 -11.933649174592894
1299.6667430560115 -0.831901953075669 -2.769922789337139 0.5073316974556019 -12.000927988049435 -13.178198918963782
1306.3508299959017 -0.7761652381181274 -2.760078816869186 0.5638829922774868 -11.985727550243606 -15.211571372646054
1495.3793115158808 -1.0053777987198607 -3.0749478477173735 0.5176899831959697 -11.97919105467555 -13.3515896302991
1783.3264278314682 -0.9567952702233373 -3.7228685223555797 0.5006281953939098 -11.99928673408095 -13.080144740100717
1755.134938302754 -1.0183066569166306 -3.5954166198189155 0.34050696272251313 -12.001093086522076 -11.90736022638802
1678.3127344329623 -1.1803354652645672 -3.3717246574548376 0.40712070779398385 -12.003522711766758 -12.245999722553373
1528.9070880977442 -0.7524739251077945 -3.27750678825561 0.5343836698844605 -11.99948328240123 -13.71562063822485
924.172453101366 -1.0927743899226683 -1.709528706246874 0.5296094114773521 -11.786416770050801 -13.597318261445324
1051.3857717135354 -0.915614022417057 -2.076808151459464 0.374221170391686 -11.8500660354313 -12.064466642609103
1120.483132699417 -1.657252985966081 -2.1754070201586364 0.41222467743266783 -11.825845536440335 -12.277367464155873
1557.441692618122 -1.4391459474317903 -3.1099336062373784 0.3436643562971658 -11.945764805495921 -11.921069503104992
1442.4000890355467 -1.29155553291668 -2.9005393359903304 0.37616042565190766 -11.911302817244898 -12.074300214611677
1685.3534763162752 -1.576852639799669 -3.3188921539876914 0.5657022581327862 -11.926412742788054 -15.451866010678373
1059.525083515032 -1.464276937111662 -2.0500620223954895 0.3446231526005468 -11.823082417964843 -11.92527003532199
1073.447168767413 -1.5146430697816908 -2.016732558982939 0.28518999783101817 -11.758771086543659 -11.693422782460805
1106.5496784065965 -1.4138048621974149 -2.067138521718566 0.3344727746813875 -11.768579403748081 -11.881671594581862
1269.6144237140625 -1.6840253744942668 -2.414089842979887 0.40140594010425446 -11.809720130574464 -12.212007627074595
1164.1240541976097 -1.923556372633688 -2.138539373531485 0.36254385038313164 -11.749176010357024 -12.007214151350029
1354.375216650776 -1.68782957625523 -2.7413337658494727 0.31021233052528724 -11.906721226447958 -11.784575902473337
1427.8990884296295 -1.9204988354349413 -2.8066846844861186 0.4746396922465348 -11.831803283014965 -12.77111780205279
979.3993278685467 -1.85520096418127 -1.8638303965805605 0.41360436902136 -11.902530324730886 -12.28601840981653
1016.8992179538938 -1.9893955732159723 -1.5547014724248651 0.29935647958853007 -11.905020807402911 -11.744005247615815
1076.4323229278373 -1.7293988472341395 -1.9662199835162921 0.46325221521833965 -11.723856592228762 -12.660933657907005
1109.324251490844 -1.6792250702333915 -1.9756561353046087 0.4497527408320332 -11.747833934843625 -12.544324021842957
1094.6439403100578 -1.5497530224797305 -2.073024063000921 0.4049419696880379 -11.77895862033751 -12.232903690955442
583.3893408717369 -1.3558989867671802 -0.4890717566598859 0.3811403998384292 -11.752783867089292 -12.100004777152048
528.0473828315735 -1.6841559410095215 -0.5054360628128052 0.34652903008461 -11.843087621893229 -11.933672538870102
557.6646474251073 -1.4341720104614708 -0.6330932228350274 0.4167467005374802 -11.795647460624702 -12.306005350898877
720.2858027573681 -1.6346825958214328 -0.8254990014893018 0.29909830522239245 -11.865335930803502 -11.7430601514452
539.6596093227392 -1.2594778580549353 -0.29748406334021293 0.36678780617367546 -11.845244182169887 -12.027644605205989
633.0407372347315 -1.7244360272398578 -0.7452014180725044 0.2750766495729967 -11.652956136163803 -11.658816176970936
1011.7314197414586 -1.3218430079043628 -1.8791810558657844 0.4627667297521403 -11.769537985227194 -12.65649555641776
873.8844124604175 -1.398677233523629 -1.4966449031854734 0.39388611155673353 -11.715306434576409 -12.168970040924329
792.9689233927897 -1.566795153407159 -1.3425401182498127 0.355138942301283 -11.757453530660168 -11.972536784173776
645.7735997921982 -1.4692852989938723 -0.9036104958105291 0.3781288600989154 -11.747698670227724 -12.084381633876118
955.0647429123043 -1.953469994677218 -1.7330064830045617 0.3797367676981202 -11.7565700186239 -12.092692691099492
539.4300053922301 -0.9973238033823606 -0.3111961180883016 0.5477653682212188 -11.97601410082883 -14.149483196713959
645.3699747341706 -1.1229615138608098 -0.9843595363327866 0.5051179640969352 -11.823526177115875 -13.144743170162684
1043.8604987161311 -1.0444857353524646 -1.890226626986152 0.5484269176462679 -11.856089377798575 -14.176704813197398
996.6233421944046 -0.9133134739381148 -1.9242963878313657 0.45112184609501493 -11.826634755757357 -12.555549745503594
984.2323174099431 -0.9592188803956958 -1.9398245785954042 0.4406467434364386 -11.856165860681017 -12.472705540656131
665.8396555912826 -0.988682657471514 -0.8956617250763257 0.5040693264705836 -11.817608575176175 -13.129277679769134
1010.4646169487639 -0.9922647139008411 -1.9964698797071199 0.5575157177240665 -11.846165570265475 -14.653330670158889
952.0868837563901 -1.0373096677016966 -1.9162465479675865 0.41502443614454193 -11.905205407015597 -12.295001370285814
793.3440310334815 -0.9202673818595946 -1.4114164700792449 0.4718088417301894 -11.803254375449796 -12.742572081681146
560.2369709117506 -0.7832540693204075 -0.7069712826211241 0.504149089167767 -11.832617152130918 -13.130445666018874
504.0428147684029 -0.7693543854671723 -0.264882594953157 0.4699547707790918 -11.935352861411818 -12.724308138823302
259.6824454314999 -1.136432447836037 1.0143367392707772 0.4803888582119071 -11.982813183559834 -12.831726769413548
306.52261168216603 -1.0884114344775258 0.8500976235552615 0.4931043704031291 -11.74855461480963 -12.98045343067154
258.26576839781785 -0.9365850989168114 1.215844117654738 0.5016193342352383 -11.781475179983186 -13.094050564534854
402.3463742343037 -0.865357017858674 0.2740579967515391 0.4556031727409493 -11.851078059489318 -12.593200539374925
299.9379956915272 -0.9002334218950745 0.7707163630869287 0.5461089382889679 -11.806207811760457 -14.084407422999636
431.70842578428386 -0.545664633654102 0.02188013750218243 0.5376597778148424 -11.92857378923199 -13.805738289071648
164.43508863449097 -0.4884514808654785 2.0982271432876587 0.5004880794525146 -11.916545578802172 -13.078194401109156
580.9406269774099 -0.6110955732865466 -0.8565756604899963 0.4791383092550352 -11.917606805680968 -12.81822702493715
617.7102476804084 -0.4401071846596092 -0.8917635688879137 0.5178584110316895 -11.91686921053683 -13.354672934529967
463.6195188133309 -1.1424032882588524 -0.009782521935710164 0.4722811185228048 -11.805280883469859 -12.747278150842808
296.1574358851242 -0.7813562501027229 0.7939590391409768 0.5686936887327023 -11.82824238219452 -16.0435993310894
248.79935092794682 -0.47722490917838156 1.1727384407853307 0.3976913084349374 -11.90743667488435 -12.19051647824552
885.6101579741977 -0.6638197020186056 -1.7838189333128613 0.3304831739156636 -11.929156629555148 -11.865042472308081
754.5298572128623 -1.063011364194894 -1.3003586579094435 0.22271410849329074 -11.79493127141562 -11.496601146828533
225.05061441155328 -1.4921531459411586 1.605706668949729 0.4705165474374814 -11.673864947461269 -12.72980690746407
132.4281058948581 -1.2421880284342581 2.7484236404983253 0.3593365758783638 -11.73630477369238 -11.992046558306859
299.4795035866442 -1.626169202216084 1.0151670662376686 0.5362584584053955 -11.64897889364567 -13.76619350508061
324.37266514039356 -1.4729314797079434 0.674633473985212 0.44195784330218324 -11.724728441238453 -12.482706560715782
