    0.334324782562954681E+02   -0.542449666942681041E+00    0.132924769123753759E+02    0.493624966247707420E+02    0.318605797998417539E+00   -0.122171184233404713E+02
    0.918601933226583185E+02   -0.669245750442048148E+00    0.144040675987043443E+02    0.495981455617214237E+02    0.342100449080671165E+00   -0.117572059533068849E+02
    0.245806662352598266E+03   -0.681825033621036525E+00    0.137767245668812084E+02    0.505091266455448675E+02    0.826965046751616945E-01   -0.115777206130926391E+02
    0.279678066604772766E+03   -0.121801572311058193E+01    0.123993253870750415E+02    0.518331056403923256E+02    0.294104420227781438E+00   -0.111078546803691225E+02
    0.188530171865674532E+03   -0.182473703603103221E+01    0.145881222979620784E+02    0.491079150615942410E+02    0.204080620247541727E+00   -0.107674787257836346E+02
    0.549530049246241788E+03   -0.975016249830058968E+00    0.125939565079365661E+02    0.515952628523681227E+02    0.212658653998763297E+00   -0.104997502395712932E+02
    0.426404220324179903E+03   -0.154561474231763141E+01    0.139744150030906500E+02    0.508067019760075240E+02    0.265228955639822295E+00   -0.102719523647328081E+02
    0.487848382940725458E+03   -0.216006279741102247E+01    0.141429848962201241E+02    0.504476655938852616E+02    0.362856410232801352E+00   -0.100616321761827692E+02
    0.552671833102175583E+03   -0.155481646956604624E+01    0.128496628760045333E+02    0.509684454550892667E+02    0.173446262118738509E+00   -0.989140825858195960E+01
    0.374101908456310241E+03   -0.190937925394722985E+01    0.144811987081988498E+02    0.499670607071037765E+02    0.828071038544047067E-01   -0.975226177326040222E+01
    0.453239772318008136E+03   -0.122714534425128274E+01    0.124710886519462427E+02    0.514799115816052577E+02    0.144832703078788316E+00   -0.909036934144023689E+01
    0.755107641353587951E+03   -0.156418048325778969E+01    0.122472637693627178E+02    0.516984879681183713E+02    0.219042915581201675E+00   -0.905779802791730582E+01
    0.954182168229923946E+03   -0.150660926653663152E+01    0.141492852022148572E+02    0.516024069596627726E+02    0.230602900047907095E+00   -0.902908596028798627E+01
    0.818632256705288228E+03   -0.214356068480297912E+01    0.147094953492861009E+02    0.501024811487595088E+02    0.729789375664653961E-01   -0.897160879418266966E+01
    0.789303714230839546E+03   -0.158009007306700333E+01    0.142484576460645656E+02    0.514332328226326609E+02    0.222780629273574532E+00   -0.889052836738007279E+01
    0.689820269601754831E+03   -0.167107173439131396E+01    0.126939530416633310E+02    0.512856121111962153E+02    0.213997377150925816E+00   -0.863726339669498699E+01
    0.299705510832113191E+03   -0.141668350750870475E+01    0.127098671453278307E+02    0.512320691977812572E+02    0.492995135864574885E+00   -0.861207631293941667E+01
    0.482340638925865562E+03   -0.130731970970786371E+01    0.110585794950369447E+02    0.517911979644294576E+02    0.629444734899072128E-01   -0.859259412955819535E+01
    0.206298144941895742E+02   -0.199472615426483824E+01    0.102100756715060434E+02    0.497998663516611870E+02    0.178066639862848708E+00   -0.854875461867556652E+01
    0.132570661149576182E+03   -0.251691148138246490E+01    0.145950059159876062E+02    0.483127906609388589E+02    0.128487611451511108E+00   -0.844519935347053519E+01
    0.743370453443564543E+02   -0.158331859879543035E+01    0.122003778978536701E+02    0.500488661818639144E+02    0.553325382605493910E+00   -0.834160384092743534E+01
    0.287236686854200798E+03   -0.218522293540485579E+01    0.145604891884329213E+02    0.494809800425399828E+02    0.173275755393259345E+00   -0.825257081162849460E+01
    0.261261689575547791E+03   -0.180697890387348625E+01    0.131202328634455867E+02    0.503519333045823601E+02    0.331132771790131675E+00   -0.822129022092803297E+01
    0.267683026866163800E+03   -0.142864146235462286E+01    0.129074216204085950E+02    0.514910331396348866E+02    0.516846943010399462E+00   -0.813098905999480159E+01
    0.453235526092790508E+03   -0.165015406052292501E+01    0.120040668421733479E+02    0.513133794318437140E+02    0.201583088993461806E+00   -0.799473635828327023E+01
    0.367243031109980294E+02   -0.147027724548589944E+01    0.115908154641339092E+02    0.490691927586629291E+02    0.116701259139275246E+00   -0.793158235238958298E+01
    0.513582680273592814E+03   -0.150150260606839892E+01    0.115049120724627283E+02    0.517514062755570166E+02    0.676435406499329428E-01   -0.790364576433455479E+01
    0.331213653032411571E+03   -0.220241996419497443E+01    0.146773191749340555E+02    0.497823485827617560E+02    0.386839480190730445E+00   -0.789056803167413978E+01
    0.945153207484555367E+02   -0.137825133574327285E+01    0.117454765438301276E+02    0.506052409603165216E+02    0.476355175944957854E+00   -0.774966652024595426E+01
    0.540487432035197116E+03   -0.155245877623490403E+01    0.119934536919401449E+02    0.517743534079529013E+02    0.208905708645410859E+00   -0.765635812495168633E+01
    0.437865043413527758E+03   -0.193899899098296391E+01    0.141403152619164114E+02    0.503273552637226231E+02    0.113764754563084228E+00   -0.764250720424468355E+01
    0.110795046028892514E+03   -0.119041666118729239E+01    0.114726133772008740E+02    0.509615568388241797E+02    0.470708519457276708E+00   -0.764022972653683397E+01
    0.972802690497811341E+03   -0.153657480263480206E+01    0.131906108336351977E+02    0.518218595994224032E+02    0.317673185200339880E+00   -0.755781417327396898E+01
    0.679550237826709122E+03   -0.149301474323576544E+01    0.135021797570231605E+02    0.516641866070736739E+02    0.269708648692396524E+00   -0.751194991728012873E+01
    0.145345685053175856E+03   -0.218143408834917851E+01    0.126507546851601216E+02    0.495534126450409502E+02    0.288708622099357659E+00   -0.741873854175116154E+01
    0.376150868480805627E+03   -0.118646656423335228E+01    0.118658837584056549E+02    0.517334486234456463E+02    0.182459683680586765E+00   -0.741502752445459556E+01
    0.692424636394002277E+02   -0.194846716166570344E+01    0.125125597552958343E+02    0.496913730589745981E+02    0.421700290376014419E+00   -0.737960599779067827E+01
    0.363448262214660645E+02   -0.109736293554306030E+01    0.112971648573875427E+02    0.495012269616127014E+02    0.141311550235748290E+00   -0.727664585748218684E+01
    0.219998410925276971E+03   -0.162482516912609753E+01    0.116253477033026211E+02    0.511049841000471972E+02    0.398619471430035122E+00   -0.726932149479050960E+01
    0.608011765445326873E+02   -0.120073630210167792E+01    0.108668355637471521E+02    0.506253902957538102E+02    0.500198491204587370E+00   -0.726375492458931760E+01
    0.515732062574736219E+02   -0.660432098841733151E+00    0.110188762468125283E+02    0.503274985992626043E+02    0.201175292763231095E+00   -0.725682114572958525E+01
    0.130733203571813608E+02   -0.294794799023412901E+01    0.137311710293692393E+02    0.477184190318929922E+02    0.480158831477472181E+00   -0.721524599557164148E+01
    0.504645035669635718E+03   -0.140560340558670749E+01    0.120091862120657655E+02    0.513953054848730986E+02    0.298296741803351258E-01   -0.720978532214557610E+01
    0.428265172240270644E+02   -0.135651309459511094E+01    0.111937533217714211E+02    0.505351525370236914E+02    0.555569741529024941E+00   -0.720094820033828853E+01
    0.116915876700160396E+03   -0.118957587332897186E+01    0.114720254945965934E+02    0.515767551352404467E+02    0.550360710938174291E+00   -0.717470706367903510E+01
    0.409659557926651814E+03   -0.216958150721771492E+01    0.147793600446410629E+02    0.498423011835210517E+02    0.164451858741414159E+00   -0.713657714468128734E+01
    0.585515520645939432E+03   -0.198528324721110483E+01    0.147862306461085495E+02    0.505373455122550013E+02    0.326882974929280645E+00   -0.711923850341508313E+01
    0.577285354318803343E+03   -0.203725781365817937E+01    0.148846357677378478E+02    0.506600812064124426E+02    0.493802663902179195E+00   -0.708537700883808341E+01
    0.604593999040759655E+02   -0.244744409734321922E+01    0.122186880019015156E+02    0.491100002059458873E+02    0.190414931942905402E+00   -0.707444345514800332E+01
    0.296107548492799708E+03   -0.212461177084153574E+01    0.138467161382671602E+02    0.497751869738603787E+02    0.922814341591912113E-01   -0.698206236319025386E+01
    0.238609323179162715E+03   -0.231493316269784533E+01    0.145861087354516421E+02    0.492992452547288522E+02    0.176841991089674522E+00   -0.698116091898643987E+01
    0.279949056775709380E+03   -0.212282496238695773E+01    0.133725895030847752E+02    0.499097033504688739E+02    0.197504223624574898E+00   -0.697355580311380141E+01
    0.828155485102874877E+03   -0.189653032085581819E+01    0.133864931317343920E+02    0.511918222354046506E+02    0.523187723455167605E-01   -0.695337024071639753E+01
    0.613001831755174180E+03   -0.176502365459266786E+01    0.140711595973198254E+02    0.512135101746001240E+02    0.652427339815025570E-01   -0.684044018437765367E+01
    0.235550045967102051E+03   -0.236195027828216553E+01    0.137664479017257690E+02    0.494655452370643616E+02    0.206938820099830639E+00   -0.683218318331192798E+01
    0.555184883219119598E+02   -0.141425915822378734E+01    0.106696172211801237E+02    0.500632666090534997E+02    0.171437585083077770E+00   -0.681916788616221492E+01
    0.782060170683404294E+03   -0.182624830518151304E+01    0.146918676506841770E+02    0.510365074307535949E+02    0.252245245347991087E+00   -0.677597438114170103E+01
    0.867866465149205851E+03   -0.160852313037433170E+01    0.147260128353180519E+02    0.517881464159815081E+02    0.389453339103402907E+00   -0.670055310097436774E+01
    0.854053926488021261E+03   -0.156457838241442548E+01    0.122341147512934647E+02    0.517721098095779269E+02    0.467803601654141754E-01   -0.667780127503611443E+01
    0.947928580199462232E+02   -0.192320781908576954E+01    0.129885862446985243E+02    0.507871622106916618E+02    0.425226711549304637E+00   -0.667004472409684457E+01
    0.814117176711025991E+03   -0.154117610062620258E+01    0.126293014439365141E+02    0.517603239177783649E+02    0.204020992854367006E+00   -0.665812510390353296E+01
    0.179752845069672929E+03   -0.174504162039951449E+01    0.122173789160582800E+02    0.503652212331932674E+02    0.171129165100274178E+00   -0.664309387431258891E+01
    0.570063339241362200E+03   -0.136247462514082329E+01    0.119372609453464307E+02    0.518956383435877058E+02    0.235961061401187056E+00   -0.659603037950763227E+01
    0.107445941125217772E+03   -0.220253351402700792E+01    0.127212377465014121E+02    0.492558287597025668E+02    0.221707901308678040E+00   -0.653253450752190812E+01
    0.289744067183021798E+03   -0.185361932257167439E+01    0.118961704574539144E+02    0.507654278947695445E+02    0.579755869624902764E-04   -0.647201222367551754E+01
    0.927127607616274361E+02   -0.590716666713706928E+00    0.105283774468473528E+02    0.512198502721521010E+02    0.991575689514291592E-01   -0.644898496332467985E+01
    0.125203477985996798E+03   -0.219612535011577403E+01    0.120690787071635306E+02    0.497463924783567819E+02    0.908492534594313450E-01   -0.643254500449581990E+01
    0.543803034375297784E+03   -0.172328996484462671E+01    0.130663391010639689E+02    0.511203764061044481E+02    0.221181303112991806E+00   -0.641473138615114546E+01
    0.399626398795601176E+03   -0.223216309816463632E+01    0.148631759876758576E+02    0.497602824776183752E+02    0.114696983503981442E+00   -0.641356160085886273E+01
    0.256151702127326701E+03   -0.154122505814063526E+01    0.127381745010535781E+02    0.513062955942384065E+02    0.463552951138156533E+00   -0.641118206829896664E+01
    0.703200485161640813E+03   -0.194882781247507797E+01    0.148743614508302020E+02    0.507553459086759204E+02    0.272967643244447389E+00   -0.639806726283925897E+01
    0.232136748730393748E+03   -0.173795582075122246E+01    0.127268064278565767E+02    0.506993443408026891E+02    0.348938190211172616E+00   -0.635772458682466635E+01
    0.289589454511061433E+03   -0.168417215782669327E+01    0.133933816979323339E+02    0.512297640572502360E+02    0.367153401898946796E+00   -0.632861564945447430E+01
    0.780301053038249279E+03   -0.154741489149854683E+01    0.129175544910202458E+02    0.516145758676011823E+02    0.155779617210963922E+00   -0.631030130809565737E+01
    0.641749940211703347E+03   -0.190210417237130702E+01    0.137746384087138694E+02    0.508448420118243121E+02    0.192761617607947994E+00   -0.630728735347685721E+01
    0.918831454106658043E+03   -0.161597345609692811E+01    0.141465409861155429E+02    0.519035482839703803E+02    0.545804224476282185E+00   -0.630054255305333211E+01
    0.589649990425565761E+03   -0.154736744091066125E+01    0.128651700651683960E+02    0.514601146120509654E+02    0.912064121737506256E-01   -0.629922554963597214E+01
    0.795677590116885227E+02   -0.907454392944248234E+00    0.106620056037515152E+02    0.510312878656493183E+02    0.264298844881946382E+00   -0.628982895222207361E+01
    0.595374640814290728E+03   -0.168519129193884787E+01    0.130297775126894670E+02    0.511765377719938286E+02    0.136321394939190044E+00   -0.627424444019492800E+01
    0.636618902525551562E+03   -0.167871738864844078E+01    0.133276752969694670E+02    0.515122895799033031E+02    0.394267655385982518E+00   -0.622399611382791562E+01
    0.669492206006192873E+03   -0.211880248247482506E+01    0.145988763164475976E+02    0.503345117281502326E+02    0.115137473645754912E+00   -0.621201487387032714E+01
    0.780145767911809912E+03   -0.183482792523286609E+01    0.142751891245513782E+02    0.510802149782171782E+02    0.511682694847962784E-02   -0.620873617266372690E+01
    0.403454210143963053E+03   -0.195008279800420592E+01    0.142836255101873899E+02    0.506221169777404825E+02    0.443094661827571457E+00   -0.619423844194508089E+01
    0.594732888373623837E+03   -0.185067457882110098E+01    0.135870499399169304E+02    0.511089423760388897E+02    0.313913516526841130E+00   -0.618141900558552315E+01
    0.327418258432469543E+03   -0.253582944270541599E+01    0.149816421551366190E+02    0.494459439844748161E+02    0.638042669652600421E-02   -0.616628822454590431E+01
    0.885597556899865367E+03   -0.197916484636326206E+01    0.142175867288400966E+02    0.511879026261035932E+02    0.609973644275527659E-03   -0.616201075496676864E+01
    0.917388785154397794E+02   -0.173489727775606450E+01    0.110624322363754182E+02    0.501445436401498199E+02    0.160854720483781105E+00   -0.615870539227697211E+01
    0.412889161884649923E+03   -0.195312301684101364E+01    0.141312997839219818E+02    0.511155616858825113E+02    0.396909039950928966E+00   -0.615615384372217989E+01
    0.351402909890834536E+02   -0.145341778276218259E+01    0.108558601474438117E+02    0.500354496424330293E+02    0.459792964790240066E+00   -0.609844512011689588E+01
    0.471363424977223247E+03   -0.206082809551395663E+01    0.147120915572462607E+02    0.508388901046782351E+02    0.471148991680253204E+00   -0.608257388224198525E+01
    0.508463246297849537E+03   -0.169402807610812234E+01    0.132078238923917510E+02    0.511758437512625193E+02    0.249057066863375171E+00   -0.606303339002448194E+01
    0.387902521697077646E+03   -0.183574301747566837E+01    0.141129412760417274E+02    0.509940325944907471E+02    0.251815005549155091E+00   -0.605749011875860965E+01
    0.361787121368896862E+03   -0.168625981432690697E+01    0.130026187610775921E+02    0.510510966847249534E+02    0.296827590968762989E+00   -0.605476405819967756E+01
    0.544273289441567613E+03   -0.215739609610811511E+01    0.145372453220279176E+02    0.504516373956321829E+02    0.252327900685923923E+00   -0.602914963227672018E+01
    0.836713929739276864E+03   -0.174944680272476827E+01    0.149468796905509116E+02    0.514328619544805079E+02    0.400815549723533060E+00   -0.600018092872434838E+01
    0.831996411106298524E+03   -0.179529658606508491E+01    0.145467069088512915E+02    0.512328735908909678E+02    0.245942163152473275E+00   -0.598035356281812547E+01
    0.689518442041331923E+03   -0.193101940421678364E+01    0.149399257178007989E+02    0.508401838927874294E+02    0.249301284063836781E+00   -0.597473793697626387E+01
    0.433688847377520915E+03   -0.130568800374505578E+01    0.122354036876965893E+02    0.519963420915416066E+02    0.414509858297103018E+00   -0.595653220409524398E+01
    0.555095746498944095E+03   -0.160500743642684451E+01    0.137604076396774868E+02    0.516427565966869437E+02    0.566539631391645093E+00   -0.594035944645921532E+01
    0.136773746442357520E+03   -0.136479893773865824E+01    0.109417696190505005E+02    0.513197415574886833E+02    0.419374522388128002E+00   -0.593110762893871080E+01
    0.930744223172093541E+02   -0.129582092997647180E+01    0.111612744986828218E+02    0.513366647952319610E+02    0.431711295141960827E+00   -0.591530245952468636E+01
    0.327695905683881051E+03   -0.212824691253192366E+01    0.142049103698590695E+02    0.499979311361942180E+02    0.130544128784859659E+00   -0.591511800577909863E+01
    0.306485484055021004E+03   -0.145066323815920128E+01    0.120230528436911435E+02    0.513866749334820625E+02    0.219051152347302019E+00   -0.589736928412044037E+01
    0.630926006583341064E+02   -0.292985860465564896E+01    0.145336336153078065E+02    0.478668883727382308E+02    0.435770820775009116E+00   -0.588494736748266511E+01
    0.744590515673653726E+03   -0.158964316417409268E+01    0.131893508084647504E+02    0.515742076805316358E+02    0.235279925571641908E-01   -0.586505669345005032E+01
    0.742851471775367258E+03   -0.186327820066010030E+01    0.145581391896843755E+02    0.513585595555334322E+02    0.484931819744801429E+00   -0.584048390291943509E+01
    0.295288854637506176E+03   -0.217178047905626759E+01    0.144813695855875046E+02    0.499214919797612211E+02    0.260944598340978717E+00   -0.582261349705494347E+01
    0.295288854637506176E+03   -0.217178047905626759E+01    0.144813695855875046E+02    0.499214919797612211E+02    0.260944598340978717E+00   -0.582261349705494347E+01
    0.357640981674194336E+02   -0.188036412000656128E+01    0.111117577552795410E+02    0.492169870138168335E+02    0.147651096296310430E+00   -0.581644773624162603E+01
    0.612014252605689876E+03   -0.160713989101840982E+01    0.128205627501242194E+02    0.514934687980152006E+02    0.218030406088470269E+00   -0.580315139117879752E+01
    0.345177518344734267E+03   -0.154417643457643017E+01    0.125061472468859876E+02    0.513598787439943152E+02    0.325813785691921320E+00   -0.580248772709402161E+01
    0.840988117875980606E+03   -0.165612029451458120E+01    0.130798171697013945E+02    0.518110025424566771E+02    0.199153087469954471E+00   -0.579346891499998673E+01
    0.840988117875980606E+03   -0.165612029451458120E+01    0.130798171697013945E+02    0.518110025424566771E+02    0.199153087469954471E+00   -0.579346891499998673E+01
    0.998211109076992329E+03   -0.187892117022230565E+01    0.147276040856028896E+02    0.513740952806909092E+02    0.366380479087315414E+00   -0.578249054501634774E+01
    0.687569876281450320E+03   -0.163968048291286284E+01    0.148057008642772541E+02    0.517367642810251880E+02    0.566303375766072259E+00   -0.578035680650768402E+01
    0.980372546834812397E+03   -0.161015851847765923E+01    0.138258141904216902E+02    0.517426478401890364E+02    0.112602398727508476E+00   -0.577723542046505756E+01
    0.864292946645274583E+03   -0.167496269485304605E+01    0.142653962641762373E+02    0.516176439777393199E+02    0.381620172356924137E+00   -0.577642391671373456E+01
    0.670598587464192860E+03   -0.166373047894624149E+01    0.142943766052107346E+02    0.515842808111728246E+02    0.361288782465278013E+00   -0.576711732788621312E+01
    0.509985556525455195E+03   -0.191532330098314496E+01    0.136245575233633431E+02    0.506567406878946898E+02    0.994168504638181100E-01   -0.574951079015034061E+01
    0.799119453689483805E+02   -0.191102356350939750E+01    0.125700583569593523E+02    0.505060595486004189E+02    0.454952795381156128E+00   -0.571201586914436987E+01
    0.156203120636037085E+03   -0.250890877334898210E+01    0.133567467855625033E+02    0.489282631853713639E+02    0.782954080375160635E-02   -0.571173170438471800E+01
    0.217346806455075296E+03   -0.201116944666136899E+01    0.128549792097969942E+02    0.502835639395820877E+02    0.321696546468993427E+00   -0.570287469944084169E+01
    0.217346806455075296E+03   -0.201116944666136899E+01    0.128549792097969942E+02    0.502835639395820877E+02    0.321696546468993427E+00   -0.570287469944084169E+01
    0.906453088276276503E+03   -0.187767673682057090E+01    0.149251198730576515E+02    0.511531135319982866E+02    0.980443587872964067E-01   -0.567175350065056616E+01
    0.676091576011343022E+03   -0.206034711569863660E+01    0.148369499741247957E+02    0.507398567472871349E+02    0.327095096603472968E+00   -0.567116452388789849E+01
    0.106009768146454874E+03   -0.248337253786483458E+01    0.132608999805472649E+02    0.486698329328306727E+02    0.148978262834095591E-01   -0.565713859213411396E+01
    0.649890540656244411E+03   -0.170059468828674731E+01    0.133638723071248400E+02    0.512905720871195996E+02    0.167749960141423321E+00   -0.565137463642784432E+01
    0.108423956082292577E+03   -0.147433549857656221E+01    0.110111195773607022E+02    0.509377011298964177E+02    0.381073167071122876E+00   -0.564700474818220588E+01
    0.108423956082292577E+03   -0.147433549857656221E+01    0.110111195773607022E+02    0.509377011298964177E+02    0.381073167071122876E+00   -0.564700474818220588E+01
    0.259351265744010220E+03   -0.161883039000220030E+01    0.119169565219485367E+02    0.509234087844981929E+02    0.119438844653578555E+00   -0.562289599460123224E+01
    0.259351265744010220E+03   -0.161883039000220030E+01    0.119169565219485367E+02    0.509234087844981929E+02    0.119438844653578555E+00   -0.562289599460123224E+01
    0.754070866350700499E+03   -0.196693328054893612E+01    0.147996303207880402E+02    0.508327935368166592E+02    0.218223766580461428E-01   -0.561000851755799879E+01
    0.788034751075713189E+03   -0.167946512788070912E+01    0.130633025345317897E+02    0.517867102137462538E+02    0.118929290044923863E+00   -0.559568863109933279E+01
    0.834201501976023252E+02   -0.277692243854114285E+01    0.138337186776001104E+02    0.484551137409109245E+02    0.520932299872413906E-01   -0.557401606620551338E+01
    0.834201501976023252E+02   -0.277692243854114285E+01    0.138337186776001104E+02    0.484551137409109245E+02    0.520932299872413906E-01   -0.557401606620551338E+01
    0.952706810614887445E+03   -0.204287787840123913E+01    0.149929800208735227E+02    0.508489877876309819E+02    0.212072645342090554E+00   -0.557158163138236961E+01
    0.905548085550104020E+03   -0.173581540020549108E+01    0.140289340028745677E+02    0.513969022297086298E+02    0.142400970112921604E+00   -0.556097777172047714E+01
    0.649145782132314366E+03   -0.197059920886594675E+01    0.139557286753519172E+02    0.509004422405037147E+02    0.198646047902803047E+00   -0.554164579034039484E+01
    0.108267063007726321E+03   -0.277390744148395019E+01    0.138411826727846901E+02    0.481858464206778905E+02    0.241146394270307009E-02   -0.553419804019639816E+01
    0.477936776673390511E+03   -0.207157438391551807E+01    0.146093564997622014E+02    0.504421301057104898E+02    0.672116349975152450E-02   -0.552552508039598589E+01
    0.149794031425945661E+03   -0.110558728088097613E+01    0.111397908418020837E+02    0.519992979998130309E+02    0.461816857269733649E+00   -0.551298580405767424E+01
    0.463009221346234995E+03   -0.216685897294565821E+01    0.140924731114279034E+02    0.503387326829919104E+02    0.137881347204433485E+00   -0.550018552462275423E+01
    0.761651987271687290E+02   -0.173959386883560185E+01    0.115116644986634284E+02    0.503970664394222965E+02    0.195718002946254438E+00   -0.549607344654231778E+01
    0.527541906431698564E+02   -0.246704558513132932E+01    0.128515692759623423E+02    0.486832631280194761E+02    0.904282884173772117E-01   -0.549457668853226444E+01
    0.407894049468845367E+03   -0.209425124592504375E+01    0.141956621300870189E+02    0.502050629927988439E+02    0.200695400198626431E-01   -0.549404018808619643E+01
    0.413373195044683996E+03   -0.154663400848997989E+01    0.125372145082971933E+02    0.519928802232539482E+02    0.334767056428785459E+00   -0.548781771518042749E+01
    0.647270371377567386E+02   -0.260825999218174420E+01    0.137403538849530396E+02    0.484023735215704249E+02    0.369477248948561210E+00   -0.548676570888278459E+01
    0.328635983856339976E+03   -0.167493696544886017E+01    0.123612177487478831E+02    0.513224342417878532E+02    0.359637330858272597E+00   -0.545227373548942218E+01
    0.384094789559805918E+03   -0.166684244151046990E+01    0.136618600227074349E+02    0.514155823256076658E+02    0.421210386077206733E+00   -0.544409851754123419E+01
    0.235888505841700294E+03   -0.180451014601384463E+01    0.124171615952153136E+02    0.510952408597206684E+02    0.308312784905142134E+00   -0.540378104396087355E+01
    0.656576266914581311E+03   -0.161113392444758841E+01    0.140662285471139956E+02    0.517564910325872631E+02    0.532175285041280755E+00   -0.540348080678633913E+01
    0.400384275489610047E+03   -0.186063316282320601E+01    0.148110752202541001E+02    0.510522918750152144E+02    0.508851058638875031E+00   -0.537960149739176074E+01
    0.384039425174584778E+03   -0.179919629187365704E+01    0.141258511815922976E+02    0.511675657999614515E+02    0.350941020357459166E+00   -0.537634727275430446E+01
    0.224941397128627216E+03   -0.131691366599159476E+01    0.110902479046281819E+02    0.517530748336131765E+02    0.333392351870233805E+00   -0.537198598477494382E+01
    0.224941397128627216E+03   -0.131691366599159476E+01    0.110902479046281819E+02    0.517530748336131765E+02    0.333392351870233805E+00   -0.537198598477494382E+01
    0.192031860351562500E+02   -0.313779890537261963E+01    0.140223979949951172E+02    0.473879764676094055E+02    0.363316200184822080E+00   -0.536609650532813376E+01
    0.192031860351562500E+02   -0.313779890537261963E+01    0.140223979949951172E+02    0.473879764676094055E+02    0.363316200184822080E+00   -0.536609650532813376E+01
    0.967269365819693803E+03   -0.181448471878122852E+01    0.135970554700279500E+02    0.512032656338235910E+02    0.629810942120548681E-02   -0.536512490219864979E+01
    0.570412521963451923E+03   -0.185794949160497547E+01    0.147053336796843528E+02    0.511379323643060104E+02    0.516144031197672382E+00   -0.536289119440512696E+01
    0.338118468244942449E+03   -0.184689342333829831E+01    0.133158312667556942E+02    0.507461816854719885E+02    0.226988784085133205E+00   -0.534693894365544331E+01
    0.338118468244942449E+03   -0.184689342333829831E+01    0.133158312667556942E+02    0.507461816854719885E+02    0.226988784085133205E+00   -0.534693894365544331E+01
    0.924058833019817314E+02   -0.115331619786742712E+01    0.107812073531080639E+02    0.514311117255273587E+02    0.355468812072066542E+00   -0.533404867304863206E+01
    0.871874079656548247E+03   -0.208438361084128232E+01    0.144242844848533807E+02    0.507315569234855559E+02    0.423251845139913374E-01   -0.531604220231460278E+01
    0.116737349033535665E+03   -0.180233359233074797E+01    0.116084180087065398E+02    0.501580733102071292E+02    0.884511051851284008E-01   -0.531196467157856844E+01
    0.206287440482799553E+03   -0.170717002352755642E+01    0.123418019090809921E+02    0.508507319411749492E+02    0.352666590794659118E+00   -0.528966732923865468E+01
    0.321540354808140364E+03   -0.144248165016022778E+01    0.119310220522624064E+02    0.515075082842416236E+02    0.159492031689337455E+00   -0.523070471227028033E+01
    0.162971516881029515E+03   -0.113573960278576580E+01    0.110686150963974423E+02    0.518895480577478381E+02    0.341973154364573872E+00   -0.522657927134807121E+01
    0.151394202542684475E+02   -0.321940827590270917E+01    0.141594289966257261E+02    0.470778752212709861E+02    0.287476134118287596E+00   -0.522420613742723727E+01
    0.151394202542684475E+02   -0.321940827590270917E+01    0.141594289966257261E+02    0.470778752212709861E+02    0.287476134118287596E+00   -0.522420613742723727E+01
    0.222867834215317799E+03   -0.194376769899461221E+01    0.141137940396333086E+02    0.506966207495829124E+02    0.460718581345986977E+00   -0.520631617014738790E+01
    0.222867834215317799E+03   -0.194376769899461221E+01    0.141137940396333086E+02    0.506966207495829124E+02    0.460718581345986977E+00   -0.520631617014738790E+01
    0.181888250717072651E+03   -0.139566622208733193E+01    0.112246594664627661E+02    0.512576552486835126E+02    0.194949362994518260E+00   -0.518329839032000272E+01
    0.254265410070039110E+03   -0.186267511973758015E+01    0.129153780558328997E+02    0.510293063793432893E+02    0.397152276664446968E+00   -0.518058833894901660E+01
    0.254265410070039110E+03   -0.186267511973758015E+01    0.129153780558328997E+02    0.510293063793432893E+02    0.397152276664446968E+00   -0.518058833894901660E+01
    0.609025720743140937E+03   -0.208298869569121692E+01    0.146341051751439615E+02    0.505782736312620926E+02    0.224958560947995129E+00   -0.517955352899789734E+01
    0.382289329889211274E+03   -0.178390411400582538E+01    0.135633721275458274E+02    0.511461081799822139E+02    0.499916601330545829E+00   -0.516131273160464499E+01
    0.382289329889211274E+03   -0.178390411400582538E+01    0.135633721275458274E+02    0.511461081799822139E+02    0.499916601330545829E+00   -0.516131273160464499E+01
    0.237006189473504321E+03   -0.140700474534187858E+01    0.117076616440193941E+02    0.515120756094184387E+02    0.198044326481757987E+00   -0.515867957592234561E+01
    0.851648389405451553E+03   -0.200459052525006287E+01    0.146840727045831549E+02    0.511490567536465974E+02    0.783468230324862180E-01   -0.514654400548329338E+01
    0.268642489127855640E+03   -0.130994546154604841E+01    0.111444193195483408E+02    0.516109841245430019E+02    0.116435733962897567E+00   -0.514114161568705086E+01
    0.666715611223786340E+02   -0.214765002586630116E+01    0.124722018184310546E+02    0.496253764168547775E+02    0.253195964301072718E+00   -0.514004038876937397E+01
    0.846822255201179701E+03   -0.165734475188700348E+01    0.135885316632506683E+02    0.515900493051017364E+02    0.718823871708848955E-01   -0.513142386407903128E+01
    0.114130422233588547E+03   -0.160007209654014160E+01    0.114388635943928918E+02    0.510022725358433817E+02    0.554271282961459444E+00   -0.512583349500546337E+01
    0.233720454228704170E+03   -0.191262095737362170E+01    0.135012572951802721E+02    0.505829342028465589E+02    0.420858594037937184E+00   -0.512149785241127375E+01
    0.755102417122165093E+03   -0.188463484948294946E+01    0.138080765041566806E+02    0.513258265828148978E+02    0.407023882328420503E-01   -0.511110428737199918E+01
    0.326552990429292834E+03   -0.196157751778745881E+01    0.146769480186660779E+02    0.510056068824276778E+02    0.303302873731763623E+00   -0.510859589552325932E+01
    0.326552990429292834E+03   -0.196157751778745881E+01    0.146769480186660779E+02    0.510056068824276778E+02    0.303302873731763623E+00   -0.510859589552325932E+01
    0.707310119881213950E+03   -0.150587680325213835E+01    0.129427085323287336E+02    0.518809978691720772E+02    0.260808234327805810E+00   -0.510574652418094299E+01
    0.972461734436655547E+03   -0.174121816308343469E+01    0.138704249822729935E+02    0.516964719116482527E+02    0.253194446458611166E+00   -0.509358388762865300E+01
    0.397270156591152841E+03   -0.212156109076331401E+01    0.144711087154387616E+02    0.503902554659187203E+02    0.351398879975888034E+00   -0.507860434842153641E+01
    0.249817524279771277E+03   -0.224683978728917566E+01    0.148070420384166912E+02    0.498385044380279041E+02    0.283454151129467979E+00   -0.507684179553162540E+01
    0.320414130680271171E+03   -0.199933417439007144E+01    0.134562808004895160E+02    0.506600739894194874E+02    0.325417423782604631E+00   -0.506982698073040439E+01
    0.320414130680271171E+03   -0.199933417439007144E+01    0.134562808004895160E+02    0.506600739894194874E+02    0.325417423782604631E+00   -0.506982698073040439E+01
    0.258312711960657623E+03   -0.166823283611975093E+01    0.133346668478284371E+02    0.514179535060200621E+02    0.483155058258764258E+00   -0.506743816678167569E+01
    0.357021841332994256E+03   -0.163596530493667824E+01    0.130172152696310093E+02    0.513577255426908152E+02    0.335035483505119969E+00   -0.506065092806305916E+01
    0.357021841332994256E+03   -0.163596530493667824E+01    0.130172152696310093E+02    0.513577255426908152E+02    0.335035483505119969E+00   -0.506065092806305916E+01
    0.848283939760576459E+03   -0.177642115559006086E+01    0.135157293898523889E+02    0.513818375037955235E+02    0.124693608134350070E+00   -0.505419020678256459E+01
    0.308539042521154343E+02   -0.293229577966511989E+01    0.141583554524737316E+02    0.475459384152732056E+02    0.350637602001476978E+00   -0.505079808287630350E+01
    0.600924998094918237E+03   -0.190501459863208877E+01    0.145769667757327923E+02    0.509709434315592631E+02    0.247904917709444450E+00   -0.500754413317639635E+01
    0.782296480815261134E+03   -0.171626213470003197E+01    0.138115667884439102E+02    0.514879106298697167E+02    0.634897717248647103E-01   -0.500491297765521370E+01
    0.895517047390207381E+03   -0.162400137967346092E+01    0.137190418082151453E+02    0.518589721957809786E+02    0.347349363158747787E-01   -0.499729729574073023E+01
    0.379130043110217002E+03   -0.210957265263762483E+01    0.140520110234560391E+02    0.506013026579070200E+02    0.641536592279487727E-01   -0.499639496442434616E+01
    0.844677968756536529E+03   -0.148243858486152957E+01    0.129369396549007387E+02    0.519656385260629960E+02    0.135461318515799373E+00   -0.498713583730349974E+01
    0.268390347735177954E+03   -0.174691522248211406E+01    0.126289954721315034E+02    0.510526782216838626E+02    0.416030708150714135E+00   -0.497969535404561459E+01
    0.389848653446685717E+03   -0.187107098122194460E+01    0.140121427275653971E+02    0.509169673189115457E+02    0.405994766485548386E+00   -0.495990691305879849E+01
    0.122523126201531113E+03   -0.248408508228655789E+01    0.139056682853964446E+02    0.489180430745093702E+02    0.124532049447768647E+00   -0.495542197250315386E+01
    0.122523126201531113E+03   -0.248408508228655789E+01    0.139056682853964446E+02    0.489180430745093702E+02    0.124532049447768647E+00   -0.495542197250315386E+01
    0.169132169104498701E+03   -0.136792719769594617E+01    0.117471494215775039E+02    0.517033522993079231E+02    0.490876225607003502E+00   -0.495501797802144672E+01
    0.169132169104498701E+03   -0.136792719769594617E+01    0.117471494215775039E+02    0.517033522993079231E+02    0.490876225607003502E+00   -0.495501797802144672E+01
    0.747327640585169661E+03   -0.159810821970454064E+01    0.126325537040115528E+02    0.516976576102761953E+02    0.879751509587196334E-01   -0.495323779453811852E+01
    0.417457996999288184E+03   -0.205590830186474260E+01    0.138380067169012122E+02    0.503352287596908710E+02    0.904103542026281695E-02   -0.495152315948836907E+01
    0.430107707045150391E+03   -0.237383988507209409E+01    0.149471069416606568E+02    0.496893198410681265E+02    0.571716426756810406E-01   -0.494178582003283129E+01
    0.296395407853833603E+03   -0.219670808043768773E+01    0.146133975321284133E+02    0.500313802577521969E+02    0.148656572328627584E+00   -0.493686181974534222E+01
    0.566473408102945299E+02   -0.218909416628666698E+01    0.120501053283942650E+02    0.494608221009573654E+02    0.723138011554759347E-01   -0.492645050230595682E+01
    0.971060718397915537E+02   -0.253744297422128984E+01    0.132972313375724589E+02    0.487560579862160921E+02    0.153126522464506476E+00   -0.492347613728427991E+01
    0.955377568465925492E+03   -0.206828844450748406E+01    0.145579913670666805E+02    0.507435393275048980E+02    0.104124091752093532E-01   -0.491784841191096334E+01
    0.172732446997221615E+03   -0.213562709668678119E+01    0.128477211774476014E+02    0.501641572260702873E+02    0.169224812355275561E+00   -0.491457936403669926E+01
    0.784519168704832452E+02   -0.268269408043629198E+01    0.131872750546241893E+02    0.483305601719404123E+02    0.503574068561274610E-01   -0.490091224658676161E+01
    0.535712274632320032E+03   -0.205639999023281295E+01    0.138374980052989596E+02    0.506938201721287456E+02    0.462156258035765141E-01   -0.489549555334285280E+01
    0.437105584283070641E+03   -0.158063642376009916E+01    0.131390029215830442E+02    0.516491449387861579E+02    0.289696904952876810E+00   -0.489252691691003072E+01
    0.666986612592662823E+03   -0.209003705848518706E+01    0.148782729782686847E+02    0.508558083277873010E+02    0.137539807681377024E+00   -0.488870982665584108E+01
    0.847398309051507113E+03   -0.168649201109524327E+01    0.146435033717939938E+02    0.517609616275389328E+02    0.486382573248441308E+00   -0.488255616365114964E+01
    0.311712774517200444E+03   -0.233469852674594014E+01    0.144860431291118275E+02    0.499497481195433508E+02    0.775669491129762356E-01   -0.488188275280923722E+01
    0.311712774517200444E+03   -0.233469852674594014E+01    0.144860431291118275E+02    0.499497481195433508E+02    0.775669491129762356E-01   -0.488188275280923722E+01
    0.432081609323221073E+03   -0.212210585070129376E+01    0.139151458124883689E+02    0.504265407561211489E+02    0.116945053573006941E+00   -0.484948564527862658E+01
    0.432081609323221073E+03   -0.212210585070129376E+01    0.139151458124883689E+02    0.504265407561211489E+02    0.116945053573006941E+00   -0.484948564527862658E+01
    0.868817221888599988E+03   -0.187809841862030824E+01    0.147752417147687556E+02    0.512539116086862023E+02    0.725666684413465435E-01   -0.484687561212536355E+01
    0.868817221888599988E+03   -0.187809841862030824E+01    0.147752417147687556E+02    0.512539116086862023E+02    0.725666684413465435E-01   -0.484687561212536355E+01
    0.236792070964340070E+03   -0.198017410915106051E+01    0.144392797684196701E+02    0.508870524254834322E+02    0.419083332086828464E+00   -0.483937270062551050E+01
    0.236792070964340070E+03   -0.198017410915106051E+01    0.144392797684196701E+02    0.508870524254834322E+02    0.419083332086828464E+00   -0.483937270062551050E+01
    0.296133447867448297E+03   -0.133822985322168364E+01    0.112491057974984336E+02    0.517183575977402086E+02    0.142123153116349210E+00   -0.482765149820190498E+01
    0.296133447867448297E+03   -0.133822985322168364E+01    0.112491057974984336E+02    0.517183575977402086E+02    0.142123153116349210E+00   -0.482765149820190498E+01
    0.566685486543814818E+03   -0.161560936918656095E+01    0.123237821189564709E+02    0.516428700030939822E+02    0.553477966153382503E-01   -0.481052919166426474E+01
    0.302865303087854727E+03   -0.209940118374741580E+01    0.140990745088297480E+02    0.503839468115943845E+02    0.274603362009815631E-01   -0.480177153919630051E+01
    0.189914802290334677E+03   -0.118400750022449319E+01    0.111568600168619234E+02    0.519523723641374957E+02    0.442532103861155490E+00   -0.479769577235733102E+01
    0.189914802290334677E+03   -0.118400750022449319E+01    0.111568600168619234E+02    0.519523723641374957E+02    0.442532103861155490E+00   -0.479769577235733102E+01
    0.366191562068635960E+03   -0.214607845301976452E+01    0.137378849534106582E+02    0.503054552196513356E+02    0.103428885717877228E+00   -0.479020712327817044E+01
    0.366191562068635960E+03   -0.214607845301976452E+01    0.137378849534106582E+02    0.503054552196513356E+02    0.103428885717877228E+00   -0.479020712327817044E+01
    0.537684044653977708E+03   -0.157709245443781620E+01    0.133853016359371590E+02    0.517373216921031869E+02    0.357055763644041901E+00   -0.477351428089476837E+01
    0.537684044653977708E+03   -0.157709245443781620E+01    0.133853016359371590E+02    0.517373216921031869E+02    0.357055763644041901E+00   -0.477351428089476837E+01
    0.523838976487918899E+03   -0.160983322586606148E+01    0.132445000067376011E+02    0.516071903480825682E+02    0.248781703941430343E+00   -0.476085652028548800E+01
    0.167351534326183526E+03   -0.256801912110639918E+01    0.146742623701171926E+02    0.488705635042071194E+02    0.956289622648975324E-01   -0.475546616075605488E+01
    0.691556349965092778E+02   -0.221003642124326882E+01    0.124973031886490702E+02    0.496990377641930507E+02    0.145672823556431769E+00   -0.475038006550425074E+01
    0.691556349965092778E+02   -0.221003642124326882E+01    0.124973031886490702E+02    0.496990377641930507E+02    0.145672823556431769E+00   -0.475038006550425074E+01
    0.578558459627194679E+03   -0.202476495405519419E+01    0.147520813250908969E+02    0.506776522214113641E+02    0.135979313993416201E+00   -0.474781807280020018E+01
    0.578558459627194679E+03   -0.202476495405519419E+01    0.147520813250908969E+02    0.506776522214113641E+02    0.135979313993416201E+00   -0.474781807280020018E+01
    0.103084824040900742E+03   -0.209040576487089869E+01    0.130327912771646641E+02    0.502997905951841275E+02    0.322981665679993701E+00   -0.474761309015619748E+01
    0.103084824040900742E+03   -0.209040576487089869E+01    0.130327912771646641E+02    0.502997905951841275E+02    0.322981665679993701E+00   -0.474761309015619748E+01
    0.512850075099856213E+03   -0.165303966663689517E+01    0.124265920224973030E+02    0.514111861997774895E+02    0.854333098172858074E-01   -0.474290963797121545E+01
    0.885211193355726891E+03   -0.152274643991500280E+01    0.130956019942411217E+02    0.519715337391320631E+02    0.236583723786222208E-01   -0.474113938544194990E+01
    0.144161658878496354E+03   -0.203325601543769041E+01    0.128540357785209007E+02    0.502497320176174469E+02    0.480869428460982073E+00   -0.471422406881633638E+01
    0.403235978445210677E+02   -0.286663545338581383E+01    0.133809525310661925E+02    0.479354905664883191E+02    0.307760155587616935E+00   -0.471084916642495521E+01
    0.532801573453543028E+03   -0.181863335212981614E+01    0.134721148820431669E+02    0.511204400612939480E+02    0.210855010781813151E+00   -0.471070917632440445E+01
    0.532801573453543028E+03   -0.181863335212981614E+01    0.134721148820431669E+02    0.511204400612939480E+02    0.210855010781813151E+00   -0.471070917632440445E+01
    0.395857435088867220E+02   -0.257041676535625374E+01    0.126628837896565472E+02    0.483820368002980956E+02    0.122364282123675477E+00   -0.470061912966253015E+01
    0.735311480043286139E+02   -0.249520326578512419E+01    0.132180878698263715E+02    0.487426595450425921E+02    0.176775378483359280E+00   -0.469406835533092970E+01
    0.320803864354863322E+03   -0.160767828361760490E+01    0.126502239368813463E+02    0.517271803579536709E+02    0.482453830530130801E+00   -0.469373741228488495E+01
    0.428558586495607585E+03   -0.203691871332815522E+01    0.140698153545483251E+02    0.504913778743579371E+02    0.411199523468694789E-01   -0.469277263764404218E+01
    0.428558586495607585E+03   -0.203691871332815522E+01    0.140698153545483251E+02    0.504913778743579371E+02    0.411199523468694789E-01   -0.469277263764404218E+01
    0.131352212285569834E+03   -0.188244812193345590E+01    0.121185102689055881E+02    0.503888237897527915E+02    0.350416938168051306E+00   -0.467639144261387152E+01
    0.258401398927660864E+03   -0.206505653340510431E+01    0.142495143242624778E+02    0.507027531072793280E+02    0.279957524176526640E+00   -0.466860242784592128E+01
    0.258401398927660864E+03   -0.206505653340510431E+01    0.142495143242624778E+02    0.507027531072793280E+02    0.279957524176526640E+00   -0.466860242784592128E+01
    0.174822538785319608E+03   -0.210456139789019314E+01    0.135996214904935631E+02    0.500808315054226796E+02    0.395980392786997648E+00   -0.466806663418087986E+01
    0.964124103553480609E+03   -0.178844098105812321E+01    0.147637285842755013E+02    0.515749259572055792E+02    0.144741936689707501E+00   -0.466422071066715027E+01
    0.118727512846791953E+03   -0.200963627542656242E+01    0.131757828473052356E+02    0.503307614134491246E+02    0.441673825508025586E+00   -0.463825128170739909E+01
    0.449022375882420533E+03   -0.155670828755259372E+01    0.136388327964036069E+02    0.519754765863727712E+02    0.434403315786760502E+00   -0.463300302307992329E+01
    0.356062153339814586E+03   -0.182910754932144215E+01    0.137152627630038140E+02    0.510131105646857819E+02    0.379742207267925347E+00   -0.463038048921046563E+01
    0.356062153339814586E+03   -0.182910754932144215E+01    0.137152627630038140E+02    0.510131105646857819E+02    0.379742207267925347E+00   -0.463038048921046563E+01
    0.445307674671052268E+03   -0.153024298415512927E+01    0.121770522435023238E+02    0.515715605991429200E+02    0.127626321367131701E+00   -0.462655143429603299E+01
    0.529006212825658281E+03   -0.191384732358610599E+01    0.142015212831412789E+02    0.509374770159486019E+02    0.131537061294395796E+00   -0.462326510140438263E+01
    0.264511615202212624E+03   -0.224659162404698520E+01    0.137987133835676410E+02    0.498135301286942038E+02    0.894636041936001242E-01   -0.461736562350791324E+01
    0.706442316501681034E+03   -0.182821489461672870E+01    0.141044799272194421E+02    0.512248362267683746E+02    0.183761705765161598E+00   -0.460140385965609156E+01
    0.706442316501681034E+03   -0.182821489461672870E+01    0.141044799272194421E+02    0.512248362267683746E+02    0.183761705765161598E+00   -0.460140385965609156E+01
    0.473950245602988105E+03   -0.186140888382165048E+01    0.132025371704141357E+02    0.508884082115239593E+02    0.637709718244931917E-01   -0.459605705447942103E+01
    0.882906072179865760E+03   -0.166522030060370207E+01    0.141950852525049136E+02    0.517780329013599072E+02    0.318290887085349750E+00   -0.459349246819288215E+01
    0.472624784625127234E+03   -0.197746250039863192E+01    0.145795380509200321E+02    0.507790483765051306E+02    0.254995653450407034E+00   -0.459082317979071242E+01
    0.693369313352530526E+03   -0.208446088100686744E+01    0.149245752033718624E+02    0.508074012641855575E+02    0.206640724304501672E+00   -0.458287784476720539E+01
    0.568121306041828916E+03   -0.197332939400365381E+01    0.136269087207544572E+02    0.508062244765413098E+02    0.514079313689836878E-01   -0.457798355051804595E+01
    0.568121306041828916E+03   -0.197332939400365381E+01    0.136269087207544572E+02    0.508062244765413098E+02    0.514079313689836878E-01   -0.457798355051804595E+01
    0.831397014593953486E+03   -0.169482503782618998E+01    0.133668530794283118E+02    0.515141416829947687E+02    0.442660319104140124E-01   -0.457779190384052104E+01
    0.779317800190325102E+03   -0.183598175768435512E+01    0.136514989153343933E+02    0.512541372582302515E+02    0.899601210304678267E-01   -0.457100222208632978E+01
    0.415877768734025324E+03   -0.164239134865997194E+01    0.133600482071170656E+02    0.518222685502222618E+02    0.535925415767880553E+00   -0.456893958750308382E+01
    0.503232173991006619E+03   -0.190544565083356554E+01    0.141333857918576378E+02    0.511724308440457136E+02    0.365355424528399531E+00   -0.456510502423392417E+01
    0.850497167472426327E+03   -0.181230111598013632E+01    0.142932677886881052E+02    0.513711067732988980E+02    0.775285463636495309E-01   -0.456319461779246183E+01
    0.850497167472426327E+03   -0.181230111598013632E+01    0.142932677886881052E+02    0.513711067732988980E+02    0.775285463636495309E-01   -0.456319461779246183E+01
    0.409510653549359006E+03   -0.190235640676951867E+01    0.130981320184947858E+02    0.508871638498751437E+02    0.128076443038940613E+00   -0.455538547226046742E+01
    0.432360509755213059E+03   -0.231395173647831509E+01    0.146412468007604488E+02    0.498709148465793461E+02    0.208787943160462230E-01   -0.455535944981072927E+01
    0.613913607430288039E+03   -0.196974809393055894E+01    0.149945955875334782E+02    0.511679160959884740E+02    0.418347214150928237E+00   -0.455523373112310281E+01
    0.158403173135220271E+03   -0.236585294627763565E+01    0.132917420557732449E+02    0.492855455485438867E+02    0.456788056931263162E-02   -0.455391927244960648E+01
    0.364126060444911275E+03   -0.151147762354570148E+01    0.120857204131024929E+02    0.518688811708825597E+02    0.269116568243755627E+00   -0.455272449711156657E+01
    0.364126060444911275E+03   -0.151147762354570148E+01    0.120857204131024929E+02    0.518688811708825597E+02    0.269116568243755627E+00   -0.455272449711156657E+01
    0.533055101314255808E+03   -0.205105727102111901E+01    0.142104079724217200E+02    0.505343518621627013E+02    0.420588575999245803E-01   -0.454466074939454945E+01
    0.412803285789706649E+03   -0.212698218417717966E+01    0.147561076128404594E+02    0.506515369324954463E+02    0.186014510043192194E+00   -0.454418797753785686E+01
    0.459108860792961622E+02   -0.176273983953979396E+01    0.104633668271824778E+02    0.501961299517662383E+02    0.141346613004192628E+00   -0.454344784496398990E+01
    0.459108860792961622E+02   -0.176273983953979396E+01    0.104633668271824778E+02    0.501961299517662383E+02    0.141346613004192628E+00   -0.454344784496398990E+01
    0.593463767987440860E+03   -0.163511492157376104E+01    0.127732598687686938E+02    0.516120020324715512E+02    0.169256171683168699E+00   -0.454320899646557042E+01
    0.329451593861429728E+03   -0.198780930377444864E+01    0.146523847106978913E+02    0.509084840726840184E+02    0.315515122712389517E+00   -0.454263994383775049E+01
    0.207918127704980549E+03   -0.206836863173822438E+01    0.139480697409234899E+02    0.506193152070640267E+02    0.466379388385073312E+00   -0.453395340374257394E+01
    0.269310302560805553E+03   -0.217157163196606540E+01    0.141118494686917337E+02    0.500497136472673603E+02    0.198054938025096827E+00   -0.452636678287070993E+01
    0.313024918502157618E+03   -0.208072192969623515E+01    0.139976202558118210E+02    0.505725406723663440E+02    0.324460351840033301E+00   -0.452059478992188435E+01
    0.464521370194189274E+03   -0.209806771060492281E+01    0.147619148651709615E+02    0.504747567370522034E+02    0.117856406930996874E+00   -0.451708083699092011E+01
    0.986511200093768394E+02   -0.152296817509722260E+01    0.113237834689206878E+02    0.510814602132024618E+02    0.525327660199573221E+00   -0.451568798692325668E+01
    0.667570432572589652E+03   -0.201874852332685650E+01    0.144791412254756899E+02    0.507363300535140525E+02    0.904257095103137842E-01   -0.451364473325239857E+01
    0.542180368248959681E+02   -0.224787977251209892E+01    0.116007168293737752E+02    0.493715720072397772E+02    0.117708444705144979E+00   -0.450932574323906188E+01
    0.470328817868394708E+03   -0.170585463744940746E+01    0.137509786419808933E+02    0.515543123552318434E+02    0.545674546211614930E+00   -0.450875203598809104E+01
    0.479400844325554203E+03   -0.173262861893721798E+01    0.125794975434122822E+02    0.512648600465781286E+02    0.618482024932937857E-01   -0.450851122286086703E+01
    0.329181100418085066E+03   -0.195746187030047158E+01    0.143609182426488395E+02    0.510710155744650294E+02    0.416513627450193713E+00   -0.450596406660502158E+01
    0.223956989283384843E+03   -0.223159872924908909E+01    0.133157588990856812E+02    0.498274431646941096E+02    0.657277325518740296E-01   -0.449486586146099043E+01
    0.846925878568992971E+03   -0.167224650324014901E+01    0.131023633517524729E+02    0.515767627384323788E+02    0.243913567389443253E-01   -0.448987887603762648E+01
    0.493918174466002938E+03   -0.165061249678121014E+01    0.137429149843371583E+02    0.516715031193473422E+02    0.351621521074555576E+00   -0.448272913300302367E+01
    0.493918174466002938E+03   -0.165061249678121014E+01    0.137429149843371583E+02    0.516715031193473422E+02    0.351621521074555576E+00   -0.448272913300302367E+01
    0.507904808439937483E+02   -0.286609199135682058E+01    0.132322974564820033E+02    0.478884917903296454E+02    0.531758533940407743E-01   -0.448247352257999676E+01
    0.255570240005089602E+03   -0.204701021073693923E+01    0.128846589817438222E+02    0.503571050600419952E+02    0.904871907808463272E-01   -0.447475727923659505E+01
    0.394113040185182854E+03   -0.218736593499603948E+01    0.145896903741694821E+02    0.501571609336947120E+02    0.496819527742351011E-01   -0.446111115325203489E+01
    0.192726024199345886E+03   -0.172906599870755695E+01    0.120065302283717266E+02    0.508921762274741596E+02    0.276749265615250317E+00   -0.445992096426804974E+01
    0.436465933105543016E+02   -0.277368454260881814E+01    0.134788187085841642E+02    0.481532449628865606E+02    0.399985807389929671E+00   -0.445739046223274471E+01
    0.328294813799934104E+03   -0.192000426965504989E+01    0.141478880952375690E+02    0.508453137039764300E+02    0.408280072901018753E+00   -0.445546740390881180E+01
    0.194306535795845349E+03   -0.215531700585607577E+01    0.129970731514756555E+02    0.499776646931087924E+02    0.136203991454542706E+00   -0.444946344885081757E+01
    0.589916353139892749E+03   -0.185061056765249088E+01    0.140429629700881726E+02    0.512305387597944915E+02    0.515388140627560873E-01   -0.444936932906516347E+01
    0.114964664325057413E+03   -0.237662341677941580E+01    0.135710745563736843E+02    0.495822937888103183E+02    0.178915540064342571E+00   -0.444796676470748764E+01
    0.773222859995904969E+03   -0.181588383663817021E+01    0.137469248135783229E+02    0.514824082800192997E+02    0.805045342442320400E-01   -0.444735369333617836E+01
    0.593600595637490756E+03   -0.182352765790739824E+01    0.134542146084755476E+02    0.513508783123896535E+02    0.963021821378043791E-01   -0.444733189641356486E+01
    0.614925405012968554E+03   -0.165507815046238438E+01    0.132442983362998667E+02    0.517609623379122397E+02    0.292900337679694422E+00   -0.444368894088629318E+01
    0.957625986259259776E+03   -0.189569897483627026E+01    0.146086036384776818E+02    0.512327286585173240E+02    0.150251844309340271E+00   -0.443105808492930908E+01
    0.251501734695614999E+03   -0.199303054098554266E+01    0.134022054317809811E+02    0.507430424640452102E+02    0.268698975315489808E+00   -0.442903653597257208E+01
    0.110707750673960589E+03   -0.265956987803668099E+01    0.140316416642910031E+02    0.487715744239531972E+02    0.100147794778277358E+00   -0.442751014356738537E+01
    0.331830020751195548E+03   -0.198726377632156481E+01    0.135481391406656222E+02    0.505986102129837008E+02    0.241994751997051338E+00   -0.442714204825132551E+01
    0.805887755201762161E+03   -0.204569713694344735E+01    0.146355552805814568E+02    0.509077708200829235E+02    0.828914269662288927E-01   -0.442049923631762098E+01
    0.426968600452110365E+03   -0.173278602599278253E+01    0.134195561363105114E+02    0.514257607603693856E+02    0.445644790543454183E+00   -0.440842437861458780E+01
    0.562034691613042469E+03   -0.173870677837112275E+01    0.132859381020867353E+02    0.514093601487159333E+02    0.231725653614022781E+00   -0.440737167800016039E+01
    0.516885050008113922E+03   -0.214115786252301987E+01    0.148862965160160385E+02    0.504484188824038071E+02    0.222146649792946571E+00   -0.440231562791945130E+01
    0.520183100853686938E+03   -0.199093753632081771E+01    0.149507004977319191E+02    0.508392697322836895E+02    0.331470571190630114E+00   -0.440218789791640841E+01
    0.725601036887816690E+03   -0.157724047950219282E+01    0.126367831024864614E+02    0.517783144611746238E+02    0.706073586096200856E-01   -0.440088559771965393E+01
    0.301928797486082146E+03   -0.164277874337894669E+01    0.132470758224161376E+02    0.514993664484395950E+02    0.513073771622729713E+00   -0.440060804085716839E+01
    0.223968150977392270E+03   -0.233690485428792805E+01    0.138010075151825227E+02    0.497105575321766580E+02    0.741109591490533154E-01   -0.439622055124995992E+01
    0.135072898911744460E+03   -0.185286377461354856E+01    0.125749887414180694E+02    0.507172186322125427E+02    0.336369482794883823E+00   -0.439564067699363825E+01
    0.180149657352012895E+03   -0.143027774267828178E+01    0.117385060164621908E+02    0.516022669202855866E+02    0.498228539828337591E+00   -0.439560587584586848E+01
    0.818756562838863488E+03   -0.167588203387201640E+01    0.129366709655859982E+02    0.516464942961212898E+02    0.109786124202761320E-01   -0.439113653741726573E+01
    0.498195041312087142E+03   -0.184256907558278726E+01    0.132949771582713296E+02    0.512481939161932658E+02    0.220239262255731254E-01   -0.438750842786564643E+01
    0.980376189970421706E+03   -0.181243804965253386E+01    0.147870245084013909E+02    0.515714880660054149E+02    0.338547429683519363E+00   -0.438548106519586334E+01
    0.435249894794728334E+03   -0.142405484223846113E+01    0.121969190194024026E+02    0.519741735095060875E+02    0.326062347131721608E+00   -0.438531556493258279E+01
    0.574092996218223334E+03   -0.155129882594449642E+01    0.125620044481592608E+02    0.516844013286215542E+02    0.816131760869923534E-01   -0.438239260987895651E+01
    0.873419553253771028E+03   -0.180526575982679693E+01    0.145225217736715067E+02    0.515207241825073723E+02    0.993082893111497528E-01   -0.438173638479212446E+01
    0.760602902522408499E+03   -0.161506066646301960E+01    0.130709819195114072E+02    0.516903540883082684E+02    0.559013167470501227E-01   -0.437632075399075759E+01
    0.623817789547456414E+03   -0.192456496669387711E+01    0.136161962586338667E+02    0.509580188399546756E+02    0.370140441416384747E-01   -0.437352669538838601E+01
    0.629611220070934721E+02   -0.276448019535103029E+01    0.135647912952138565E+02    0.482019671054378662E+02    0.171163770795406678E+00   -0.437092597364594582E+01
    0.599009554911121313E+03   -0.149130541348370782E+01    0.127842844353519975E+02    0.519306497120494868E+02    0.203012163327059514E+00   -0.436998881029929009E+01
    0.867465998548174070E+03   -0.167165319518201905E+01    0.135956203971818450E+02    0.517270157111566462E+02    0.983531195206406410E-02   -0.436872712162663213E+01
    0.465633576795825377E+03   -0.198353455644139798E+01    0.148467283221636208E+02    0.508894451369528937E+02    0.265475607117007684E+00   -0.436043914639663388E+01
    0.342355927918816121E+03   -0.172832740450289979E+01    0.124695866929416859E+02    0.513030950373107686E+02    0.152903238516802542E+00   -0.435838830794418719E+01
    0.717187437671814109E+03   -0.182901759604248504E+01    0.134547406745737348E+02    0.513356177859104861E+02    0.230212803926936882E-01   -0.435787888140074031E+01
    0.152828458798085023E+03   -0.167598513974056651E+01    0.123773187118880212E+02    0.513453777263836884E+02    0.428402450047289329E+00   -0.435732682829960449E+01
    0.787159070490463819E+03   -0.168105391726966236E+01    0.142439587524560203E+02    0.517564951694737232E+02    0.375438838349491100E+00   -0.435379545992880956E+01
    0.324219559038308091E+03   -0.162484573089606066E+01    0.129332824240752942E+02    0.517489572928799646E+02    0.504248456008994150E+00   -0.435274596111962353E+01
    0.856448871064204241E+03   -0.178167657373325650E+01    0.135348728362368771E+02    0.515155625782085593E+02    0.473367247083721979E-01   -0.434935262923419419E+01
    0.619563383430383055E+03   -0.205359465726680623E+01    0.149066144468040687E+02    0.507343112196261288E+02    0.648103023402481354E-01   -0.434070884471010121E+01
    0.841970178795891400E+02   -0.246823564821678065E+01    0.135676177318977622E+02    0.490623492458906298E+02    0.154236442386966127E+00   -0.434012632134262955E+01
    0.256435365946052968E+03   -0.246945959835701601E+01    0.147905387427887423E+02    0.495157137733457589E+02    0.100843684119408555E+00   -0.433955596030423596E+01
    0.329235372851646275E+03   -0.188271038160056525E+01    0.138877736318415010E+02    0.509284563261864491E+02    0.383228381206705659E+00   -0.433877227215456429E+01
    0.841326845944838624E+02   -0.177488607441333102E+01    0.115695088922942730E+02    0.504611084624852140E+02    0.397713969927332933E+00   -0.433743918363240244E+01
    0.903942397685333162E+03   -0.196420488356937817E+01    0.144838620674420433E+02    0.511143989026937149E+02    0.961160453604918141E-01   -0.433654491254066965E+01
    0.677957574338298855E+03   -0.180474724722539337E+01    0.145432149483564181E+02    0.515634641555213307E+02    0.459683830735886367E+00   -0.433623368524627928E+01
    0.143117518043135760E+03   -0.153521104238024986E+01    0.117283034418419732E+02    0.516173831950005422E+02    0.420137401656498377E+00   -0.433313692226224223E+01
    0.210690665971956662E+03   -0.198459084480356429E+01    0.134120177525083761E+02    0.506159057667946044E+02    0.242438730811432884E+00   -0.410224816000657011E+01
    0.196731672558957001E+03   -0.218044301175414645E+01    0.132625218782683429E+02    0.499158206493468768E+02    0.117336317088729991E+00   -0.419978384350572309E+01
    0.332790521695023301E+03   -0.219172134358865911E+01    0.147806187924778456E+02    0.503449238221374031E+02    0.319002592311899646E+00   -0.403946708084081063E+01
    0.332790521695023301E+03   -0.219172134358865911E+01    0.147806187924778456E+02    0.503449238221374031E+02    0.319002592311899646E+00   -0.403946708084081063E+01
    0.272899447225870176E+03   -0.223486029446933232E+01    0.145953960271668137E+02    0.500907422559613309E+02    0.161704424688268594E+00   -0.404066609917028874E+01
    0.281661988319205818E+03   -0.212562019849878281E+01    0.141261098026947565E+02    0.502998999586431310E+02    0.223291862900438842E+00   -0.402518222877049503E+01
    0.339782149134103804E+03   -0.212299520747280290E+01    0.146046002322960149E+02    0.504959002154103302E+02    0.204059941691974750E+00   -0.396171563021619422E+01
    0.289381684727020797E+03   -0.203542903804249597E+01    0.134025994021764578E+02    0.505268009859506435E+02    0.125271606647261446E+00   -0.395247247163714910E+01
    0.291193124498780890E+03   -0.225979059452686837E+01    0.147814516244829939E+02    0.501309011871759864E+02    0.152176742236216023E+00   -0.400705791045329196E+01
    0.165549222081787065E+03   -0.205884691485839344E+01    0.131677643117614913E+02    0.503232103555921313E+02    0.209878063663213571E+00   -0.401404734050972500E+01
    0.894707004640671215E+02   -0.215123092056786325E+01    0.126246319485203635E+02    0.498422750264538621E+02    0.309504667974848213E+00   -0.390579360286091548E+01
    0.330905290237739280E+03   -0.199231921832424774E+01    0.137626835044883737E+02    0.507164637802479987E+02    0.339266973791374937E+00   -0.432008528438659489E+01
    0.259673073710676647E+03   -0.197794242076811599E+01    0.134107140711200490E+02    0.507398748375044519E+02    0.280832093727720278E+00   -0.405203291357431272E+01
    0.192058720315043217E+03   -0.208803123941070368E+01    0.140529992808503756E+02    0.505271929847740040E+02    0.419456863723641438E+00   -0.409073557134139598E+01
    0.244475305849994783E+03   -0.196011970844301242E+01    0.131901537451798809E+02    0.506810399021179094E+02    0.270017575782578401E+00   -0.394903445375983386E+01
    0.302287584275415554E+03   -0.211733923846223471E+01    0.137986309727388843E+02    0.503350934034124577E+02    0.121341296621685739E-01   -0.403990381525178321E+01
    0.362357819552755132E+03   -0.221515873736124824E+01    0.141545873961872601E+02    0.500769123467441446E+02    0.389639760178772665E-01   -0.419142323714189402E+01
    0.661965067404474752E+02   -0.226320021444070907E+01    0.123571654650769212E+02    0.494649094298449725E+02    0.246761385832647562E+00   -0.387321032254475561E+01
    0.661965067404474752E+02   -0.226320021444070907E+01    0.123571654650769212E+02    0.494649094298449725E+02    0.246761385832647562E+00   -0.387321032254475561E+01
    0.678678672639024541E+02   -0.245996533223710312E+01    0.127722824441207621E+02    0.490245363963320528E+02    0.122278687881256370E+00   -0.390044435115101473E+01
    0.678678672639024541E+02   -0.245996533223710312E+01    0.127722824441207621E+02    0.490245363963320528E+02    0.122278687881256370E+00   -0.390044435115101473E+01
    0.128019195929975695E+03   -0.236807921767285467E+01    0.137437009007858002E+02    0.495159850720320449E+02    0.227620885126057965E+00   -0.385590970832729329E+01
    0.123119748212641383E+03   -0.243013384989426662E+01    0.139559498464154359E+02    0.494091423948892299E+02    0.323225150997280553E+00   -0.406502298608234369E+01
    0.249741604121651818E+03   -0.203352013611429250E+01    0.142299621962318561E+02    0.506532109836496787E+02    0.338872072708585714E+00   -0.416127396986474896E+01
    0.335228832138120083E+03   -0.224694069858761170E+01    0.145625538388582516E+02    0.500530636036932677E+02    0.131629626616484474E+00   -0.402288094609651736E+01
    0.335228832138120083E+03   -0.224694069858761170E+01    0.145625538388582516E+02    0.500530636036932677E+02    0.131629626616484474E+00   -0.402288094609651736E+01
    0.240099929332506747E+03   -0.226640344593882315E+01    0.143065712393230164E+02    0.499134540731521952E+02    0.574398614063646798E-01   -0.428821824025850873E+01
    0.727881598101485281E+02   -0.236123511821522847E+01    0.129495347392228659E+02    0.493524326114951108E+02    0.276514587731340911E+00   -0.384739481870024491E+01
    0.146422713418066849E+03   -0.213479019646461854E+01    0.135079619881231530E+02    0.500894614748303582E+02    0.334183694680166510E+00   -0.408111130630455765E+01
    0.217822841369256935E+03   -0.224961764634115902E+01    0.146342793008591592E+02    0.501553694267123475E+02    0.268767034244102976E+00   -0.422110968209467430E+01
    0.867118825681522623E+02   -0.220614468080024206E+01    0.125553215508475766E+02    0.497034073862998369E+02    0.275372483528148859E+00   -0.389993851957757842E+01
    0.867118825681522623E+02   -0.220614468080024206E+01    0.125553215508475766E+02    0.497034073862998369E+02    0.275372483528148859E+00   -0.389993851957757842E+01
    0.318473305475886775E+03   -0.221284455345531361E+01    0.147568751948581358E+02    0.503377229396189065E+02    0.187853698051782508E+00   -0.426336609568259295E+01
    0.127385571857577091E+03   -0.192053508203142043E+01    0.124770215205230048E+02    0.504062414989274572E+02    0.327470709369809876E+00   -0.423296112245382528E+01
    0.438228276600981204E+02   -0.176391299796678691E+01    0.106883200938316367E+02    0.502603213887295581E+02    0.255527380828677819E+00   -0.398712498995572640E+01
    0.438228276600981204E+02   -0.176391299796678691E+01    0.106883200938316367E+02    0.502603213887295581E+02    0.255527380828677819E+00   -0.398712498995572640E+01
    0.152136356979358595E+03   -0.148968710753780043E+01    0.110376048683012957E+02    0.512673444110840677E+02    0.189855866105180043E+00   -0.429285898363363483E+01
    0.155117635667460121E+03   -0.151862800548709709E+01    0.115894447595411787E+02    0.513791556545677466E+02    0.389835430866606381E+00   -0.401652895389199482E+01
    0.406059118828098917E+02   -0.160751023406780469E+01    0.103565509749606086E+02    0.506102119158635091E+02    0.193650566899782828E+00   -0.405665160727908169E+01
    0.151730438919738106E+03   -0.167270102453818792E+01    0.121772499696808669E+02    0.510617742093324765E+02    0.414127205390189934E+00   -0.429879077785988351E+01
    0.168677248053705995E+03   -0.180252656935454336E+01    0.131107676647218661E+02    0.509982746243683991E+02    0.558885867907344513E+00   -0.420301733382754872E+01
    0.212650759751078709E+03   -0.184904131312973075E+01    0.129908687924210184E+02    0.508815709940186380E+02    0.344997779026818552E+00   -0.396697815093565742E+01
    0.212650759751078709E+03   -0.184904131312973075E+01    0.129908687924210184E+02    0.508815709940186380E+02    0.344997779026818552E+00   -0.396697815093565742E+01
    0.193183804919471072E+03   -0.184808185040279849E+01    0.131722350566721644E+02    0.508713156763209113E+02    0.522636791863663630E+00   -0.410643644219855286E+01
    0.465900860127945933E+02   -0.220087613354406963E+01    0.115624973435768386E+02    0.492999537808918689E+02    0.684535528164571527E-01   -0.397343493545439319E+01
    0.612444126472705364E+02   -0.251082870716467088E+01    0.131918449688299440E+02    0.487961770744507248E+02    0.270072920015262674E+00   -0.416306559997015579E+01
    0.341130937497064082E+02   -0.292799377734391708E+01    0.137162340578100341E+02    0.477585881272072967E+02    0.193528489531247655E+00   -0.390712182715876599E+01
    0.413440555289607374E+02   -0.271889554982821835E+01    0.131473551246988993E+02    0.482129009426151285E+02    0.346620958066673868E+00   -0.430548872448107467E+01
    0.549536742305391073E+02   -0.253080867134813436E+01    0.132172914422604215E+02    0.488387420722010575E+02    0.410997779712665934E+00   -0.397191258775691614E+01
    0.504666179456583563E+02   -0.255682743902709841E+01    0.131118811612906327E+02    0.486948649046685276E+02    0.258407131902391007E+00   -0.401680151730349255E+01
    0.389771928184017611E+02   -0.256170029478694161E+01    0.131000891604032788E+02    0.486280606822063817E+02    0.418695470788505164E+00   -0.411425800635252248E+01
    0.226708275853147292E+02   -0.233134543182670617E+01    0.114112522191522405E+02    0.488340350494943891E+02    0.265577196344481403E+00   -0.393622928173267361E+01
    0.416338653872894184E+02   -0.224880149556135667E+01    0.123219064850300128E+02    0.493853138387429027E+02    0.466345888053050217E+00   -0.411783333896807591E+01
    0.416338653872894184E+02   -0.224880149556135667E+01    0.123219064850300128E+02    0.493853138387429027E+02    0.466345888053050217E+00   -0.411783333896807591E+01
    0.390587825644604791E+02   -0.242683587832193393E+01    0.123494263030047158E+02    0.487783020801765943E+02    0.278501812532003179E+00   -0.423752618038977946E+01
    0.260118399916117255E+03   -0.171477234423436897E+01    0.128439544012290376E+02    0.512351404571545856E+02    0.319051418303450296E+00   -0.414099649670872871E+01
    0.439590925956850811E+03   -0.170409955246041855E+01    0.132470373378533406E+02    0.515869850769347025E+02    0.313789671712867313E+00   -0.407580277023613391E+01
    0.411013671914525332E+03   -0.190187169537711220E+01    0.142292174316041606E+02    0.511832091207540358E+02    0.422121211280853614E+00   -0.411968193422674922E+01
    0.323480967829932354E+03   -0.190482994923095994E+01    0.140218425072052995E+02    0.509705377584066284E+02    0.473780039431829503E+00   -0.400907040222514066E+01
    0.323480967829932354E+03   -0.190482994923095994E+01    0.140218425072052995E+02    0.509705377584066284E+02    0.473780039431829503E+00   -0.400907040222514066E+01
    0.425077838247549039E+03   -0.188093981629649187E+01    0.142762346356845065E+02    0.511457024510905995E+02    0.369470724061092548E+00   -0.390775533457257485E+01
    0.352275489599498144E+03   -0.175433451868892920E+01    0.133887648989135499E+02    0.512268149864152846E+02    0.320403978414937618E+00   -0.432991353488211317E+01
    0.463773465140960923E+03   -0.172731064392857681E+01    0.136931513913251983E+02    0.514409261673424751E+02    0.364696770602048304E+00   -0.415706680268684092E+01
    0.455730939607228322E+03   -0.163903110996867829E+01    0.135729726372802570E+02    0.516651071410769802E+02    0.470885716459621073E+00   -0.422732884694065270E+01
    0.484169230542182845E+03   -0.169927683795251250E+01    0.139716437890620639E+02    0.515666216372422355E+02    0.478161287020195169E+00   -0.425650284275389801E+01
    0.566089086600148562E+03   -0.179136076455864268E+01    0.139190565362703733E+02    0.513681943328094945E+02    0.332005235514482966E+00   -0.419845258670145505E+01
    0.566089086600148562E+03   -0.179136076455864268E+01    0.139190565362703733E+02    0.513681943328094945E+02    0.332005235514482966E+00   -0.419845258670145505E+01
    0.388291301230376973E+03   -0.191224016034317579E+01    0.138156020207603820E+02    0.510035467724361382E+02    0.350554113543066592E+00   -0.414906779007154203E+01
    0.547792137460141362E+03   -0.164554515403561963E+01    0.133807479931665139E+02    0.516467895849512857E+02    0.352716007291628053E+00   -0.431978458260695675E+01
    0.344281292254802736E+03   -0.211807587774885064E+01    0.149235960060909534E+02    0.506084759767475703E+02    0.359045117018340243E+00   -0.391742112506481588E+01
    0.357511569856879248E+03   -0.190551737369373164E+01    0.135119092710687667E+02    0.510190279478460695E+02    0.238954070002024482E+00   -0.411035962697614465E+01
    0.469779280214814605E+03   -0.177730351025043820E+01    0.136444079390482429E+02    0.513836296625442515E+02    0.271281415933313452E+00   -0.387250764527230906E+01
    0.469779280214814605E+03   -0.177730351025043820E+01    0.136444079390482429E+02    0.513836296625442515E+02    0.271281415933313452E+00   -0.387250764527230906E+01
    0.448878220769923871E+03   -0.181999432312418552E+01    0.141047394265854766E+02    0.512822620265442595E+02    0.299290642159691034E+00   -0.416031245964441343E+01
    0.657089781810434374E+03   -0.184682300697063928E+01    0.147144799873157073E+02    0.513955822934178030E+02    0.450267850385232593E+00   -0.422317229698303187E+01
    0.213923981556719440E+03   -0.153860668216755148E+01    0.125182565149831717E+02    0.516998341539550594E+02    0.569805000807424467E+00   -0.399167885643684661E+01
    0.246999955241284482E+03   -0.155601044007476697E+01    0.121705629542835343E+02    0.516112968751135952E+02    0.468901017397474029E+00   -0.418870338023801470E+01
    0.265351110010973116E+03   -0.153103919994250859E+01    0.125484148419753687E+02    0.517930916847131968E+02    0.402002233616754412E+00   -0.412788124884969587E+01
    0.416184393844915689E+03   -0.147581213005158762E+01    0.125702128646187603E+02    0.519116631299632516E+02    0.349612449297567018E+00   -0.412853812911268037E+01
    0.314358823299470600E+03   -0.148814383432257813E+01    0.124588866638890696E+02    0.518836932153797790E+02    0.450225880026821901E+00   -0.390266802176607097E+01
    0.314358823299470600E+03   -0.148814383432257813E+01    0.124588866638890696E+02    0.518836932153797790E+02    0.450225880026821901E+00   -0.390266802176607097E+01
    0.270463107312120826E+03   -0.157252412231045469E+01    0.129688154331369461E+02    0.517993431208380173E+02    0.511438224616751258E+00   -0.409422244358831566E+01
    0.373373407323539880E+03   -0.157706817110703668E+01    0.131465220238650655E+02    0.518909514819298039E+02    0.554387125095898048E+00   -0.396077476839018594E+01
    0.373373407323539880E+03   -0.157706817110703668E+01    0.131465220238650655E+02    0.518909514819298039E+02    0.554387125095898048E+00   -0.396077476839018594E+01
    0.348415090827340975E+03   -0.155244115096057778E+01    0.133439330224612078E+02    0.518798310543742076E+02    0.563842520594191821E+00   -0.418989138987997656E+01
    0.343878903748899177E+03   -0.168281690436761622E+01    0.130299879155929972E+02    0.514419692230076606E+02    0.472354240414709581E+00   -0.431854250771498105E+01
    0.375832976376201202E+03   -0.164926981905811765E+01    0.133475682052805329E+02    0.515348631432516484E+02    0.445779893544319683E+00   -0.432699766754609616E+01
    0.225748359843489851E+03   -0.171266171612666840E+01    0.128925088581404026E+02    0.512596979113864535E+02    0.546248581199051619E+00   -0.402553355911150135E+01
    0.307699311145799186E+03   -0.152183827513509762E+01    0.124826339816340450E+02    0.518672817213276147E+02    0.424251843868677980E+00   -0.387974018814970600E+01
    0.370911768214840492E+03   -0.206757387264722636E+01    0.146565613128087602E+02    0.505716804334810845E+02    0.234447501925181379E+00   -0.428427453921738799E+01
    0.501141093075828223E+03   -0.205119145525427360E+01    0.147357682977435331E+02    0.508038485076261921E+02    0.260000467787559975E+00   -0.397483176049436482E+01
    0.624336016621536942E+03   -0.200146479339902195E+01    0.143299314365279056E+02    0.508002644587432570E+02    0.116641852509272836E+00   -0.431373278270871019E+01
    0.533190419202235262E+03   -0.210900436863737806E+01    0.148552613744996869E+02    0.506289836175965107E+02    0.812917005645571733E-01   -0.396471792733616324E+01
    0.533190419202235262E+03   -0.210900436863737806E+01    0.148552613744996869E+02    0.506289836175965107E+02    0.812917005645571733E-01   -0.396471792733616324E+01
    0.511981404050689946E+03   -0.211240908743356126E+01    0.149902123040670290E+02    0.505391135494143100E+02    0.213582648368981554E+00   -0.414515771966137692E+01
    0.627617312275616769E+03   -0.199988832314208853E+01    0.149078777915642835E+02    0.509736291568439981E+02    0.275960638475168885E+00   -0.400028904904649618E+01
    0.538473813688681275E+03   -0.193668623918004457E+01    0.148047486311929575E+02    0.510975809861153536E+02    0.247480094970364883E+00   -0.415599675037592142E+01
    0.632423333926174223E+03   -0.181934828513443003E+01    0.143326008195655739E+02    0.513615643860411524E+02    0.311685486809940515E+00   -0.409247850930635426E+01
    0.527397495392857422E+03   -0.179927531406015717E+01    0.138373578062575540E+02    0.513448331343956497E+02    0.239196215836334214E+00   -0.392775978662552738E+01
    0.554743404503214606E+03   -0.186949556140118300E+01    0.139601637823166875E+02    0.512201412099452611E+02    0.222629740917314634E+00   -0.399533761391782249E+01
    0.482054264305632103E+03   -0.207814140775499290E+01    0.146080859085983832E+02    0.505835052633112312E+02    0.220407128798841584E+00   -0.421088892183504626E+01
    0.496791559642588084E+03   -0.200359616903146032E+01    0.145494251986926137E+02    0.508204284200344105E+02    0.281086028610908756E+00   -0.410188754933578359E+01
    0.526290144412259565E+03   -0.205176582846072320E+01    0.147302563395947388E+02    0.508308921888062528E+02    0.161409515242727980E+00   -0.395280504995195336E+01
    0.937679643179760546E+03   -0.180058451801759167E+01    0.142913117681739443E+02    0.516353481753447099E+02    0.112226956690560667E+00   -0.401157685104411854E+01
    0.960212915600460292E+03   -0.198362795017890470E+01    0.147730365130251791E+02    0.511253663855230087E+02    0.311713863732311774E-01   -0.396955666897386417E+01
    0.960212915600460292E+03   -0.198362795017890470E+01    0.147730365130251791E+02    0.511253663855230087E+02    0.311713863732311774E-01   -0.396955666897386417E+01
    0.932209879275573030E+03   -0.190773278330013429E+01    0.149081454900480850E+02    0.513336769436167373E+02    0.268199402894299166E+00   -0.426591115323068237E+01
    0.742529127068369348E+03   -0.167962883508178695E+01    0.138227113087452924E+02    0.516946258133453824E+02    0.281729420752002746E+00   -0.425140334709436196E+01
    0.862660320991863614E+03   -0.167720881318900439E+01    0.136508440808233118E+02    0.517692445194166950E+02    0.204234218714510529E+00   -0.419241498958125103E+01
    0.910411147362037241E+03   -0.164244031266253998E+01    0.138491757864244036E+02    0.519686414659328975E+02    0.204024426661618324E+00   -0.389207557500696133E+01
    0.910411147362037241E+03   -0.164244031266253998E+01    0.138491757864244036E+02    0.519686414659328975E+02    0.204024426661618324E+00   -0.389207557500696133E+01
    0.985631627048438077E+03   -0.179615877824784587E+01    0.146359692947179489E+02    0.516092874022908603E+02    0.304576273692950872E+00   -0.428661089375220783E+01
    0.847532947193285963E+03   -0.190732613392544081E+01    0.147857801419678303E+02    0.512973569880038340E+02    0.791674620658828904E-01   -0.412371625460370606E+01
    0.913655859779216598E+03   -0.181186788038146318E+01    0.144884561442517779E+02    0.515896658608908254E+02    0.217641881873554349E+00   -0.397058969144207774E+01
    0.847388210918210575E+03   -0.178175571952124745E+01    0.142787884693539979E+02    0.516409044902665144E+02    0.726394048956064686E-01   -0.420413667050584028E+01
    0.952206710921571357E+03   -0.192740717168063203E+01    0.149422966075381520E+02    0.512287135740947690E+02    0.135379603133833210E+00   -0.410041533102238365E+01
    0.733987918733197148E+03   -0.165925415551937228E+01    0.138928094300853040E+02    0.518460916377574677E+02    0.198116505018548328E+00   -0.410530501632692513E+01
    0.778879745214057266E+03   -0.164926582725593462E+01    0.139889683362723467E+02    0.518345869207386656E+02    0.363854915203018991E+00   -0.425070134349298367E+01
    0.561087914934861033E+03   -0.206353202469098163E+01    0.144995637780771460E+02    0.507432437033357076E+02    0.250750429846705418E-01   -0.396937482199769232E+01
    0.784104196414865896E+03   -0.189586066620740290E+01    0.146100731255630016E+02    0.513539472579531235E+02    0.238793473828964070E+00   -0.414848398044050537E+01
    0.800343996318598215E+03   -0.189520850026204002E+01    0.147452585777125229E+02    0.513223001078605847E+02    0.838246006881334660E-01   -0.422338691253250076E+01
    0.910546291487920598E+03   -0.176551688092061365E+01    0.145302303328400804E+02    0.517777276745391219E+02    0.268982153939457347E+00   -0.402412007571065278E+01
    0.973120908958626387E+03   -0.185760924473883593E+01    0.148418955108653456E+02    0.514078871407572962E+02    0.220117247280514711E+00   -0.420218144531161464E+01
    0.765717512579716981E+03   -0.173605532887136338E+01    0.136739676303161968E+02    0.515332140844842357E+02    0.174557235122350329E+00   -0.424768603718935900E+01
    0.838053980530270792E+03   -0.197028766811821976E+01    0.149029378032963518E+02    0.511402539731572787E+02    0.425747514957810005E-01   -0.408446139676743414E+01
    0.396938885388644735E+03   -0.178081795556930533E+01    0.129585958630910749E+02    0.511891016724821100E+02    0.171814345035438243E+00   -0.404401597367454979E+01
    0.376906450607437705E+03   -0.161072876551048472E+01    0.123228748742122320E+02    0.515876552545900111E+02    0.594670737838325775E-01   -0.398323766503964771E+01
    0.522629977802221106E+03   -0.182762256968859571E+01    0.135316261054498899E+02    0.511690625748780334E+02    0.460474057532145251E-01   -0.412375385876117484E+01
    0.408564305627617159E+03   -0.179377830216364220E+01    0.129236093352651071E+02    0.510853946278395910E+02    0.248212698906329805E-01   -0.407984217809854499E+01
    0.372554048731750527E+03   -0.190885461192491990E+01    0.130433989398247014E+02    0.508170583868204204E+02    0.613443839604851868E-01   -0.408548663179825766E+01
    0.591111892096784572E+03   -0.177849113284409199E+01    0.134365869066887811E+02    0.513047176178613640E+02    0.139708808157588654E+00   -0.418227437263585688E+01
    0.323365681512400101E+03   -0.181932732613723491E+01    0.131237959198790133E+02    0.511321123763363801E+02    0.121893186581093826E+00   -0.409929113650283483E+01
    0.323365681512400101E+03   -0.181932732613723491E+01    0.131237959198790133E+02    0.511321123763363801E+02    0.121893186581093826E+00   -0.409929113650283483E+01
    0.708407857398674878E+03   -0.184294184718757137E+01    0.138202520201913259E+02    0.512432819676258404E+02    0.106161329217754369E+00   -0.416672900050335748E+01
    0.551031526256940424E+03   -0.166837806219212492E+01    0.130353173911539084E+02    0.515232969402744772E+02    0.187894684499391951E+00   -0.422867473688417306E+01
    0.677641996222389025E+03   -0.171704343643884050E+01    0.136395666488343039E+02    0.515777200260316278E+02    0.122514622036746915E+00   -0.404957739044588028E+01
    0.543044958490582530E+03   -0.164242671043947830E+01    0.128532982229674584E+02    0.515533905800382470E+02    0.173452675246356797E+00   -0.428646855279282768E+01
    0.746229244315241203E+03   -0.158625780610703337E+01    0.131424076857759591E+02    0.519351889079796649E+02    0.212754768328104277E+00   -0.414164837136026787E+01
    0.708350067144222635E+03   -0.170404581834099567E+01    0.137323525264385715E+02    0.517518543116987217E+02    0.170332608242092315E+00   -0.395679139239588418E+01
    0.774105022868421884E+03   -0.161813160796605882E+01    0.130350685216798947E+02    0.519190154959463115E+02    0.360361733971994377E-01   -0.422923033123534076E+01
    0.652519780350738756E+03   -0.168096800979375871E+01    0.135597734962044338E+02    0.516396976879814744E+02    0.155095122186314244E+00   -0.412645275799962885E+01
    0.652519780350738756E+03   -0.168096800979375871E+01    0.135597734962044338E+02    0.516396976879814744E+02    0.155095122186314244E+00   -0.412645275799962885E+01
    0.307648780075945922E+03   -0.179308771810722600E+01    0.128411709101607538E+02    0.511811901125926312E+02    0.186261872543521889E+00   -0.400900961241141029E+01
    0.679997676048991934E+03   -0.177605259426646001E+01    0.133811837076913189E+02    0.513150717374910670E+02    0.645374734092584723E-01   -0.427168612042223383E+01
    0.610606473372487244E+03   -0.173962135191269684E+01    0.134562458916120686E+02    0.515311848431078090E+02    0.219221656963773492E+00   -0.417003642791258233E+01
