    0.193775770924315381E-02    0.260050235676402963E+03    0.767207468720884300E+00
    0.193399167434855825E-02    0.260050220211378132E+03    0.766983186966105457E+00
    0.193026365779359801E-02    0.260050172937963396E+03    0.767310542646104099E+00
    0.192649971192255013E-02    0.260050170424547900E+03    0.767274890262084508E+00
    0.192281736551835696E-02    0.260050090668913924E+03    0.766992708350583863E+00
    0.191907119174105842E-02    0.260050084766265229E+03    0.766999097805859287E+00
    0.191535344889016078E-02    0.260050056797221885E+03    0.767018279873162068E+00
    0.191161691988689549E-02    0.260050056017952556E+03    0.767020466400476608E+00
    0.190793228047546662E-02    0.260050008485681929E+03    0.767059963190484861E+00
    0.190423399624476634E-02    0.260049982743637202E+03    0.767135330446349295E+00
    0.190064639419761571E-02    0.260049848074073054E+03    0.766756043886287264E+00
    0.189698585977370851E-02    0.260049797421785229E+03    0.766763136684030400E+00
    0.189328462028831319E-02    0.260049797215621822E+03    0.767082139030434540E+00
    0.188959167054169892E-02    0.260049795878852819E+03    0.766870760641285898E+00
    0.188590468707955611E-02    0.260049795853926184E+03    0.766871542767244341E+00
    0.188234595000143765E-02    0.260049667206298068E+03    0.766321651128949455E+00
    0.187872171060423049E-02    0.260049615436829697E+03    0.766964269794017772E+00
    0.187505604427723937E-02    0.260049615297134096E+03    0.766962476042367114E+00
    0.187142986380863224E-02    0.260049580602175183E+03    0.785070771180178650E+00
    0.186779949344697150E-02    0.260049557902667004E+03    0.785263644583328646E+00
    0.186415945384516284E-02    0.260049553132621668E+03    0.766373496374783802E+00
    0.186052213077743823E-02    0.260049553068040552E+03    0.766372990561937639E+00
    0.185689387341472171E-02    0.260049550883133861E+03    0.785280949548331053E+00
    0.185328741478634450E-02    0.260049532809461766E+03    0.766705440907668678E+00
    0.184968124827946724E-02    0.260049521993612018E+03    0.766674056533623971E+00
    0.184607227138829815E-02    0.260049521824490171E+03    0.766675918792657951E+00
    0.184248379293556466E-02    0.260049507048034116E+03    0.785122708910980349E+00
    0.183888992835411214E-02    0.260049505716138242E+03    0.785051592538244969E+00
    0.183530374842492440E-02    0.260049503649078474E+03    0.785348108477895490E+00
    0.183172280961364721E-02    0.260049503495631484E+03    0.785037871651174890E+00
    0.182814893485080325E-02    0.260049503257807146E+03    0.785335860499564720E+00
    0.182466535753812980E-02    0.260049411686671078E+03    0.767372105664248738E+00
    0.182110719793608677E-02    0.260049409312382068E+03    0.766497438790723296E+00
    0.181760324200637207E-02    0.260049354929213052E+03    0.766560939426023547E+00
    0.181406072379989972E-02    0.260049350493217219E+03    0.766571492988409209E+00
    0.181054897921301898E-02    0.260049319690201514E+03    0.766434496490596362E+00
    0.180702189287656567E-02    0.260049313391388409E+03    0.766444158315210400E+00
    0.180349692252621202E-02    0.260049312365707237E+03    0.766445785365561960E+00
    0.180004235338208332E-02    0.260049240757083794E+03    0.771005417569339602E+00
    0.179653307439062984E-02    0.260049237419924737E+03    0.766399730135399748E+00
    0.179310349845559266E-02    0.260049152812488217E+03    0.767494281731490813E+00
    0.178960685759303761E-02    0.260049150469447227E+03    0.767490453310558318E+00
    0.178611975782313049E-02    0.260049145077930518E+03    0.767485955800849662E+00
    0.178269514792623067E-02    0.260049077201215141E+03    0.770973763732920814E+00
    0.177925070731422045E-02    0.260049038996183413E+03    0.770964627131578206E+00
    0.177578456824112330E-02    0.260049032724555218E+03    0.770954818016090226E+00
    0.177232415339852460E-02    0.260049027613118028E+03    0.767400568198398969E+00
    0.176888001565213911E-02    0.260049011722067007E+03    0.767426043810640612E+00
    0.176544553072344656E-02    0.260048992477907007E+03    0.767539873395026606E+00
    0.176200232560794721E-02    0.260048990700884985E+03    0.771529177066303751E+00
    0.175857147299649116E-02    0.260048982512841690E+03    0.770930253552045475E+00
    0.175514416377527105E-02    0.260048977899356942E+03    0.767656726438592174E+00
    0.175171959651455205E-02    0.260048977781540430E+03    0.767656221767535674E+00
    0.174831109848076738E-02    0.260048966924933609E+03    0.771511320616866336E+00
    0.174490603238760221E-02    0.260048959736508152E+03    0.767562818801247770E+00
    0.174152983335425877E-02    0.260048927012617582E+03    0.771477225634025321E+00
    0.173814514374578477E-02    0.260048911575062107E+03    0.767596731097733520E+00
    0.173476137294092058E-02    0.260048902662188084E+03    0.771309030873892132E+00
    0.173138237336819558E-02    0.260048895847284257E+03    0.767737311673478806E+00
    0.172800805312565108E-02    0.260048891234158532E+03    0.767749464883262789E+00
    0.172464022182896312E-02    0.260048886722298789E+03    0.767761997167233923E+00
    0.172127903098241849E-02    0.260048882121369388E+03    0.767768147988457716E+00
    0.171793406158933298E-02    0.260048866261825367E+03    0.767840924523446544E+00
    0.171458264808496230E-02    0.260048865501415435E+03    0.771422042936838248E+00
    0.171124547889279252E-02    0.260048855734395943E+03    0.771412567223948575E+00
    0.170791002850922209E-02    0.260048851560723676E+03    0.771383344257844605E+00
    0.170458744116733967E-02    0.260048839922715445E+03    0.771127176883333765E+00
    0.170127691870833992E-02    0.260048821700131441E+03    0.771200283395551689E+00
    0.169796136870111239E-02    0.260048816972506017E+03    0.771100038825259126E+00
    0.169466035549787871E-02    0.260048802714615078E+03    0.767895672198750101E+00
    0.169135407136580991E-02    0.260048802278077233E+03    0.767898132755597596E+00
    0.168805512547703278E-02    0.260048800789820575E+03    0.767908222751356839E+00
    0.168476195763936029E-02    0.260048800080860019E+03    0.771333997247918512E+00
    0.168147744627458935E-02    0.260048796717152982E+03    0.771325110698524607E+00
    0.167819875657268308E-02    0.260048794046599028E+03    0.771327596374745905E+00
    0.167492587902870645E-02    0.260048792069704291E+03    0.767712128359405499E+00
    0.167165893603756139E-02    0.260048790629185532E+03    0.767713499648859710E+00
    0.166842027200058991E-02    0.260048762927986616E+03    0.767982864970748746E+00
    0.166517559898173473E-02    0.260048749980197272E+03    0.770909219501816123E+00
    0.166193770161148727E-02    0.260048736472163000E+03    0.770905863781827905E+00
    0.165871218206096994E-02    0.260048715630956963E+03    0.782866977721453750E+00
    0.165555519420105992E-02    0.260048619560953171E+03    0.782651925052984865E+00
    0.165232517761399931E-02    0.260048619156691871E+03    0.782650181540081813E+00
    0.164910200849996413E-02    0.260048618090670061E+03    0.782659241641513237E+00
    0.164588453479960219E-02    0.260048617743994100E+03    0.782661146146766851E+00
    0.164267821550540785E-02    0.260048611459484960E+03    0.782619439993649690E+00
    0.163947951930053801E-02    0.260048603495278655E+03    0.782644569643606069E+00
    0.163628311234355079E-02    0.260048600346120622E+03    0.769699549240744796E+00
    0.163310038785544434E-02    0.260048588072453867E+03    0.782179751615588614E+00
    0.162991402726574272E-02    0.260048587856810002E+03    0.782696583874318952E+00
    0.162673386747104920E-02    0.260048587661020747E+03    0.782690710507997212E+00
    0.162355982917635638E-02    0.260048587567940558E+03    0.782694419041009115E+00
    0.162039207443662897E-02    0.260048587363209776E+03    0.782700060624017646E+00
    0.161723104732775652E-02    0.260048586482049018E+03    0.782172479556859312E+00
    0.161407705937334240E-02    0.260048584519541123E+03    0.769691038340168943E+00
    0.161093156242195223E-02    0.260048579651915873E+03    0.782610299966937872E+00
    0.160779880811694371E-02    0.260048566558451000E+03    0.769913365350946455E+00
    0.160466279036073560E-02    0.260048565125559264E+03    0.769915404587387053E+00
    0.160153601901076321E-02    0.260048559784426288E+03    0.769865755003185104E+00
    0.159841124673487959E-02    0.260048559565381879E+03    0.782558487833005301E+00
    0.159529437486027295E-02    0.260048557085150946E+03    0.782528769330162688E+00
    0.159218255554293515E-02    0.260048555892817433E+03    0.782795427468624627E+00
    0.158907690330737533E-02    0.260048554578283813E+03    0.782522004226069323E+00
    0.158597918664653758E-02    0.260048550895742096E+03    0.782470281151735003E+00
    0.158288990451307607E-02    0.260048544185954484E+03    0.770649971578639570E+00
    0.157980345784282015E-02    0.260048541504585955E+03    0.770753600413663476E+00
    0.157672327912503248E-02    0.260048538506422062E+03    0.769720164254146688E+00
    0.157364684771727067E-02    0.260048538378257604E+03    0.769719108098655291E+00
    0.157057674299627579E-02    0.260048537837388153E+03    0.782036324558070373E+00
    0.156751290141615533E-02    0.260048536947528703E+03    0.782739189757735820E+00
    0.156445445664461563E-02    0.260048536799213707E+03    0.770754918039000758E+00
    0.156140672710156536E-02    0.260048530569502077E+03    0.782394518836627362E+00
    0.155836182868862561E-02    0.260048528326258179E+03    0.770680787341403550E+00
    0.155532142391632492E-02    0.260048527940139593E+03    0.769791398231223223E+00
    0.155229598078015672E-02    0.260048515919960096E+03    0.782098988261505590E+00
    0.154926719658404917E-02    0.260048515810168340E+03    0.782743050148780539E+00
    0.154624708051711310E-02    0.260048512132412952E+03    0.782078417777902768E+00
    0.154323412024722504E-02    0.260048506810794493E+03    0.767669947221764626E+00
    0.154023336760054116E-02    0.260048493260952114E+03    0.770112040187665881E+00
    0.153723116645648533E-02    0.260048489186997699E+03    0.769778494865592910E+00
    0.153423683378078402E-02    0.260048482484216265E+03    0.770058863615017519E+00
    0.153124394227701840E-02    0.260048481517169648E+03    0.768640238984373947E+00
    0.152826866682023439E-02    0.260048465136929735E+03    0.768601917095988019E+00
    0.152528980977284967E-02    0.260048461033248827E+03    0.769771413485746958E+00
    0.152231364216935151E-02    0.260048461024459641E+03    0.769771436321541436E+00
    0.151935454387497793E-02    0.260048446190678533E+03    0.768538821796038607E+00
    0.151639081159962675E-02    0.260048445055067134E+03    0.768573360935080774E+00
    0.151343253984866609E-02    0.260048444343242636E+03    0.768546914801576775E+00
    0.151050127923675745E-02    0.260048415508166954E+03    0.770171504596304457E+00
    0.150755851889408849E-02    0.260048409460909170E+03    0.770175120644349009E+00
    0.150461798410166710E-02    0.260048408076010674E+03    0.773413381298708180E+00
    0.150168316756807679E-02    0.260048406714200951E+03    0.773414646401718420E+00
    0.149875477735004451E-02    0.260048404415826212E+03    0.782353061593669241E+00
    0.149583303836510451E-02    0.260048400859741832E+03    0.782347507928469188E+00
    0.149293016879797208E-02    0.260048379655533267E+03    0.770698004388597591E+00
    0.149002184154711629E-02    0.260048373338435113E+03    0.769594343594117047E+00
    0.148711986512892799E-02    0.260048366099799978E+03    0.768648804690856391E+00
    0.148422181061968420E-02    0.260048361192350797E+03    0.768676700897305332E+00
    0.148132742795566391E-02    0.260048358952502326E+03    0.769662477612102713E+00
    0.147843959065070067E-02    0.260048355493773670E+03    0.769613966392251991E+00
    0.147555863561006748E-02    0.260048350337455361E+03    0.768230964459095333E+00
    0.147268280011564139E-02    0.260048345852584475E+03    0.770218015400565115E+00
    0.146982603961673354E-02    0.260048323038865647E+03    0.768352793422262370E+00
    0.146696291784659543E-02    0.260048316453048130E+03    0.768243581235505735E+00
    0.146410358805470651E-02    0.260048312305839886E+03    0.782224806637955683E+00
    0.146124698390992795E-02    0.260048312056139707E+03    0.768165160833928939E+00
    0.145839672135604720E-02    0.260048310753108751E+03    0.768167673913103588E+00
    0.145555333740779902E-02    0.260048307637744983E+03    0.768175247404318973E+00
    0.145271600050006131E-02    0.260048303829339375E+03    0.768030019744411763E+00
    0.144988169354676611E-02    0.260048303470755116E+03    0.768037416258220529E+00
    0.144705281767098766E-02    0.260048303248680782E+03    0.768042721013261542E+00
    0.144423042220861672E-02    0.260048301695833857E+03    0.767853642919142043E+00
    0.144141255739783252E-02    0.260048301494816883E+03    0.767854417052572513E+00
    0.143860139279119049E-02    0.260048299622431841E+03    0.768096646599966459E+00
    0.143579472440632876E-02    0.260048299123987817E+03    0.768011682601502099E+00
    0.143299365495654324E-02    0.260048298453583811E+03    0.768020838613269974E+00
    0.143020130649164118E-02    0.260048293229378828E+03    0.768206815606508719E+00
    0.142741585686388043E-02    0.260048285962833518E+03    0.779625010817662112E+00
    0.142463222024095623E-02    0.260048283766947065E+03    0.782289024317200377E+00
    0.142185446903926550E-02    0.260048280928255963E+03    0.773432124918758346E+00
    0.141908041537553223E-02    0.260048280511593646E+03    0.768226693023751239E+00
    0.141631979794054294E-02    0.260048268764097145E+03    0.784718001544583266E+00
    0.141355709753545819E-02    0.260048267562104229E+03    0.784704169903910342E+00
    0.141080394126957484E-02    0.260048260469612899E+03    0.784652502777272276E+00
    0.140805170916292566E-02    0.260048259681009313E+03    0.784643169788097783E+00
    0.140530715027510893E-02    0.260048255613269930E+03    0.779617167864072647E+00
    0.140256545339403839E-02    0.260048255092823069E+03    0.779614901411477601E+00
    0.139983093518492399E-02    0.260048251958154083E+03    0.779633437225798698E+00
    0.139710018850500834E-02    0.260048251056447384E+03    0.769974767376740643E+00
    0.139437479525328389E-02    0.260048250116913835E+03    0.784624363369612943E+00
    0.139166446380283959E-02    0.260048235172173293E+03    0.773443723218738222E+00
    0.138894992111913800E-02    0.260048233877223197E+03    0.769990472694344730E+00
    0.138624028457997521E-02    0.260048233143168886E+03    0.773529942044105301E+00
    0.138353703977502703E-02    0.260048230810844188E+03    0.772844815689536002E+00
    0.138083791177969167E-02    0.260048230150932909E+03    0.770045835794307743E+00
    0.137814505136845430E-02    0.260048228037061790E+03    0.769999221087182550E+00
    0.137545693115703033E-02    0.260048226666681103E+03    0.773532080616251672E+00
    0.137277463843767946E-02    0.260048224445149003E+03    0.784552489990293034E+00
    0.137009605841077547E-02    0.260048224439627120E+03    0.773590040146038715E+00
    0.136742274929448028E-02    0.260048224369133266E+03    0.770609613879182254E+00
    0.136475477589662790E-02    0.260048224123368072E+03    0.768381455769613697E+00
    0.136209271094964559E-02    0.260048222845399721E+03    0.770592909495572687E+00
    0.135943510047285766E-02    0.260048222653328480E+03    0.773550617572362431E+00
    0.135678276439436091E-02    0.260048222329956559E+03    0.773306359064635296E+00
    0.135413544460015337E-02    0.260048222240794530E+03    0.770591181967725802E+00
    0.135149359238545953E-02    0.260048221704428101E+03    0.784745638564765646E+00
    0.134885664501088135E-02    0.260048221537685322E+03    0.770055125395472939E+00
    0.134622473641927282E-02    0.260048221528805016E+03    0.784570209424963916E+00
    0.134359797070307064E-02    0.260048221508824213E+03    0.784571924393123954E+00
    0.134097631720801139E-02    0.260048221508452343E+03    0.784571956363236178E+00
    0.133835987765300811E-02    0.260048221360854427E+03    0.773560666463691704E+00
    0.133574950688841146E-02    0.260048219770265689E+03    0.773553283651359558E+00
    0.133314384282785347E-02    0.260048218756701885E+03    0.768469636189720418E+00
    0.133054266005377107E-02    0.260048218647455485E+03    0.768468565190962627E+00
    0.132794680940163728E-02    0.260048218151466472E+03    0.773571496339189646E+00
    0.132536389610770234E-02    0.260048205775040287E+03    0.768437969793614783E+00
    0.132278144224261891E-02    0.260048200299890311E+03    0.779586076929986049E+00
    0.132020061542370798E-02    0.260048199982784126E+03    0.768398220668078280E+00
    0.131762484015090250E-02    0.260048199641093561E+03    0.773022900632227339E+00
    0.131505511094995461E-02    0.260048197747209429E+03    0.781640283375651168E+00
    0.131249322500695932E-02    0.260048191538506103E+03    0.784514427288173666E+00
    0.130993229340076569E-02    0.260048191492746923E+03    0.773648150392069023E+00
    0.130737638987059985E-02    0.260048191399263999E+03    0.784521581742561702E+00
    0.130483025885851632E-02    0.260048183970698574E+03    0.781630884162672790E+00
    0.130228714361944908E-02    0.260048179525877345E+03    0.784473435895421400E+00
    0.129974751205487438E-02    0.260048177347432215E+03    0.768285685873235313E+00
    0.129721540295593229E-02    0.260048171206881932E+03    0.784774850112972433E+00
    0.129468427196399358E-02    0.260048171175661992E+03    0.784768184344584729E+00
    0.129215823877382803E-02    0.260048170898263891E+03    0.784796276938865556E+00
    0.128963734902567831E-02    0.260048170287519270E+03    0.784802659543402559E+00
    0.128712107479841834E-02    0.260048170146844541E+03    0.784448615670479299E+00
    0.128461215287278504E-02    0.260048166203187407E+03    0.784432385129603782E+00
    0.128210946055569994E-02    0.260048160170643200E+03    0.784856631943486094E+00
    0.127960973778269509E-02    0.260048157117477558E+03    0.781548619355107443E+00
    0.127711404538715279E-02    0.260048155384977065E+03    0.784864466904547475E+00
    0.127462224484725640E-02    0.260048155183327651E+03    0.773596472989323547E+00
    0.127213621495613502E-02    0.260048153552819485E+03    0.770256674116918560E+00
    0.126966559364971891E-02    0.260048135288225922E+03    0.779702460697976552E+00
    0.126719263556232249E-02    0.260048128284691074E+03    0.783945136642528961E+00
    0.126472032183902114E-02    0.260048127879087247E+03    0.783942782272125549E+00
    0.126225466887676819E-02    0.260048124562442467E+03    0.773266204603748175E+00
    0.125979238354011094E-02    0.260048123530811154E+03    0.773229050766246262E+00
    0.125733583752929683E-02    0.260048121010100999E+03    0.783925760470973731E+00
    0.125488271750289230E-02    0.260048120663592044E+03    0.771642935859726986E+00
    0.125243487368158885E-02    0.260048119534519060E+03    0.773221223797712853E+00
    0.124999199639570357E-02    0.260048118098827331E+03    0.781586516497717376E+00
    0.124755483122058509E-02    0.260048115144528197E+03    0.776338903465069397E+00
    0.124512126937534134E-02    0.260048114035060166E+03    0.776335414155683856E+00
    0.124269223143002130E-02    0.260048113284755232E+03    0.771686991816088685E+00
    0.124026771491779616E-02    0.260048112884765260E+03    0.772713981430844132E+00
    0.123784772576798698E-02    0.260048112812628233E+03    0.771688871201968496E+00
    0.123543242284646407E-02    0.260048112798144075E+03    0.772721884899288725E+00
    0.123302235922545089E-02    0.260048111929606648E+03    0.772719627581011537E+00
    0.123061746629778623E-02    0.260048110298563756E+03    0.775845105672158364E+00
    0.122821648361295488E-02    0.260048109938098150E+03    0.775844000419709023E+00
    0.122582077189344269E-02    0.260048108620633570E+03    0.771700867986560790E+00
    0.122342938948039417E-02    0.260048107864993767E+03    0.775837684038975794E+00
    0.122104379109986335E-02    0.260048105276783645E+03    0.771725741875619820E+00
    0.121866318539541716E-02    0.260048102129054428E+03    0.770826194262297038E+00
    0.121628559973383323E-02    0.260048101647309977E+03    0.781834539486152558E+00
    0.121391294542144679E-02    0.260048100683272651E+03    0.784938964116644988E+00
    0.121154469031795769E-02    0.260048100097624399E+03    0.775818086360214765E+00
    0.120918083005785494E-02    0.260048099884870794E+03    0.775824837762831510E+00
    0.120682160195950835E-02    0.260048099638965709E+03    0.779744070940757150E+00
    0.120446985318560409E-02    0.260048094617105676E+03    0.770807946178985515E+00
    0.120212163586023491E-02    0.260048091344542968E+03    0.779797201841816778E+00
    0.119977695895588828E-02    0.260048089801684455E+03    0.781929569502792021E+00
    0.119743634073720003E-02    0.260048089118139956E+03    0.779454403455849709E+00
    0.119509998665824776E-02    0.260048088940193907E+03    0.779803928125059609E+00
    0.119276896150357671E-02    0.260048087470474115E+03    0.781889518944769435E+00
    0.119044180533538321E-02    0.260048087139229096E+03    0.779786539809407597E+00
    0.118812002618742091E-02    0.260048085399685135E+03    0.775798049092411346E+00
    0.118580184912336364E-02    0.260048085222290240E+03    0.771996644046472502E+00
    0.118348889129334502E-02    0.260048083868426943E+03    0.781922798689750120E+00
    0.118117965275210701E-02    0.260048083855994378E+03    0.781922678801829418E+00
    0.117887520920337643E-02    0.260048083352963658E+03    0.775790587496588580E+00
    0.117657498380636461E-02    0.260048083322055106E+03    0.776544313719349399E+00
    0.117427988001540156E-02    0.260048082212360384E+03    0.781901720109721698E+00
    0.117198898017043169E-02    0.260048081568596501E+03    0.781903672570143593E+00
    0.116970279198146967E-02    0.260048080510462569E+03    0.779766754877132429E+00
    0.116742076545886509E-02    0.260048079962821475E+03    0.781863100214218787E+00
    0.116514375096683233E-02    0.260048078454061056E+03    0.784894079220946117E+00
    0.116287099285344083E-02    0.260048077263239009E+03    0.779837044594110185E+00
    0.116060505250102424E-02    0.260048071963412781E+03    0.779689881600626800E+00
    0.115834075085293007E-02    0.260048071457763456E+03    0.779687390215456855E+00
    0.115608150677003045E-02    0.260048069844945530E+03    0.772047012958198331E+00
    0.115382754728351154E-02    0.260048066710001876E+03    0.772686717775900256E+00
    0.115157619341085598E-02    0.260048066681803334E+03    0.772026264355399228E+00
    0.114933075166262478E-02    0.260048064009852624E+03    0.784381213539704469E+00
    0.114708817576850489E-02    0.260048063975012667E+03    0.784380860726680784E+00
    0.114485080937837811E-02    0.260048062483586648E+03    0.784368770315331476E+00
    0.114261771654487385E-02    0.260048061150340914E+03    0.775220241837242252E+00
    0.114038916940381618E-02    0.260048059484006558E+03    0.772073692016805313E+00
    0.113816424517188333E-02    0.260048059089229923E+03    0.772077705407672510E+00
    0.113594388119562031E-02    0.260048058308202314E+03    0.772065329548893065E+00
    0.113373073680992156E-02    0.260048052432413840E+03    0.776266920473936306E+00
    0.113151945193303970E-02    0.260048050891201001E+03    0.775775263536750970E+00
    0.112931306483000536E-02    0.260048048314360642E+03    0.783950644636140170E+00
    0.112711041381658729E-02    0.260048046742243855E+03    0.776330542138946922E+00
    0.112491145423933227E-02    0.260048046245215971E+03    0.776287594860403662E+00
    0.112271689041070996E-02    0.260048045559997149E+03    0.776326251293177561E+00
    0.112052692169369549E-02    0.260048044314706658E+03    0.781766012692503121E+00
    0.111834063951316768E-02    0.260048044115986045E+03    0.776280222324178926E+00
    0.111615984775602427E-02    0.260048041722730773E+03    0.775271535598641703E+00
    0.111398226776028260E-02    0.260048041198150884E+03    0.775266818865306684E+00
    0.111181016435383021E-02    0.260048038464156434E+03    0.775176700828044352E+00
    0.110964087772455846E-02    0.260048038286858855E+03    0.779840990619383945E+00
    0.110747639430193098E-02    0.260048037079027949E+03    0.776205045747197842E+00
    0.110531622880237967E-02    0.260048035697768341E+03    0.776246540669216833E+00
    0.110315954037099018E-02    0.260048035651580221E+03    0.776246365975389541E+00
    0.110100783989145151E-02    0.260048034188816189E+03    0.776397219233249336E+00
    0.109885957833535659E-02    0.260048034105562692E+03    0.784974134665402556E+00
    0.109671553310214517E-02    0.260048033977295518E+03    0.776382184146210963E+00
    0.109457582149632190E-02    0.260048033574469002E+03    0.776615958740725310E+00
    0.109244299547110453E-02    0.260048028208512278E+03    0.772676389146089493E+00
    0.109031243446447369E-02    0.260048026311064177E+03    0.776416126129229500E+00
    0.108818516515569379E-02    0.260048026000616801E+03    0.772668261886859664E+00
    0.108606299650627187E-02    0.260048023940323787E+03    0.776469100605097329E+00
    0.108394440510277260E-02    0.260048022915854517E+03    0.770315468294991312E+00
    0.108188701789678336E-02    0.260048021404902670E+03    0.770288759549851654E+00
    0.106273933693329728E-02    0.260048020920275746E+03    0.770329286343057640E+00
    0.104393084368538673E-02    0.260048019852869572E+03    0.770291579770461032E+00
    0.102545708729218630E-02    0.260048015154304949E+03    0.768306266632945656E+00
    0.100730800493684862E-02    0.260048014910893926E+03    0.768315185152451674E+00
    0.989482748750403120E-03    0.260048009383700787E+03    0.770306291731008397E+00
    0.971970429530530453E-03    0.260048008995740133E+03    0.770312182224175968E+00
    0.954772364007238522E-03    0.260047999573890138E+03    0.770039421219658515E+00
    0.937879033793342985E-03    0.260047989230021244E+03    0.770496954629259712E+00
    0.921284173002937575E-03    0.260047979828036659E+03    0.770490589151568428E+00
    0.904980761355138764E-03    0.260047975245685279E+03    0.770531055740259596E+00
    0.888964220639660305E-03    0.260047974354667758E+03    0.770527634519046933E+00
    0.873233782943079787E-03    0.260047967419675729E+03    0.770478353732924615E+00
    0.857778953437872177E-03    0.260047966886608378E+03    0.770475981093885598E+00
    0.842607814652744343E-03    0.260047942225527208E+03    0.770555632705216098E+00
    0.108183024626756015E-02    0.260048022201953756E+03    0.772767871622067726E+00
    0.107909884343479023E-02    0.260048014892152253E+03    0.781742854913393903E+00
    0.107637149545831154E-02    0.260048012861903999E+03    0.776366718604448169E+00
    0.107364995345710849E-02    0.260048012856912237E+03    0.776366691201494818E+00
    0.107093550236136916E-02    0.260048012460399946E+03    0.779660696313583590E+00
    0.106823016119300131E-02    0.260048007856685899E+03    0.775238810763465125E+00
    0.106553110552152922E-02    0.260048004282682029E+03    0.776189324444537587E+00
    0.106283784101310298E-02    0.260048002643941686E+03    0.781515266535584674E+00
    0.106015051985659694E-02    0.260048002635562398E+03    0.781713588559280526E+00
    0.105747003985875282E-02    0.260048002539370259E+03    0.781514554058799216E+00
    0.105479655814333904E-02    0.260048002024199832E+03    0.781508636162678294E+00
    0.105213137401275001E-02    0.260047998584442269E+03    0.781499981396597709E+00
    0.104947167241113757E-02    0.260047997530010605E+03    0.781413138012253539E+00
    0.104681962333848548E-02    0.260047994700636195E+03    0.772087684649828909E+00
    0.104417424803770640E-02    0.260047991924973985E+03    0.775727818748499054E+00
    0.104153415843446845E-02    0.260047991836351571E+03    0.775729611358360160E+00
    0.103890107737706315E-02    0.260047991106003565E+03    0.775469081205327537E+00
    0.103627477218715775E-02    0.260047990145543679E+03    0.771952220433820724E+00
    0.103365484802933573E-02    0.260047989684621029E+03    0.781674012985781652E+00
    0.103104178530945625E-02    0.260047988762592695E+03    0.772927059944886419E+00
    0.102843533495832916E-02    0.260047987827751740E+03    0.772890822964529933E+00
    0.102583527458606776E-02    0.260047987281021278E+03    0.781665922263822810E+00
    0.102324217453807534E-02    0.260047985978014026E+03    0.772900545303999209E+00
    0.102065539192918689E-02    0.260047985140164997E+03    0.771764197353402959E+00
    0.101807558297780168E-02    0.260047983449325329E+03    0.781698016831073650E+00
    0.101550160674238727E-02    0.260047983113500550E+03    0.772921567936331266E+00
    0.101293449068639825E-02    0.260047982081763564E+03    0.781649321783077888E+00
    0.101037350425050285E-02    0.260047981762371478E+03    0.775739090498878459E+00
    0.100781896031730002E-02    0.260047981507275267E+03    0.781432715138799527E+00
    0.100527082391011456E-02    0.260047981353981186E+03    0.781431943288948494E+00
    0.100272906810513649E-02    0.260047981324394186E+03    0.771782729742354845E+00
    0.100019500045982809E-02    0.260047978772275769E+03    0.776632591191582455E+00
    0.997666352259255970E-03    0.260047978193916606E+03    0.776628385980042246E+00
    0.995144804338819397E-03    0.260047976193723684E+03    0.772627567359434830E+00
    0.992628658680853307E-03    0.260047976149576414E+03    0.772627430344668298E+00
    0.990120063651294020E-03    0.260047973704201127E+03    0.772619692435733141E+00
    0.987617658728737885E-03    0.260047971561928421E+03    0.775491325552660538E+00
    0.985121379042497520E-03    0.260047969824234997E+03    0.775455734825285736E+00
    0.982630570280466475E-03    0.260047969793418247E+03    0.772189044748678222E+00
    0.980147007662211149E-03    0.260047967827559262E+03    0.772187183631434015E+00
    0.977668977987990618E-03    0.260047967384033200E+03    0.781496770683903885E+00
    0.975197190998649101E-03    0.260047966986293659E+03    0.775711949013175195E+00
    0.972731618448084202E-03    0.260047966660197687E+03    0.775720005481442376E+00
    0.970272456219223203E-03    0.260047965969953623E+03    0.771918703921338767E+00
    0.967819591703635604E-03    0.260047965112929091E+03    0.779944771312440555E+00
    0.108189386089574033E-02    0.260047992044289117E+03    0.784283015056590815E+00
    0.106430254517142085E-02    0.260047991924755365E+03    0.784281761371477870E+00
    0.104699736787501716E-02    0.260047991598608178E+03    0.784278334860526893E+00
    0.102997736632134572E-02    0.260047983894086201E+03    0.784294652177421225E+00
    0.101323016029398680E-02    0.260047983851815673E+03    0.784294196603322780E+00
    0.996757918080538700E-03    0.260047978476412027E+03    0.783979180244832485E+00
    0.980550834486597182E-03    0.260047978471890815E+03    0.783980657720730778E+00
    0.964609723064549377E-03    0.260047973391222854E+03    0.784272488897158393E+00
    0.948935053471507638E-03    0.260047952962005695E+03    0.784332797851193142E+00
    0.933506065102170796E-03    0.260047951875436240E+03    0.782996939652799262E+00
    0.918329452691940421E-03    0.260047947496106417E+03    0.784307466483453286E+00
    0.903397626476621350E-03    0.260047947433404318E+03    0.784306789402149040E+00
    0.888713011932807349E-03    0.260047937415601041E+03    0.783026199156174330E+00
    0.874269679605099085E-03    0.260047921482777269E+03    0.784244606311697012E+00
    0.860055749868397605E-03    0.260047917944305482E+03    0.784039483868915643E+00
    0.846071519068379747E-03    0.260047917696331297E+03    0.784037776893283689E+00
    0.832315871632841996E-03    0.260047914554611452E+03    0.784016109149759499E+00
    0.818782680641552880E-03    0.260047914310836973E+03    0.784021745120737079E+00
    0.805469475445749566E-03    0.260047914215000731E+03    0.784070047427990247E+00
    0.792376204911652876E-03    0.260047905372753121E+03    0.784067562761719850E+00
    0.779492389828152950E-03    0.260047905206857081E+03    0.784063072102749503E+00
    0.766819186691580562E-03    0.260047902107481264E+03    0.783551959068728543E+00
    0.754351002718643671E-03    0.260047901726420434E+03    0.783553597536977287E+00
    0.742085543304625106E-03    0.260047901354252417E+03    0.783555109266567129E+00
    0.730019401527165729E-03    0.260047901294548694E+03    0.783555352467777633E+00
    0.718149531572489434E-03    0.260047901014534489E+03    0.783555684652088025E+00
    0.706475699769862310E-03    0.260047892133898642E+03    0.783586629010797342E+00
    0.694990783771812573E-03    0.260047885691824717E+03    0.783612823311564344E+00
    0.683691168840267665E-03    0.260047883359774858E+03    0.784120122278338605E+00
    0.672574501182651588E-03    0.260047883315231047E+03    0.784115077199144750E+00
    0.661638756300756488E-03    0.260047882762220183E+03    0.784219021168131358E+00
    0.650880674870195916E-03    0.260047882659719448E+03    0.784128873163944973E+00
    0.640301117767282709E-03    0.260047871310596292E+03    0.784150766839353364E+00
    0.640339576953253805E-03    0.260047661604916527E+03    0.783377238980343171E+00
    0.640335108312947493E-03    0.260047675562060704E+03    0.783142766752309760E+00
    0.640345071032236363E-03    0.260047644445098172E+03    0.783353471485523256E+00
    0.640340136848844741E-03    0.260047659856171435E+03    0.783433594295573243E+00
    0.640322041184545059E-03    0.260047716375883226E+03    0.783468715747372757E+00
    0.640340389387099264E-03    0.260047659067408745E+03    0.783318515593233178E+00
    0.640299120274550400E-03    0.260047787968984096E+03    0.783080268608383978E+00
    0.640338173270810955E-03    0.260047665989102768E+03    0.783169303087201674E+00
    0.640335888024006449E-03    0.260047673126740278E+03    0.783156206759108575E+00
    0.640344428901115409E-03    0.260047646450677576E+03    0.783360842879958219E+00
    0.640340284970832723E-03    0.260047659393536151E+03    0.783320151777902485E+00
    0.640343268352788915E-03    0.260047650075443642E+03    0.783327404426206519E+00
    0.640322213204690149E-03    0.260047715838590705E+03    0.783466286018847824E+00
    0.640344843062742603E-03    0.260047645157119064E+03    0.783379933604083423E+00
    0.640341678126266187E-03    0.260047655042243719E+03    0.783251829364613017E+00
    0.640299161764473117E-03    0.260047787839388661E+03    0.783080619137828116E+00
    0.640339793103394343E-03    0.260047660929805659E+03    0.783439888982301769E+00
    0.640343633055557877E-03    0.260047648936358769E+03    0.783248398286503167E+00
    0.640304900339999780E-03    0.260047769914799176E+03    0.783114518874626908E+00
    0.640302834946264617E-03    0.260047776366091568E+03    0.783098249098887589E+00
    0.640341237498872349E-03    0.260047656418470069E+03    0.783231878013347815E+00
    0.640337595819161632E-03    0.260047667792686980E+03    0.783165601642413001E+00
    0.640303288453309793E-03    0.260047774949552831E+03    0.783102909123518987E+00
    0.640342689268187139E-03    0.260047651884113748E+03    0.783289212616394281E+00
    0.640304355186921718E-03    0.260047771617592048E+03    0.783109798575231997E+00
    0.640330374481003000E-03    0.260047690347598405E+03    0.783149943528998027E+00
    0.640337735327669785E-03    0.260047667356952786E+03    0.783166418769967621E+00
    0.640302878200226986E-03    0.260047776230986869E+03    0.783099397454397383E+00
    0.640341288997624551E-03    0.260047656257622236E+03    0.783232483720990080E+00
    0.640279342903681361E-03    0.260047849745349822E+03    0.783689701155228846E+00
    0.640275573739114531E-03    0.260047861518884929E+03    0.783669951618435112E+00
    0.640281257950779366E-03    0.260047843763447531E+03    0.783718007264187388E+00
    0.640281821090017190E-03    0.260047842004411223E+03    0.783734745901488505E+00
    0.640289367184453465E-03    0.260047818433384464E+03    0.783775294279829171E+00
    0.640279227074918764E-03    0.260047850107156819E+03    0.783687722433643374E+00
    0.640275521521396209E-03    0.260047861681995073E+03    0.783669050746345630E+00
    0.640276651516412929E-03    0.260047858152283311E+03    0.783646704779727643E+00
    0.640276878409817276E-03    0.260047857443547912E+03    0.783886960172694991E+00
    0.640274777521861052E-03    0.260047864005994484E+03    0.783651905631904122E+00
    0.640282616285463031E-03    0.260047839520520768E+03    0.783761491183899262E+00
    0.640289341683940305E-03    0.260047818513037555E+03    0.783774894653427090E+00
    0.640276662996831975E-03    0.260047858116422503E+03    0.783849008600385200E+00
    0.640279801975276335E-03    0.260047848311377493E+03    0.783698322881595910E+00
    0.640279861026453803E-03    0.260047848126923213E+03    0.783738775534691512E+00
    0.640279154898434140E-03    0.260047850332609983E+03    0.783686421265466948E+00
    0.640278847118714352E-03    0.260047851294002498E+03    0.783680935113675758E+00
    0.640289211723079222E-03    0.260047818918981761E+03    0.783772870440215264E+00
    0.640273234986085725E-03    0.260047868824355874E+03    0.783812309500590665E+00
    0.640280851672252052E-03    0.260047845032510622E+03    0.783749532727007536E+00
    0.640351331695873075E-03    0.260047624891162911E+03    0.783193223290173268E+00
    0.640344375515113085E-03    0.260047646617419105E+03    0.783211915098746991E+00
    0.640299218330443016E-03    0.260047787662702603E+03    0.783081097890986011E+00
    0.640277687326333295E-03    0.260047854916778533E+03    0.783860585760805972E+00
    0.640302935384145936E-03    0.260047776052371660E+03    0.783099886386931288E+00
    0.640322008827841371E-03    0.260047716476947073E+03    0.783458690180958039E+00
    0.640277697052449692E-03    0.260047854886397602E+03    0.783670782756845652E+00
    0.640277829869100382E-03    0.260047854471525625E+03    0.784190181843373413E+00
    0.640276841201088123E-03    0.260047857559774911E+03    0.784207589569450692E+00
    0.640272844475343276E-03    0.260047870044181536E+03    0.784132867424778279E+00
    0.640276629719613104E-03    0.260047858220368880E+03    0.784214909583348163E+00
    0.640276966054910391E-03    0.260047857169775455E+03    0.784203297581891667E+00
    0.827656639556816108E-03    0.260047928132625429E+03    0.770383021142009294E+00
    0.827654349290372058E-03    0.260047933666972654E+03    0.770398026542514769E+00
    0.827650825606578633E-03    0.260047942181858843E+03    0.770555473636009847E+00
    0.827653121538413149E-03    0.260047936633797804E+03    0.770367500794339799E+00
    0.827657935894031416E-03    0.260047925000079545E+03    0.770576073806145345E+00
    0.827653327868411049E-03    0.260047936135207351E+03    0.770423780751448239E+00
    0.827659283335614856E-03    0.260047921744047244E+03    0.770336973904375055E+00
    0.827658180578819255E-03    0.260047924408809308E+03    0.770337375814356684E+00
    0.827657877025062471E-03    0.260047925142333895E+03    0.770576656118902803E+00
    0.827656683905796651E-03    0.260047928025457850E+03    0.770381936029294834E+00
    0.827655221786897065E-03    0.260047931558614096E+03    0.770338472671081687E+00
    0.827655737398693379E-03    0.260047930312656547E+03    0.770380465380924195E+00
    0.827726584578196271E-03    0.260047931293694035E+03    0.768784239220331789E+00
    0.809126958155231878E-03    0.260047930850316675E+03    0.768808681512876513E+00
    0.790945392257177190E-03    0.260047930120672959E+03    0.769540026373538022E+00
    0.773173300775672318E-03    0.260047927001462142E+03    0.768795783856194848E+00
    0.755799400534778662E-03    0.260047926892334658E+03    0.768816470802349050E+00
    0.738819030439390417E-03    0.260047918329255765E+03    0.768780962893665820E+00
    0.722219422667248713E-03    0.260047911792482978E+03    0.768777455847602931E+00
    0.705993641058868778E-03    0.260047902790586818E+03    0.768839150171565455E+00
    0.690130554489193988E-03    0.260047899127843948E+03    0.769524278809714191E+00
    0.674623159837393709E-03    0.260047897654079804E+03    0.769521667536623655E+00
    0.659464216411461248E-03    0.260047896191087261E+03    0.768700283422190545E+00
    0.644646530745994484E-03    0.260047892765208985E+03    0.768714558077275067E+00
    0.644742064774456321E-03    0.260047424221852054E+03    0.769092725683411027E+00
    0.644733275697805929E-03    0.260047451485891543E+03    0.769150704623623449E+00
    0.644745123577331373E-03    0.260047414733420055E+03    0.769095343807239873E+00
    0.644733484505322779E-03    0.260047450838158625E+03    0.769154051209293921E+00
    0.644745641950582164E-03    0.260047413125426374E+03    0.769098943705480265E+00
    0.644735748590694654E-03    0.260047443814849146E+03    0.769178855766630143E+00
    0.644734127274051104E-03    0.260047448844254404E+03    0.769159549532280273E+00
    0.644660377663370762E-03    0.260047677632605769E+03    0.769039809438818889E+00
    0.644677285480053409E-03    0.260047625178335124E+03    0.769012738821801323E+00
    0.644677288773966945E-03    0.260047625168116326E+03    0.769029679417876921E+00
    0.644745487725643680E-03    0.260047413603831956E+03    0.769096522159992579E+00
    0.644677137979086132E-03    0.260047625635931468E+03    0.769026868628320037E+00
    0.644641184004764059E-03    0.260047737180066747E+03    0.768909733328501432E+00
    0.644647599654964501E-03    0.260047717275603816E+03    0.768933584173970952E+00
    0.644647830379039655E-03    0.260047716559789365E+03    0.768917674076715629E+00
    0.644649047004553638E-03    0.260047712785249814E+03    0.768940460561183703E+00
    0.644688730157239390E-03    0.260047589673514778E+03    0.769495205418063599E+00
    0.644814403497432687E-03    0.260047199838585925E+03    0.769381760616813404E+00
    0.644711710858868582E-03    0.260047518382390933E+03    0.769470307551420429E+00
    0.644758784697735442E-03    0.260047372357060226E+03    0.769391545754717354E+00
    0.644716281066198675E-03    0.260047504204918880E+03    0.769407141460508259E+00
    0.644800442430900353E-03    0.260047243141643662E+03    0.769359156605718630E+00
    0.644718393205474328E-03    0.260047497652778418E+03    0.769431428469651069E+00
    0.644737273256740196E-03    0.260047439085270412E+03    0.769338727704041214E+00
    0.644722358527993235E-03    0.260047485351871956E+03    0.769188245527840597E+00
    0.644766946510840042E-03    0.260047347039804720E+03    0.769291644863130619E+00
    0.644801464107279268E-03    0.260047239972676948E+03    0.769365573463947294E+00
    0.644763415372242806E-03    0.260047357993059336E+03    0.769404538179945807E+00
    0.644767953512357587E-03    0.260047343916193199E+03    0.769255923971727817E+00
    0.644618721250246715E-03    0.260047806872002184E+03    0.769516995333087817E+00
    0.644715390615062346E-03    0.260047506967224649E+03    0.769451558942235381E+00
    0.644796591783114046E-03    0.260047255085367738E+03    0.769349977807557206E+00
    0.644717817539845121E-03    0.260047499438568593E+03    0.769231906411420696E+00
    0.644717942409955141E-03    0.260047499051205023E+03    0.769234169144317415E+00
    0.644753262821745349E-03    0.260047389485635335E+03    0.769268104613374692E+00
    0.644717527571316657E-03    0.260047500338089549E+03    0.769213534625461715E+00
    0.644759636850941406E-03    0.260047369713737908E+03    0.769394261544431690E+00
    0.644717825066860699E-03    0.260047499415218795E+03    0.769426228647477672E+00
    0.644813045232121157E-03    0.260047204051477991E+03    0.769372243640905062E+00
    0.644724220310823244E-03    0.260047479576424223E+03    0.769473785369287677E+00
    0.644722186218589402E-03    0.260047485886394838E+03    0.769182477107311358E+00
    0.644668842678586891E-03    0.260047651370840867E+03    0.768998803692919397E+00
    0.644717719039559719E-03    0.260047499744129539E+03    0.769424104743612558E+00
    0.644604893054396611E-03    0.260047849775950567E+03    0.768753962382315859E+00
    0.965435190695080659E-03    0.260047961285987981E+03    0.771933409448177121E+00
    0.946690105087544058E-03    0.260047959946549554E+03    0.771942526639094462E+00
    0.928319862996822916E-03    0.260047935155724531E+03    0.772140734483818258E+00
    0.910297455611723712E-03    0.260047929335356912E+03    0.771812689162828525E+00
    0.892622341841368613E-03    0.260047929325972063E+03    0.771812235872309516E+00
    0.875295067260756644E-03    0.260047918705126563E+03    0.771905751764760062E+00
    0.858302038003956776E-03    0.260047912990954615E+03    0.771828280301460667E+00
    0.841638460294425643E-03    0.260047908351137721E+03    0.771877047282208850E+00
    0.825296632804227307E-03    0.260047907991530792E+03    0.773124546178506900E+00
    0.809272071029432214E-03    0.260047907726761139E+03    0.772971789557183153E+00
    0.793559522045388902E-03    0.260047905273865467E+03    0.771868867500651867E+00
    0.778151164440018606E-03    0.260047905077814448E+03    0.771866571747309993E+00
    0.763044561381303688E-03    0.260047898134805962E+03    0.771851132080924818E+00
    0.748228769695602914E-03    0.260047897767300412E+03    0.773109477979566639E+00
    0.733701350098228092E-03    0.260047895495450348E+03    0.772120394135286769E+00
    0.719457139025255453E-03    0.260047890032752207E+03    0.772117237813693236E+00
    0.705489099715471781E-03    0.260047885613114204E+03    0.771881515105384719E+00
    0.691793559645811039E-03    0.260047877394511431E+03    0.772980044696861768E+00
    0.678361310832705758E-03    0.260047876776376995E+03    0.772109728054119260E+00
    0.665190583516413214E-03    0.260047874013059641E+03    0.772973529644717106E+00
    0.652281441026179658E-03    0.260047853255876248E+03    0.772099719933049600E+00
    0.639616951030501715E-03    0.260047850856895479E+03    0.772091859033046668E+00
    0.639579183061487122E-03    0.260047840801772168E+03    0.772504799845117551E+00
    0.639596478997499088E-03    0.260047786717140866E+03    0.772265709077665008E+00
    0.639702543914705615E-03    0.260047455082658075E+03    0.772305345166019119E+00
    0.639618727084424353E-03    0.260047717149215714E+03    0.772588874389389724E+00
    0.639634811765870271E-03    0.260047666855256125E+03    0.772473577605213180E+00
    0.639583426843469741E-03    0.260047827531271764E+03    0.772477814786865502E+00
    0.639728158360735439E-03    0.260047375001897194E+03    0.772414076659303395E+00
    0.639751236130314230E-03    0.260047302854523252E+03    0.772416805536735196E+00
    0.639733918652968226E-03    0.260047356993415860E+03    0.772401897188355946E+00
    0.639702456245699663E-03    0.260047455356751129E+03    0.772305543837430442E+00
    0.639732519800765426E-03    0.260047361366651955E+03    0.772405038251876785E+00
    0.639577275003889133E-03    0.260047846768384261E+03    0.772096525527633970E+00
    0.639757151588056581E-03    0.260047284361615198E+03    0.772330934957232818E+00
    0.639704318516364921E-03    0.260047449534456916E+03    0.772301927789386000E+00
    0.639734515612465143E-03    0.260047355127142396E+03    0.772400275846952922E+00
    0.639756081153584183E-03    0.260047287707995508E+03    0.772333470872201833E+00
    0.639691996646529911E-03    0.260047488058469185E+03    0.772449034835173021E+00
    0.639581096697530477E-03    0.260047834817733815E+03    0.772492988030459959E+00
    0.639615911692351991E-03    0.260047725952579810E+03    0.772229392172028128E+00
    0.639618899820362428E-03    0.260047716609094209E+03    0.772587744017566580E+00
    0.639588185198220870E-03    0.260047812651783488E+03    0.772532796529061816E+00
    0.639579970122419066E-03    0.260047838340589976E+03    0.772498840844566770E+00
    0.639591165041180818E-03    0.260047803333800175E+03    0.772520872819011717E+00
    0.639735952750687914E-03    0.260047350634226746E+03    0.772396987492558140E+00
    0.639579370150825826E-03    0.260047840216733391E+03    0.772503573562957846E+00
    0.639733378557365111E-03    0.260047358681917331E+03    0.772369460084188941E+00
    0.639585614458472083E-03    0.260047820690533968E+03    0.772278448025575548E+00
    0.639690360449359213E-03    0.260047493174053784E+03    0.772451657526160851E+00
    0.639726421666040918E-03    0.260047380431381669E+03    0.772376636232581681E+00
    0.639762099272844168E-03    0.260047268894290937E+03    0.772322748324937525E+00
    0.639616643154692342E-03    0.260047723665388673E+03    0.772602892141787123E+00
    0.639602617429183484E-03    0.260047767522531672E+03    0.772250557528075254E+00
    0.639609074567394544E-03    0.260047747331539824E+03    0.772246831649437859E+00
    0.639593240039544597E-03    0.260047796845295920E+03    0.772275095237308751E+00
    0.639740342198253970E-03    0.260047336911588559E+03    0.772386468876120058E+00
    0.639701094356113424E-03    0.260047459614640161E+03    0.772428593880906234E+00
    0.639745003443388961E-03    0.260047322339338393E+03    0.772359111207525761E+00
    0.639576670814633432E-03    0.260047848657724501E+03    0.772090892039531074E+00
    0.639730964356995005E-03    0.260047366229451995E+03    0.772375123340652392E+00
    0.639581106166117307E-03    0.260047834788125101E+03    0.772492921053515191E+00
    0.639594105516773652E-03    0.260047794138961365E+03    0.772505484675400922E+00
    0.639684890385819067E-03    0.260047510276349726E+03    0.772462126984781783E+00
    0.639592196188585476E-03    0.260047800109407376E+03    0.772516092285860823E+00
    0.639594591019066860E-03    0.260047792620804444E+03    0.772995713477194868E+00
    0.639753667056151051E-03    0.260047295254940536E+03    0.772338634350721365E+00
    0.639613824705990812E-03    0.260047732478339185E+03    0.772232814564899894E+00
    0.639596968265003529E-03    0.260047785187215879E+03    0.772264323364070360E+00
    0.639696299780321805E-03    0.260047474604746640E+03    0.772427041386952840E+00
    0.639733590372110867E-03    0.260047358019720491E+03    0.772402641644053811E+00
    0.639688840967979518E-03    0.260047497924737172E+03    0.772454506958434095E+00
    0.639580236799034319E-03    0.260047837506678434E+03    0.772496961981425811E+00
    0.965377152706530157E-03    0.260047956184009195E+03    0.781442146321890019E+00
    0.962576596250528044E-03    0.260047952657098335E+03    0.779924717859841743E+00
    0.959785539965959532E-03    0.260047946263368146E+03    0.775540229767237910E+00
    0.956999673217122935E-03    0.260047945937178838E+03    0.779915238921322307E+00
    0.954224745893273623E-03    0.260047939630863652E+03    0.775358018915682456E+00
    0.951455007295442601E-03    0.260047939331098519E+03    0.775299395267819547E+00
    0.948694688827580188E-03    0.260047936120658846E+03    0.775304873574897968E+00
    0.945941399194537508E-03    0.260047934980699324E+03    0.779972469989267836E+00
    0.943195814264499439E-03    0.260047934446889712E+03    0.779965701459805261E+00
    0.940458071560810365E-03    0.260047934182746417E+03    0.775679550729858724E+00
    0.937729135384759711E-03    0.260047932084617969E+03    0.782022871991584601E+00
    0.935008588478189874E-03    0.260047928979676499E+03    0.782002269537869554E+00
    0.932294525541827791E-03    0.260047928897170777E+03    0.782000141241830815E+00
    0.929588464568317156E-03    0.260047928548282243E+03    0.781998710579311140E+00
    0.926890420143568466E-03    0.260047927849868245E+03    0.781993867883469140E+00
    0.924223256670235797E-03    0.260047881341044160E+03    0.778039171082465453E+00
    0.920033342972935647E-03    0.260047877932915412E+03    0.778378796434799458E+00
    0.915861562792376414E-03    0.260047876405461409E+03    0.780799195396013057E+00
    0.911716663532432040E-03    0.260047857406523462E+03    0.780794214909252604E+00
    0.907582282561599537E-03    0.260047856566102894E+03    0.780763018283090249E+00
    0.903466416071356093E-03    0.260047856243210731E+03    0.780782604049585882E+00
    0.899370456791616390E-03    0.260047853158734199E+03    0.780778777912232713E+00
    0.895292287321710159E-03    0.260047851815920467E+03    0.780773462881084290E+00
    0.891239411422000576E-03    0.260047835210644450E+03    0.776643277069865690E+00
    0.887197710185600699E-03    0.260047834773508953E+03    0.776645064597400014E+00
    0.883176822024375925E-03    0.260047828710594615E+03    0.776667440897428563E+00
    0.879173717199092995E-03    0.260047823648208805E+03    0.776689069820102218E+00
    0.875186935476744915E-03    0.260047822748242709E+03    0.778363487318228353E+00
    0.871218634327788639E-03    0.260047820926010672E+03    0.776882605461290066E+00
    0.867267573129839610E-03    0.260047820840841553E+03    0.776880587918854171E+00
    0.924212029428188721E-03    0.260047920428423367E+03    0.775371634019849987E+00
    0.916789102308150443E-03    0.260047919506501557E+03    0.775389040604137603E+00
    0.909426325456101376E-03    0.260047917414436313E+03    0.775383548841115378E+00
    0.902125410795015558E-03    0.260047909266928627E+03    0.775330195045527359E+00
    0.894896843928027672E-03    0.260047870421280436E+03    0.775136906030919115E+00
    0.887727786725577201E-03    0.260047827996890646E+03    0.774097625049823601E+00
    0.880599715033823630E-03    0.260047822924232491E+03    0.773734797388581308E+00
    0.873530132890460321E-03    0.260047814979997611E+03    0.773760022948874138E+00
    0.866514357199648852E-03    0.260047813842741732E+03    0.773751330503732682E+00
    0.859554977493518098E-03    0.260047812592324476E+03    0.773765830091392104E+00
    0.852651082922569045E-03    0.260047812300984219E+03    0.773766403073705700E+00
    0.845803755565087390E-03    0.260047809371815333E+03    0.773773698213026884E+00
    0.839014306910688934E-03    0.260047799552800711E+03    0.775621050327007344E+00
    0.832275449130690046E-03    0.260047799128466636E+03    0.775622694168941473E+00
    0.825595912008305938E-03    0.260047786119252635E+03    0.773805231563304829E+00
    0.863357740840784262E-03    0.260047819127259629E+03    0.780883825991879110E+00
    0.851922718984230950E-03    0.260047819099737467E+03    0.780883511999705959E+00
    0.840642572644534499E-03    0.260047810934000609E+03    0.780914888381222694E+00
    0.829509287861798826E-03    0.260047808787983854E+03    0.780674076936661465E+00
    0.818522750453068741E-03    0.260047808350883145E+03    0.780670812559850824E+00
    0.807681565888771370E-03    0.260047808309226639E+03    0.780670213120247647E+00
    0.796984103657626900E-03    0.260047807934262153E+03    0.780666367572469322E+00
    0.786429313412981387E-03    0.260047805047158761E+03    0.779887122349457451E+00
    0.776014714162003840E-03    0.260047801104561472E+03    0.780729855648082616E+00
    0.765741101892331282E-03    0.260047789149950972E+03    0.780844365739141955E+00
    0.755606950340350389E-03    0.260047768066285300E+03    0.780078106090620116E+00
    0.745600188797444058E-03    0.260047765034492727E+03    0.780091530112362985E+00
    0.735726448974415069E-03    0.260047760646894858E+03    0.780099478664969093E+00
    0.725984380704159868E-03    0.260047753733509467E+03    0.780630171696542807E+00
    0.716369009989574826E-03    0.260047753245106492E+03    0.780562857483576344E+00
    0.863339045335640700E-03    0.260047819031763311E+03    0.776858607912802257E+00
    0.857407209648366076E-03    0.260047814967035379E+03    0.778372287091603443E+00
    0.851514427650137029E-03    0.260047814901782942E+03    0.778371901166677982E+00
    0.845662218531335994E-03    0.260047814663860095E+03    0.779417181110964474E+00
    0.839857193652608441E-03    0.260047797842759167E+03    0.776900942604199729E+00
    0.834085611712896626E-03    0.260047796380918271E+03    0.778004983614657086E+00
    0.828353186864605267E-03    0.260047796140276262E+03    0.776885269256707756E+00
    0.822660136194458829E-03    0.260047795955769629E+03    0.776788120617085354E+00
    0.817006162256364598E-03    0.260047795893876071E+03    0.776791516902765489E+00
    0.811393420234977122E-03    0.260047789981996630E+03    0.779396189209256574E+00
    0.805816965609855744E-03    0.260047789707918014E+03    0.779394979009851219E+00
    0.800279665670088807E-03    0.260047787360945335E+03    0.776984640357864187E+00
    0.794779532491559650E-03    0.260047787237680950E+03    0.776983737173638889E+00
    0.789320869619138349E-03    0.260047777817315364E+03    0.776707290265352679E+00
    0.783896723960869949E-03    0.260047775983869315E+03    0.778327620277741272E+00
    0.778509506330391388E-03    0.260047775039913290E+03    0.777761935404033711E+00
    0.773160013202324275E-03    0.260047772281007155E+03    0.778413823118052295E+00
    0.767846751219193493E-03    0.260047770896481552E+03    0.777109846735024257E+00
    0.762571489948223242E-03    0.260047765611347813E+03    0.777999976005655069E+00
    0.757330731694055024E-03    0.260047764918883274E+03    0.776948503813817970E+00
    0.752126226801708370E-03    0.260047763597936182E+03    0.779384098895605559E+00
    0.746957191217036045E-03    0.260047763072028602E+03    0.777990291064534989E+00
    0.741828583136713111E-03    0.260047749327452721E+03    0.779191405895231282E+00
    0.736730386420447942E-03    0.260047748617885304E+03    0.777981292926482992E+00
    0.731667100273029436E-03    0.260047748254511134E+03    0.776922661813002402E+00
    0.726638717681633568E-03    0.260047747601062724E+03    0.777977761777455701E+00
    0.721644950667521285E-03    0.260047746786829236E+03    0.777969968349301544E+00
    0.716685330405148662E-03    0.260047746454024264E+03    0.779209550231698356E+00
    0.711762545884697261E-03    0.260047738394023440E+03    0.777932390907813298E+00
    0.706870985463505137E-03    0.260047737661046881E+03    0.777943470835260054E+00
    0.702015268370961799E-03    0.260047730585549061E+03    0.776765258022775629E+00
    0.697196120530943269E-03    0.260047714290763111E+03    0.779168668609007131E+00
    0.692404436703380360E-03    0.260047714223866024E+03    0.779168329183192232E+00
    0.687648098512531588E-03    0.260047707137694658E+03    0.777056208879328802E+00
    0.682922043018846492E-03    0.260047707050983377E+03    0.778915077939627332E+00
    0.678228514891072391E-03    0.260047706827985678E+03    0.778912349062195530E+00
    0.673567482462346248E-03    0.260047705897053106E+03    0.778272333677689665E+00
    0.668938542492059952E-03    0.260047704786275972E+03    0.777014155622136604E+00
    0.664341944640212123E-03    0.260047702077595545E+03    0.778924688383703878E+00
    0.659776099446976634E-03    0.260047701893320948E+03    0.777031759736045879E+00
    0.655242892351697200E-03    0.260047697868450484E+03    0.778315399702363853E+00
    0.650740002280671007E-03    0.260047696394075047E+03    0.777051586914540682E+00
    0.646267776270082351E-03    0.260047695786890245E+03    0.777053919296595841E+00
    0.646351952903493504E-03    0.260047419448946357E+03    0.777724684514405462E+00
    0.646358507532300997E-03    0.260047399167130720E+03    0.777839120389132943E+00
    0.646302656087407567E-03    0.260047571993379393E+03    0.779326180470248375E+00
    0.646297536322067482E-03    0.260047587836686148E+03    0.777417508825925307E+00
    0.646310440834430575E-03    0.260047547903426903E+03    0.778789217316957494E+00
    0.646405633974587849E-03    0.260047253351074119E+03    0.778551620010459300E+00
    0.646274484926558828E-03    0.260047659171652811E+03    0.777550301253987719E+00
    0.646289261209718655E-03    0.260047613444598483E+03    0.777172282080515364E+00
    0.646353112270711726E-03    0.260047415861531874E+03    0.777679135097089413E+00
    0.646303908266825447E-03    0.260047568118482104E+03    0.778283580306435629E+00
    0.646349541248461470E-03    0.260047426911318894E+03    0.777596025365130950E+00
    0.646321656773868520E-03    0.260047513196136379E+03    0.779312383083267002E+00
    0.646287068184552786E-03    0.260047620231122778E+03    0.777213225518099349E+00
    0.646290501136182242E-03    0.260047609607538675E+03    0.777268126193225495E+00
    0.646306595944899686E-03    0.260047559801427383E+03    0.778108411494690122E+00
    0.646287570359459695E-03    0.260047618677092885E+03    0.777201487919773615E+00
    0.646303716596494039E-03    0.260047568711609756E+03    0.778285124006137585E+00
    0.646345278212318410E-03    0.260047440102479186E+03    0.777643951988644888E+00
    0.646358590331197317E-03    0.260047398910929587E+03    0.779150424778586648E+00
    0.646372616681617647E-03    0.260047355510258683E+03    0.779040960256301762E+00
    0.646342922372911285E-03    0.260047447392216668E+03    0.778061941794859435E+00
    0.646305398553161082E-03    0.260047563506767403E+03    0.777774105740663413E+00
    0.646290004663405832E-03    0.260047611143915788E+03    0.777485795843733563E+00
    0.646292304005323002E-03    0.260047604028417140E+03    0.777307587587752313E+00
    0.646344851411436447E-03    0.260047441423138707E+03    0.777671827642878899E+00
    0.646363513786961928E-03    0.260047383676547042E+03    0.778599421037103889E+00
    0.646408431275958097E-03    0.260047244696151665E+03    0.778536756191879009E+00
    0.646352122055508598E-03    0.260047418925541137E+03    0.777690890964050752E+00
    0.646284179582688680E-03    0.260047629170210257E+03    0.778971320217674901E+00
    0.646335551437465404E-03    0.260047470200472844E+03    0.778675636642730651E+00
    0.646297531615445996E-03    0.260047587851251023E+03    0.777424248810644869E+00
    0.646276094759293935E-03    0.260047654189773539E+03    0.778483109201865919E+00
    0.646308519830881742E-03    0.260047553847958454E+03    0.778121153867969872E+00
    0.646289142069941184E-03    0.260047613813287228E+03    0.777169956254854855E+00
    0.646309236426887259E-03    0.260047551630455246E+03    0.779296261012414893E+00
    0.646351922066490630E-03    0.260047419544364971E+03    0.777726306997598260E+00
    0.646315085687594560E-03    0.260047533530035480E+03    0.779232960190315738E+00
    0.646406614701641236E-03    0.260047250316675104E+03    0.778545481748922352E+00
    0.646274340582537283E-03    0.260047659618348575E+03    0.777553740324625542E+00
    0.646449967853494076E-03    0.260047116185318373E+03    0.779043041738962105E+00
    0.646372859164782813E-03    0.260047354759969721E+03    0.779018147297688146E+00
    0.646303228678682851E-03    0.260047570221481919E+03    0.779278227585570860E+00
    0.646298761536394178E-03    0.260047584045202825E+03    0.777436680617120679E+00
    0.646352172212356674E-03    0.260047418770341380E+03    0.777689805122026678E+00
    0.646354536205147800E-03    0.260047411455479391E+03    0.778626200573206306E+00
    0.646293962837976165E-03    0.260047598895041688E+03    0.777311300687923090E+00
    0.646301282435850916E-03    0.260047576244183574E+03    0.777819257815156817E+00
    0.646408608400197635E-03    0.260047244148125969E+03    0.778533137860255020E+00
    0.646298089177121753E-03    0.260047586125849307E+03    0.777372502900516182E+00
    0.646346115336251950E-03    0.260047437512150395E+03    0.777630506272897426E+00
    0.646336357125803498E-03    0.260047467707378246E+03    0.778587375155553651E+00
    0.646305097375271705E-03    0.260047564438766301E+03    0.777778347489474720E+00
    0.646277815605028291E-03    0.260047648864360895E+03    0.778434393601655117E+00
    0.646302596884369262E-03    0.260047572176584708E+03    0.777793036614227717E+00
    0.646317703056384905E-03    0.260047525430693383E+03    0.778207416081346359E+00
    0.646353617581926364E-03    0.260047414297956152E+03    0.777385240706636949E+00
    0.646293684013156595E-03    0.260047599757883972E+03    0.777274632111052299E+00
    0.646297963237352831E-03    0.260047586515575915E+03    0.777324561433735850E+00
    0.646348120082359135E-03    0.260047431308839350E+03    0.777605954368539631E+00
    0.646445297256787919E-03    0.260047130635357234E+03    0.779081677619521074E+00
    0.646368290676014212E-03    0.260047368895788850E+03    0.777845820411212308E+00
    0.646290056580754507E-03    0.260047610983253094E+03    0.777483348988362688E+00
    0.646408765740753908E-03    0.260047243661311484E+03    0.778530009356421138E+00
    0.646330996345839573E-03    0.260047484295651941E+03    0.778257532657544049E+00
    0.646279046050473043E-03    0.260047645056573458E+03    0.777504918537970879E+00
    0.646278484651125677E-03    0.260047646793902231E+03    0.777491418016316826E+00
    0.646372619370123749E-03    0.260047355501939933E+03    0.779036105366410658E+00
    0.646405274330478000E-03    0.260047254463824970E+03    0.778560426634572700E+00
    0.646282985572198157E-03    0.260047632865215121E+03    0.778161198717043923E+00
    0.646310554326411796E-03    0.260047547552227343E+03    0.778791027053664320E+00
    0.646368131462293988E-03    0.260047369388429786E+03    0.777849446735364269E+00
    0.646339585948348550E-03    0.260047457716250733E+03    0.778663129478133320E+00
    0.646361544494632569E-03    0.260047389770007726E+03    0.777692672156014564E+00
    0.646354214215062489E-03    0.260047412451806167E+03    0.778630535948774627E+00
    0.646297604016172686E-03    0.260047587627203370E+03    0.777413951009156556E+00
    0.646272804517371595E-03    0.260047664371955193E+03    0.778458197633746130E+00
    0.646302200007055805E-03    0.260047573404732134E+03    0.777799701240825758E+00
    0.646302201744874678E-03    0.260047573399354405E+03    0.778288450039593127E+00
    0.646278324612507469E-03    0.260047647289164388E+03    0.777495984033408694E+00
    0.646322853793121661E-03    0.260047509492042195E+03    0.778640331362785987E+00
    0.646336239907827179E-03    0.260047468070093373E+03    0.778582281631610917E+00
    0.646303495386434980E-03    0.260047569396148901E+03    0.777783403334356693E+00
    0.646337909454593423E-03    0.260047462903913583E+03    0.778654599167132200E+00
    0.646449941898795508E-03    0.260047116265617547E+03    0.779062604307940498E+00
    0.646302412945065261E-03    0.260047572745789694E+03    0.778824990098827108E+00
    0.646277777372362668E-03    0.260047648982677401E+03    0.778433361274819213E+00
    0.646445265166421638E-03    0.260047130734639779E+03    0.779077006203155897E+00
    0.646358491529549464E-03    0.260047399216647364E+03    0.779154048619750239E+00
    0.646278181283029734E-03    0.260047647732717849E+03    0.777526346844725769E+00
    0.646322686302801329E-03    0.260047510010329120E+03    0.779215303047368968E+00
    0.646287754333205330E-03    0.260047618107768244E+03    0.777226754285283650E+00
    0.646408700022988803E-03    0.260047243864643406E+03    0.778765550876900803E+00
    0.646312303837036058E-03    0.260047542138395727E+03    0.779249536992608460E+00
    0.646350412842077761E-03    0.260047424214347757E+03    0.778927218305813795E+00
    0.646405524766600361E-03    0.260047253688967203E+03    0.778555400846547729E+00
    0.646317706021820961E-03    0.260047525421516980E+03    0.778207147843486657E+00
    0.646293969133177287E-03    0.260047598875560766E+03    0.777311441614795928E+00
    0.646353730561935610E-03    0.260047413948364238E+03    0.778603989083485937E+00
    0.646289666385025914E-03    0.260047612190747600E+03    0.777454411855090788E+00
    0.646301754242468779E-03    0.260047574784163430E+03    0.778156918361579186E+00
    0.646359384883792801E-03    0.260047396452380667E+03    0.778717452560782397E+00
    0.646328473226503173E-03    0.260047492103181753E+03    0.778241341892550453E+00
    0.646358122945675322E-03    0.260047400357141328E+03    0.777831809057495605E+00
    0.646333381207458849E-03    0.260047476915974244E+03    0.778520144895410326E+00
    0.646352956169360371E-03    0.260047416344553824E+03    0.777680888231297440E+00
    0.646346116815315133E-03    0.260047437507573704E+03    0.777631346436093440E+00
    0.646345384574313359E-03    0.260047439773361020E+03    0.777642482963099013E+00
    0.646289695260041249E-03    0.260047612101391337E+03    0.777452331291784149E+00
    0.646305085679393064E-03    0.260047564474959358E+03    0.777778618567602775E+00
    0.646302439546308171E-03    0.260047572663471442E+03    0.778825499839652657E+00
    0.646301454798510434E-03    0.260047575710801880E+03    0.779270760078464853E+00
    0.646288331143004147E-03    0.260047616322775298E+03    0.777238625858409415E+00
    0.646407972801257076E-03    0.260047246114681627E+03    0.778747860688797311E+00
    0.646297505026161077E-03    0.260047587933532895E+03    0.777428961024974718E+00
    0.646334549700778530E-03    0.260047473300217121E+03    0.778527399377153095E+00
    0.646335299271954492E-03    0.260047470980765866E+03    0.778670504719104373E+00
    0.646301254960806107E-03    0.260047576329205981E+03    0.777745487270419034E+00
    0.646322705862930670E-03    0.260047509949801679E+03    0.779215045216690716E+00
    0.646297526864555451E-03    0.260047587865952892E+03    0.777417881083205531E+00
    0.646404403187785946E-03    0.260047257159172034E+03    0.778571871289031381E+00
    0.646326635808560442E-03    0.260047497788899250E+03    0.777580594401063863E+00
    0.646297294246825577E-03    0.260047588585800213E+03    0.777444620541025033E+00
    0.646278510006873669E-03    0.260047646715435292E+03    0.778706685039858959E+00
    0.646404236135869267E-03    0.260047257676037134E+03    0.778567982839675543E+00
    0.646308967990134073E-03    0.260047552461131318E+03    0.779285309967896023E+00
    0.646293499708517987E-03    0.260047600328227361E+03    0.777270567102036458E+00
    0.646381287453390535E-03    0.260047328681419117E+03    0.779002740409863725E+00
    0.646381384766592736E-03    0.260047328380317595E+03    0.779002205828714933E+00
    0.646405714370149368E-03    0.260047253102327659E+03    0.778549256754785035E+00
    0.646405790857821792E-03    0.260047252865672363E+03    0.778547726650527294E+00
    0.646350432385998496E-03    0.260047424153873067E+03    0.778932724137968213E+00
    0.646282724814132843E-03    0.260047633672162306E+03    0.778166456798503159E+00
    0.646353149131298683E-03    0.260047415747474759E+03    0.777678720260181144E+00
    0.646288937585895169E-03    0.260047614446081639E+03    0.777166860803706006E+00
    0.646309297297613578E-03    0.260047551442091162E+03    0.777882257802643529E+00
    0.646298390279757416E-03    0.260047585194073179E+03    0.777430398668062961E+00
    0.646276645542321953E-03    0.260047652485292133E+03    0.778500254811778536E+00
    0.646276279548226571E-03    0.260047653617916069E+03    0.778490794842177980E+00
    0.646276561177923890E-03    0.260047652746370431E+03    0.778497629401533220E+00
    0.646352477253203531E-03    0.260047417826457263E+03    0.777718692001764023E+00
    0.646301236324992078E-03    0.260047576386875107E+03    0.777745963371535343E+00
    0.646368441924906421E-03    0.260047368427792890E+03    0.777842314982636784E+00
    0.646279463896065913E-03    0.260047643763492829E+03    0.778451843748074968E+00
    0.646406880714238278E-03    0.260047249493624918E+03    0.778540133929133127E+00
    0.646297952068423118E-03    0.260047586550138703E+03    0.777322305593095453E+00
    0.819118567352570821E-03    0.260047784943909107E+03    0.775640405863562754E+00
    0.791357638896596997E-03    0.260047777113728898E+03    0.775647871774066133E+00
    0.764535580937638704E-03    0.260047774466470514E+03    0.775651871463456710E+00
    0.738622884620454014E-03    0.260047771109260566E+03    0.775576286125755687E+00
    0.713587416286940368E-03    0.260047770669491115E+03    0.775577149318784298E+00
    0.689401717920092591E-03    0.260047766754244662E+03    0.775663588509567514E+00
    0.689440722716223278E-03    0.260047257264112204E+03    0.775928758896023751E+00
    0.689454969751279105E-03    0.260047215935286147E+03    0.775854692138650881E+00
    0.689440745763569428E-03    0.260047257197254112E+03    0.775913173466340256E+00
    0.689442522037345389E-03    0.260047252044464699E+03    0.775982512072480923E+00
    0.689440936612665070E-03    0.260047256643619676E+03    0.775904916043082316E+00
    0.689455385487355204E-03    0.260047214729301800E+03    0.775849551801329640E+00
    0.689458580807283668E-03    0.260047205460210307E+03    0.776144003385165648E+00
    0.689455841656848008E-03    0.260047213406027367E+03    0.776136160431576183E+00
    0.689454533193692041E-03    0.260047217201671174E+03    0.776184093905828432E+00
    0.689450669554773909E-03    0.260047228409516094E+03    0.775867908354664571E+00
    0.689443226178673208E-03    0.260047250001826058E+03    0.775965555353343217E+00
    0.689443108677962441E-03    0.260047250342682901E+03    0.775968343603840482E+00
    0.689443037723529899E-03    0.260047250548514057E+03    0.775970067706318267E+00
    0.689430894175350291E-03    0.260047285775949717E+03    0.775889851269511266E+00
    0.689455012220328541E-03    0.260047215812090144E+03    0.775854349601734827E+00
    0.689457353109653153E-03    0.260047209021551794E+03    0.776092846638532730E+00
    0.689453913892792308E-03    0.260047218998167239E+03    0.776180588139503969E+00
    0.689442455214175887E-03    0.260047252238311671E+03    0.775983979841633364E+00
    0.689448600902870705E-03    0.260047234410395049E+03    0.776005302654961149E+00
    0.689463817786375912E-03    0.260047190268698159E+03    0.776043938112109921E+00
    0.689456447636536637E-03    0.260047211648178973E+03    0.776107376537271909E+00
    0.689440918077238621E-03    0.260047256697389116E+03    0.775906270106970664E+00
    0.689455734429539704E-03    0.260047213717076488E+03    0.776163471733735011E+00
    0.689453573928713935E-03    0.260047219984351102E+03    0.775938402570382824E+00
    0.689431896741510698E-03    0.260047282867564149E+03    0.775883205720520497E+00
    0.689449010317320747E-03    0.260047233222737759E+03    0.776003379212856337E+00
    0.689428802573906815E-03    0.260047291843576318E+03    0.775890710760695490E+00
    0.689457809943993041E-03    0.260047207696352530E+03    0.776089711005140348E+00
    0.689456098398392699E-03    0.260047212661261767E+03    0.776111926239709926E+00
    0.819051766329200728E-03    0.260047588651675653E+03    0.774137772659972523E+00
    0.810479070714053120E-03    0.260047579560994961E+03    0.774166482962492020E+00
    0.801992736551511475E-03    0.260047578863418153E+03    0.774167381798490539E+00
    0.793600275804223526E-03    0.260047565527140023E+03    0.774042754061230243E+00
    0.785291082297975319E-03    0.260047563793521022E+03    0.774191918427981296E+00
    0.777069277506595418E-03    0.260047561057727933E+03    0.773691489684551703E+00
    0.768932951225284578E-03    0.260047559887134639E+03    0.773686686380447797E+00
    0.760884935813084659E-03    0.260047550517571040E+03    0.774212679640396195E+00
    0.752917873445872678E-03    0.260047549864171856E+03    0.774045414099016504E+00
    0.745034130130456862E-03    0.260047549485506920E+03    0.774052681922849151E+00
    0.737233232705389687E-03    0.260047548304274642E+03    0.774055271195115302E+00
    0.729514226192832919E-03    0.260047546543390467E+03    0.774058006088315320E+00
    0.721875902964006920E-03    0.260047545160804589E+03    0.774039719715177710E+00
    0.714319267842890922E-03    0.260047538985887513E+03    0.774176587801517546E+00
    0.706839568702317999E-03    0.260047538943259042E+03    0.774177594860050999E+00
    0.706950969881697984E-03    0.260047752709200836E+03    0.780636830614192201E+00
    0.687583683312028454E-03    0.260047752694938254E+03    0.780637172333053853E+00
    0.668752873237033895E-03    0.260047735036751192E+03    0.780081788362468442E+00
    0.650432340077267503E-03    0.260047734109729106E+03    0.780085480102208462E+00
    0.632614983230205463E-03    0.260047729123404736E+03    0.780555974775141825E+00
    0.632575345442421542E-03    0.260047597246396947E+03    0.780699782048636881E+00
    0.632575404285009245E-03    0.260047597060355599E+03    0.780696946984761109E+00
    0.632650389923875424E-03    0.260047359993930627E+03    0.780406569306647535E+00
    0.632636665675208104E-03    0.260047403380918922E+03    0.780369511379482073E+00
    0.632697771851877433E-03    0.260047210210876585E+03    0.780261447833184296E+00
    0.632676767541007082E-03    0.260047276608011089E+03    0.780336748865244845E+00
    0.632650852370837333E-03    0.260047358531995883E+03    0.780408940803896778E+00
    0.632677638997399807E-03    0.260047273853189552E+03    0.780323966529324897E+00
    0.632636646724071112E-03    0.260047403440830522E+03    0.780358793399376749E+00
    0.632640046311135767E-03    0.260047392693498864E+03    0.780379229151792475E+00
    0.632697769677055804E-03    0.260047210217751342E+03    0.780261413579492635E+00
    0.632678680119026218E-03    0.260047270562032395E+03    0.780316470679810470E+00
    0.632679140373356634E-03    0.260047269107094280E+03    0.780310521955367209E+00
    0.632582709585915765E-03    0.260047573963476793E+03    0.780444702799729551E+00
    0.632700609017621744E-03    0.260047201242425899E+03    0.780272362201121616E+00
    0.632675570411998529E-03    0.260047280392345215E+03    0.780286316013294678E+00
    0.632650865874420675E-03    0.260047358489306987E+03    0.780383428654384148E+00
    0.632681312478050660E-03    0.260047262240735563E+03    0.780227205559469339E+00
    0.632681286462418195E-03    0.260047262322974859E+03    0.780226815067385004E+00
    0.632672071760951812E-03    0.260047291452233992E+03    0.780191862600463915E+00
    0.632675341910198473E-03    0.260047281114680175E+03    0.780168965149411031E+00
    0.632536354875596197E-03    0.260047720525841214E+03    0.779911743902988230E+00
    0.632636750789909415E-03    0.260047403111839685E+03    0.780366972580355700E+00
    0.632675246876861154E-03    0.260047281415097586E+03    0.780167588334558681E+00
    0.632645594056307548E-03    0.260047375155181840E+03    0.780118169602599498E+00
    0.632677605785070978E-03    0.260047273958179289E+03    0.780325473756537269E+00
    0.632573182374940768E-03    0.260047604085333035E+03    0.780677340138321685E+00
    0.632677644340326212E-03    0.260047273836299667E+03    0.780323721288408878E+00
    0.632645495527930576E-03    0.260047375466662345E+03    0.780116692907793952E+00
    0.632676042553158139E-03    0.260047278899823596E+03    0.780291089700419160E+00
    0.632675979856642625E-03    0.260047279098018294E+03    0.780290523111356049E+00
    0.632564152661460144E-03    0.260047632634687261E+03    0.780494394759738030E+00
    0.632650553369708680E-03    0.260047359477228781E+03    0.780429609815131875E+00
    0.632650850707772898E-03    0.260047358537253331E+03    0.780408998029792800E+00
    0.632690118817847368E-03    0.260047234402775644E+03    0.780242744646001407E+00
    0.632549314018511543E-03    0.260047679551089118E+03    0.780524370385961008E+00
    0.706940423898119166E-03    0.260047744498775046E+03    0.781169068448103632E+00
    0.689044891041576337E-03    0.260047742394476700E+03    0.781193243868177123E+00
    0.671601709586706528E-03    0.260047742247303745E+03    0.781193934938150925E+00
    0.654602388870172071E-03    0.260047735114669933E+03    0.781361642154073555E+00
    0.638031912447927711E-03    0.260047732483016603E+03    0.781371903418290881E+00
    0.637963801246277731E-03    0.260047726849210051E+03    0.781381010333100812E+00
    0.638003019898423997E-03    0.260047603903529932E+03    0.780969954615858275E+00
    0.637976464407091401E-03    0.260047687150922741E+03    0.781353101566964914E+00
    0.637974099910840263E-03    0.260047694563423875E+03    0.781259416578616084E+00
    0.638017025922209963E-03    0.260047559998189001E+03    0.781215160809053288E+00
    0.638199855620732027E-03    0.260046986961732841E+03    0.780994290721958917E+00
    0.638003016994601632E-03    0.260047603912632781E+03    0.780969813033932980E+00
    0.637972198762837457E-03    0.260047700523386311E+03    0.781297779571431983E+00
    0.637966522676969424E-03    0.260047718317613487E+03    0.781238183856975521E+00
    0.638144081202428348E-03    0.260047161756055061E+03    0.781077659640183941E+00
    0.638009092433782562E-03    0.260047584867549631E+03    0.780988222109594954E+00
    0.637969212799290616E-03    0.260047709884203414E+03    0.781277636117184593E+00
    0.637972459671467987E-03    0.260047699705455443E+03    0.781300509590653447E+00
    0.638182013742682823E-03    0.260047042875651641E+03    0.781037557701623975E+00
    0.637969342467967345E-03    0.260047709477698959E+03    0.781255921560282007E+00
    0.637976407994407632E-03    0.260047687327771541E+03    0.781326189583255060E+00
    0.637975082594266648E-03    0.260047691482788878E+03    0.781317822548183938E+00
    0.637964669346531414E-03    0.260047724127740082E+03    0.781275795552155317E+00
    0.637963184010687510E-03    0.260047728784228582E+03    0.781378329410837291E+00
    0.638178050739122093E-03    0.260047055295355676E+03    0.781061055734069809E+00
    0.637976848269691094E-03    0.260047685947547677E+03    0.781348844275744359E+00
    0.637968971283634943E-03    0.260047710641342462E+03    0.781252228065596244E+00
    0.638182177351948932E-03    0.260047042362916272E+03    0.781019363115963206E+00
    0.638041631238169915E-03    0.260047482869082671E+03    0.781100818928017748E+00
    0.638178644127086725E-03    0.260047053435725161E+03    0.781073760135882922E+00
    0.638002737801989786E-03    0.260047604787840783E+03    0.780954943582115590E+00
    0.638143060646082102E-03    0.260047164954571485E+03    0.781078805884175886E+00
    0.637971257970907204E-03    0.260047703472708008E+03    0.781290990324048695E+00
    0.637964752073672415E-03    0.260047723868393007E+03    0.781384974149324507E+00
    0.638016591415978729E-03    0.260047561360241616E+03    0.781209188265997279E+00
    0.637970457198442373E-03    0.260047705983081187E+03    0.781284928062494388E+00
    0.637997764690024908E-03    0.260047620377527323E+03    0.780925214778353860E+00
    0.637976940164826584E-03    0.260047685659464719E+03    0.781349334053496380E+00
    0.637965357268966359E-03    0.260047721971125156E+03    0.781388510621909060E+00
    0.638016114001173883E-03    0.260047562856801392E+03    0.781201485077952840E+00
    0.638016732516230654E-03    0.260047560917932628E+03    0.781211120561843719E+00
    0.638032294378548413E-03    0.260047512136539467E+03    0.781139781130856026E+00
    0.637970929696020654E-03    0.260047704501829514E+03    0.781288526580266374E+00
    0.637966628868868015E-03    0.260047717984706082E+03    0.781389125120000250E+00
    0.699496842562774622E-03    0.260047400384415823E+03    0.774269103597192698E+00
    0.689718504630427802E-03    0.260047386830729465E+03    0.774286399427877359E+00
    0.680091302344629765E-03    0.260047330802118267E+03    0.774235614904693281E+00
    0.670613662779980879E-03    0.260047229487079107E+03    0.774647202076012564E+00
    0.661234719503300383E-03    0.260047229139763203E+03    0.774644331094798688E+00
    0.651989636665827217E-03    0.260047220540254386E+03    0.774636350028361842E+00
    0.642878111878378137E-03    0.260047198571104730E+03    0.774350595127238028E+00
    0.642858730667853753E-03    0.260047192743137316E+03    0.774394687906750256E+00
    0.642857466546047931E-03    0.260047196675954865E+03    0.774362986115163188E+00
    0.642859590927261190E-03    0.260047190066783116E+03    0.774389508748578481E+00
    0.642857807276743325E-03    0.260047195615904627E+03    0.774361456116937852E+00
    0.642858547732855332E-03    0.260047193312267098E+03    0.774391456924186872E+00
    0.642859563880871215E-03    0.260047190150927122E+03    0.774388956679362472E+00
    0.642882374430195727E-03    0.260047119186299938E+03    0.774428874232768849E+00
    0.642884449473612551E-03    0.260047112730873096E+03    0.774449190097263984E+00
    0.642884681954486079E-03    0.260047112007630119E+03    0.774455223530237546E+00
    0.642882671854793156E-03    0.260047118261015498E+03    0.774436713719420244E+00
    0.642861337575013837E-03    0.260047184632795961E+03    0.774413833952323105E+00
    0.642858489728222551E-03    0.260047193492725569E+03    0.774372544946440811E+00
    0.642884601152046362E-03    0.260047112259004734E+03    0.774452556160000749E+00
    0.643102995728760617E-03    0.260046432953607564E+03    0.775085149844683019E+00
    0.643097260981904625E-03    0.260046450788301115E+03    0.775106819871786534E+00
    0.643099753937652059E-03    0.260046443035349682E+03    0.775090509405630512E+00
    0.643102807183380571E-03    0.260046433539969030E+03    0.775087076043941337E+00
    0.643102720851457949E-03    0.260046433808454651E+03    0.775087982624979244E+00
    0.643085409873959480E-03    0.260046487644987849E+03    0.775116407219637815E+00
    0.642938466461347321E-03    0.260046944692219881E+03    0.774714845744351344E+00
    0.642919590278881155E-03    0.260047003411554783E+03    0.774728958265295531E+00
    0.642888114520246030E-03    0.260047101329022610E+03    0.774560110401442348E+00
    0.642919076494737345E-03    0.260047005009839722E+03    0.774760793646279922E+00
    0.642879039647652304E-03    0.260047129560798680E+03    0.774627853927343568E+00
    0.642882074432078667E-03    0.260047120119591000E+03    0.774602743687812456E+00
    0.642879568925770165E-03    0.260047127914212410E+03    0.774613225317445697E+00
    0.642918369035180154E-03    0.260047007210614197E+03    0.774754149571896811E+00
    0.642890873949081417E-03    0.260047092744564907E+03    0.774544018017122915E+00
    0.642903764287838103E-03    0.260047052643794927E+03    0.774844975518785839E+00
    0.642884967724786623E-03    0.260047111118605244E+03    0.774465770025793976E+00
    0.642904930941323944E-03    0.260047049014472805E+03    0.774822671798387486E+00
    0.642935809482923586E-03    0.260046952957346491E+03    0.774702971131259188E+00
    0.642903694244981389E-03    0.260047052861690247E+03    0.774845350025814117E+00
    0.642902446370107752E-03    0.260047056743690291E+03    0.774851921025655033E+00
    0.642918808931875938E-03    0.260047005842177498E+03    0.774734998332916480E+00
    0.642937849454536443E-03    0.260046946611554745E+03    0.774719587597060277E+00
    0.642918433329209239E-03    0.260047007010607388E+03    0.774753670020214225E+00
    0.642890495445894725E-03    0.260047093922068939E+03    0.774552715029423244E+00
    0.642917893076467716E-03    0.260047008691234169E+03    0.774744382702628465E+00
    0.642883006161735744E-03    0.260047117220991026E+03    0.774592313490146789E+00
    0.642904469108790139E-03    0.260047050451178848E+03    0.774790693934825581E+00
    0.642934724695744665E-03    0.260046956331829847E+03    0.774708817208073053E+00
    0.642917548315888039E-03    0.260047009763721576E+03    0.774746987590304248E+00
    0.642888427449161233E-03    0.260047100355513123E+03    0.774514296067874142E+00
    0.642896600720186165E-03    0.260047074928957841E+03    0.774801647998223153E+00
    0.642911290560787586E-03    0.260047029230558564E+03    0.774925161127270279E+00
    0.642910144958118001E-03    0.260047032794358756E+03    0.774956101345113835E+00
    0.642908760142476719E-03    0.260047037102323543E+03    0.774910821390171756E+00
    0.642910081111847391E-03    0.260047032992975232E+03    0.774951783096391233E+00
    0.642990553672505597E-03    0.260046782670178629E+03    0.775007910053677085E+00
    0.642908835325830836E-03    0.260047036868438568E+03    0.774909986741886159E+00
    0.642912467114688767E-03    0.260047025570480287E+03    0.774918416575391844E+00
    0.642909823341176697E-03    0.260047033794862557E+03    0.774960129579247425E+00
    0.642990505332260054E-03    0.260046782820539306E+03    0.775022779581205912E+00
    0.642893460930548679E-03    0.260047084696616594E+03    0.774988979180112780E+00
    0.642990455266685863E-03    0.260046782976266570E+03    0.775009451469799604E+00
    0.642990349269658410E-03    0.260046783305966756E+03    0.775025736734598736E+00
    0.642903365569271910E-03    0.260047053884163120E+03    0.774876823386229208E+00
    0.642898304166486631E-03    0.260047069629679413E+03    0.774813026836906782E+00
    0.642888527706635756E-03    0.260047100043616183E+03    0.774511571407857424E+00
    0.643104312931967151E-03    0.260046428857212845E+03    0.775074215547353895E+00
    0.642882495953241801E-03    0.260047118808243113E+03    0.774598052762812905E+00
    0.642896547022993098E-03    0.260047075096005528E+03    0.774817460451699858E+00
    0.642947565395626743E-03    0.260046916388205204E+03    0.774677999591345978E+00
    0.642878310244625827E-03    0.260047131829976536E+03    0.774625047772866671E+00
    0.642879256752134807E-03    0.260047128885385632E+03    0.774618909164032088E+00
    0.642879277980977276E-03    0.260047128819342618E+03    0.774618726731431617E+00
    0.642857368660621712E-03    0.260047196980487172E+03    0.774357965104988666E+00
    0.642895128478681134E-03    0.260047079508988872E+03    0.774976573460904539E+00
    0.643079896829912919E-03    0.260046504790665836E+03    0.775131614429317217E+00
    0.642859622436969987E-03    0.260047189968753287E+03    0.774387662127140164E+00
    0.699439676757392581E-03    0.260047497715444706E+03    0.773889941492210243E+00
    0.699467110465641900E-03    0.260047419272167417E+03    0.773976216265273687E+00
    0.699473111507148068E-03    0.260047402113345584E+03    0.773987083819832500E+00
    0.699466682563937596E-03    0.260047420495675510E+03    0.773953969634361361E+00
    0.699467131699643978E-03    0.260047419211452620E+03    0.773975480952693751E+00
    0.699446974576412570E-03    0.260047476847938356E+03    0.773894831777582781E+00
    0.699433676437730112E-03    0.260047514873022692E+03    0.773843582545982400E+00
    0.699465619069068495E-03    0.260047423536551378E+03    0.773965980120430275E+00
    0.699433653172881081E-03    0.260047514939547511E+03    0.773846268035404794E+00
    0.699433246352603962E-03    0.260047516102832674E+03    0.773863889276159789E+00
    0.699433343425976848E-03    0.260047515825255459E+03    0.773859650952717693E+00
    0.699477865698566324E-03    0.260047388519755827E+03    0.773942894274073367E+00
    0.699440164114913891E-03    0.260047496321879635E+03    0.773880437234577667E+00
    0.699477805635359421E-03    0.260047388691493097E+03    0.773947446589688615E+00
    0.699470894586524321E-03    0.260047408452185778E+03    0.773983676719306790E+00
    0.699441349280012330E-03    0.260047492932986188E+03    0.773875111927321613E+00
    0.699446980279874795E-03    0.260047476831629865E+03    0.773894662792704136E+00
    0.699433541647739312E-03    0.260047515258448811E+03    0.773850819209230378E+00
    0.699470911826319632E-03    0.260047408402891961E+03    0.773983923345886393E+00
    0.699428972038265077E-03    0.260047528325092401E+03    0.773916059009369994E+00
    0.699427413476249086E-03    0.260047532781767245E+03    0.773835737745015795E+00
    0.699458350307949664E-03    0.260047444320414627E+03    0.773936244836674447E+00
    0.699461642699344228E-03    0.260047434906319722E+03    0.773930302477326970E+00
    0.699427506152945915E-03    0.260047532516759929E+03    0.773839351525556052E+00
