

    0.833334213571827465E-01    0.260047928132625429E+03    0.770383021142009294E+00
    0.833331907594572069E-01    0.260047933666972654E+03    0.770398026542514769E+00
    0.833328359738948615E-01    0.260047942181858843E+03    0.770555473636009847E+00
    0.833330671420458163E-01    0.260047936633797804E+03    0.770367500794339799E+00
    0.833335518801680275E-01    0.260047925000079545E+03    0.770576073806145345E+00
    0.833330879165842253E-01    0.260047936135207351E+03    0.770423780751448239E+00
    0.833336875486467843E-01    0.260047921744047244E+03    0.770336973904375055E+00
    0.833335765164961162E-01    0.260047924408809308E+03    0.770337375814356684E+00
    0.833335459528880829E-01    0.260047925142333895E+03    0.770576656118902803E+00
    0.833334258225034014E-01    0.260047928025457850E+03    0.770381936029294834E+00
    0.833332786076264598E-01    0.260047931558614096E+03    0.770338472671081687E+00
    0.833333305225064103E-01    0.260047930312656547E+03    0.770380465380924195E+00


    0.222744293159709873E-01    0.260047931293694035E+03    0.768784239220331789E+00
    0.217739064720986787E-01    0.260047930850316675E+03    0.768808681512876513E+00
    0.212846337919705385E-01    0.260047930120672959E+03    0.769540026373538022E+00
    0.208063802202268222E-01    0.260047927001462142E+03    0.768795783856194848E+00
    0.203388421224191679E-01    0.260047926892334658E+03    0.768816470802349050E+00
    0.198818940667499187E-01    0.260047918329255765E+03    0.768780962893665820E+00
    0.194351924663877240E-01    0.260047911792482978E+03    0.768777455847602931E+00
    0.189985506667088855E-01    0.260047902790586818E+03    0.768839150171565455E+00
    0.185716691250106605E-01    0.260047899127843948E+03    0.769524278809714191E+00
    0.181543593847146960E-01    0.260047897654079804E+03    0.769521667536623655E+00
    0.177464265961142162E-01    0.260047896191087261E+03    0.768700283422190545E+00
    0.173476771803878736E-01    0.260047892765208985E+03    0.768714558077275067E+00
    0.173502480365182558E-01    0.260047424221852054E+03    0.769092725683411027E+00
    0.173500115192065651E-01    0.260047451485891543E+03    0.769150704623623449E+00
    0.173503303500378465E-01    0.260047414733420055E+03    0.769095343807239873E+00
    0.173500171382942707E-01    0.260047450838158625E+03    0.769154051209293921E+00
    0.173503442996542391E-01    0.260047413125426374E+03    0.769098943705480265E+00
    0.173500780656711574E-01    0.260047443814849146E+03    0.769178855766630143E+00
    0.173500344354390879E-01    0.260047448844254404E+03    0.769159549532280273E+00
    0.173480498060689728E-01    0.260047677632605769E+03    0.769039809438818889E+00
    0.173485048016854028E-01    0.260047625178335124E+03    0.769012738821801323E+00
    0.173485048903258381E-01    0.260047625168116326E+03    0.769029679417876921E+00
    0.173503401494039568E-01    0.260047413603831956E+03    0.769096522159992579E+00
    0.173485008323796784E-01    0.260047625635931468E+03    0.769026868628320037E+00
    0.173475332975987669E-01    0.260047737180066747E+03    0.768909733328501432E+00
    0.173477059451246120E-01    0.260047717275603816E+03    0.768933584173970952E+00
    0.173477121539950298E-01    0.260047716559789365E+03    0.768917674076715629E+00
    0.173477448938387409E-01    0.260047712785249814E+03    0.768940460561183703E+00
    0.173488127821922189E-01    0.260047589673514778E+03    0.769495205418063599E+00
    0.173521946983770936E-01    0.260047199838585925E+03    0.769381760616813404E+00
    0.173494312013944135E-01    0.260047518382390933E+03    0.769470307551420429E+00
    0.173506979758535247E-01    0.260047372357060226E+03    0.769391545754717354E+00
    0.173495541873683219E-01    0.260047504204918880E+03    0.769407141460508259E+00
    0.173518190008998784E-01    0.260047243141643662E+03    0.769359156605718630E+00
    0.173496110258194204E-01    0.260047497652778418E+03    0.769431428469651069E+00
    0.173501190949998003E-01    0.260047439085270412E+03    0.769338727704041214E+00
    0.173497177341187664E-01    0.260047485351871956E+03    0.769188245527840597E+00
    0.173509176132706118E-01    0.260047347039804720E+03    0.769291644863130619E+00
    0.173518464945900813E-01    0.260047239972676948E+03    0.769365573463947294E+00
    0.173508225890215972E-01    0.260047357993059336E+03    0.769404538179945807E+00
    0.173509447120548457E-01    0.260047343916193199E+03    0.769255923971727817E+00
    0.173469288165454087E-01    0.260047806872002184E+03    0.769516995333087817E+00
    0.173495302249980568E-01    0.260047506967224649E+03    0.769451558942235381E+00
    0.173517153785401092E-01    0.260047255085367738E+03    0.769349977807557206E+00
    0.173495955344438804E-01    0.260047499438568593E+03    0.769231906411420696E+00
    0.173495988947448415E-01    0.260047499051205023E+03    0.769234169144317415E+00
    0.173505493801230960E-01    0.260047389485635335E+03    0.769268104613374692E+00
    0.173495877312832593E-01    0.260047500338089549E+03    0.769213534625461715E+00
    0.173507209076122770E-01    0.260047369713737908E+03    0.769394261544431690E+00
    0.173495957369986589E-01    0.260047499415218795E+03    0.769426228647477672E+00
    0.173521581469539103E-01    0.260047204051477991E+03    0.769372243640905062E+00
    0.173497678353850791E-01    0.260047479576424223E+03    0.769473785369287677E+00
    0.173497130972088166E-01    0.260047485886394838E+03    0.769182477107311358E+00
    0.173482776027673070E-01    0.260047651370840867E+03    0.768998803692919397E+00
    0.173495928837646730E-01    0.260047499744129539E+03    0.769424104743612558E+00
    0.173465566946675205E-01    0.260047849775950567E+03    0.768753962382315859E+00


    0.192914788880357707E-01    0.260047961285987981E+03    0.771933409448177121E+00
    0.189169116185416222E-01    0.260047959946549554E+03    0.771942526639094462E+00
    0.185498345315689601E-01    0.260047935155724531E+03    0.772140734483818258E+00
    0.181897079327747839E-01    0.260047929335356912E+03    0.771812689162828525E+00
    0.178365210099954916E-01    0.260047929325972063E+03    0.771812235872309516E+00
    0.174902846649971147E-01    0.260047918705126563E+03    0.771905751764760062E+00
    0.171507272629976004E-01    0.260047912990954615E+03    0.771828280301460667E+00
    0.168177530139948066E-01    0.260047908351137721E+03    0.771877047282208850E+00
    0.164912080288341679E-01    0.260047907991530792E+03    0.773124546178506900E+00
    0.161710026974478983E-01    0.260047907726761139E+03    0.772971789557183153E+00
    0.158570320550636482E-01    0.260047905273865467E+03    0.771868867500651867E+00
    0.155491398129864768E-01    0.260047905077814448E+03    0.771866571747309993E+00
    0.152472772780530685E-01    0.260047898134805962E+03    0.771851132080924818E+00
    0.149512257820345208E-01    0.260047897767300412E+03    0.773109477979566639E+00
    0.146609365827578501E-01    0.260047895495450348E+03    0.772120394135286769E+00
    0.143763065010709210E-01    0.260047890032752207E+03    0.772117237813693236E+00
    0.140971949272966721E-01    0.260047885613114204E+03    0.771881515105384719E+00
    0.138235284764975357E-01    0.260047877394511431E+03    0.772980044696861768E+00
    0.135551231532874926E-01    0.260047876776376995E+03    0.772109728054119260E+00
    0.132919435940470620E-01    0.260047874013059641E+03    0.772973529644717106E+00
    0.130339910642312731E-01    0.260047853255876248E+03    0.772099719933049600E+00
    0.127809272193102445E-01    0.260047850856895479E+03    0.772091859033046668E+00
    0.127801725337716270E-01    0.260047840801772168E+03    0.772504799845117551E+00
    0.127805181439043861E-01    0.260047786717140866E+03    0.772265709077665008E+00
    0.127826375498787809E-01    0.260047455082658075E+03    0.772305345166019119E+00
    0.127809627087010214E-01    0.260047717149215714E+03    0.772588874389389724E+00
    0.127812841153531996E-01    0.260047666855256125E+03    0.772473577605213180E+00
    0.127802573336953454E-01    0.260047827531271764E+03    0.772477814786865502E+00
    0.127831493817962168E-01    0.260047375001897194E+03    0.772414076659303395E+00
    0.127836105254430440E-01    0.260047302854523252E+03    0.772416805536735196E+00
    0.127832644848679365E-01    0.260047356993415860E+03    0.772401897188355946E+00
    0.127826357980628195E-01    0.260047455356751129E+03    0.772305543837430442E+00
    0.127832365327816694E-01    0.260047361366651955E+03    0.772405038251876785E+00
    0.127801344066625026E-01    0.260047846768384261E+03    0.772096525527633970E+00
    0.127837287290565524E-01    0.260047284361615198E+03    0.772330934957232818E+00
    0.127826730102501996E-01    0.260047449534456916E+03    0.772301927789386000E+00
    0.127832764134071537E-01    0.260047355127142396E+03    0.772400275846952922E+00
    0.127837073394653881E-01    0.260047287707995508E+03    0.772333470872201833E+00
    0.127824267926955962E-01    0.260047488058469185E+03    0.772449034835173021E+00
    0.127802107723501302E-01    0.260047834817733815E+03    0.772492988030459959E+00
    0.127809064510907237E-01    0.260047725952579810E+03    0.772229392172028128E+00
    0.127809661603378952E-01    0.260047716609094209E+03    0.772587744017566580E+00
    0.127803524158936199E-01    0.260047812651783488E+03    0.772532796529061816E+00
    0.127801882609478255E-01    0.260047838340589976E+03    0.772498840844566770E+00
    0.127804119595875988E-01    0.260047803333800175E+03    0.772520872819011717E+00
    0.127833051305307390E-01    0.260047350634226746E+03    0.772396987492558140E+00
    0.127801762722204258E-01    0.260047840216733391E+03    0.772503573562957846E+00
    0.127832536925920545E-01    0.260047358681917331E+03    0.772369460084188941E+00
    0.127803010469647975E-01    0.260047820690533968E+03    0.772278448025575548E+00
    0.127823940979445872E-01    0.260047493174053784E+03    0.772451657526160851E+00
    0.127831146788877706E-01    0.260047380431381669E+03    0.772376636232581681E+00
    0.127838275944776019E-01    0.260047268894290937E+03    0.772322748324937525E+00
    0.127809210672870585E-01    0.260047723665388673E+03    0.772602892141787123E+00
    0.127806408030185191E-01    0.260047767522531672E+03    0.772250557528075254E+00
    0.127807698305769466E-01    0.260047747331539824E+03    0.772246831649437859E+00
    0.127804534225335453E-01    0.260047796845295920E+03    0.772275095237308751E+00
    0.127833928411672116E-01    0.260047336911588559E+03    0.772386468876120058E+00
    0.127826085845694076E-01    0.260047459614640161E+03    0.772428593880906234E+00
    0.127834859829057557E-01    0.260047322339338393E+03    0.772359111207525761E+00
    0.127801223336571033E-01    0.260047848657724501E+03    0.772090892039531074E+00
    0.127832054516578923E-01    0.260047366229451995E+03    0.772375123340652392E+00
    0.127802109615529329E-01    0.260047834788125101E+03    0.772492921053515191E+00
    0.127804707166366115E-01    0.260047794138961365E+03    0.772505484675400922E+00
    0.127822847942685690E-01    0.260047510276349726E+03    0.772462126984781783E+00
    0.127804325641383519E-01    0.260047800109407376E+03    0.772516092285860823E+00
    0.127804804180203305E-01    0.260047792620804444E+03    0.772995713477194868E+00
    0.127836591005881291E-01    0.260047295254940536E+03    0.772338634350721365E+00
    0.127808647485987137E-01    0.260047732478339185E+03    0.772232814564899894E+00
    0.127805279205251508E-01    0.260047785187215879E+03    0.772264323364070360E+00
    0.127825127785965633E-01    0.260047474604746640E+03    0.772427041386952840E+00
    0.127832579251078524E-01    0.260047358019720491E+03    0.772402641644053811E+00
    0.127823637354269968E-01    0.260047497924737172E+03    0.772454506958434095E+00
    0.127801935897221899E-01    0.260047837506678434E+03    0.772496961981425811E+00


    0.334189106168228112E-01    0.260047784943909107E+03    0.775640405863562754E+00
    0.322863029288922368E-01    0.260047777113728898E+03    0.775647871774066133E+00
    0.311919998655558021E-01    0.260047774466470514E+03    0.775651871463456710E+00
    0.301347975061174896E-01    0.260047771109260566E+03    0.775576286125755687E+00
    0.291133848415357187E-01    0.260047770669491115E+03    0.775577149318784298E+00
    0.281266416224930163E-01    0.260047766754244662E+03    0.775663588509567514E+00
    0.281282329645129274E-01    0.260047257264112204E+03    0.775928758896023751E+00
    0.281288142239423493E-01    0.260047215935286147E+03    0.775854692138650881E+00
    0.281282339048129423E-01    0.260047257197254112E+03    0.775913173466340256E+00
    0.281283063743392320E-01    0.260047252044464699E+03    0.775982512072480923E+00
    0.281282416911934792E-01    0.260047256643619676E+03    0.775904916043082316E+00
    0.281288311854022907E-01    0.260047214729301800E+03    0.775849551801329640E+00
    0.281289615500592977E-01    0.260047205460210307E+03    0.776144003385165648E+00
    0.281288497964900033E-01    0.260047213406027367E+03    0.776136160431576183E+00
    0.281287964129934044E-01    0.260047217201671174E+03    0.776184093905828432E+00
    0.281286387818410824E-01    0.260047228409516094E+03    0.775867908354664571E+00
    0.281283351023366608E-01    0.260047250001826058E+03    0.775965555353343217E+00
    0.281283303084693161E-01    0.260047250342682901E+03    0.775968343603840482E+00
    0.281283274136260829E-01    0.260047250548514057E+03    0.775970067706318267E+00
    0.281278319735672709E-01    0.260047285775949717E+03    0.775889851269511266E+00
    0.281288159566211379E-01    0.260047215812090144E+03    0.775854349601734827E+00
    0.281289114616850196E-01    0.260047209021551794E+03    0.776092846638532730E+00
    0.281287711463687196E-01    0.260047218998167239E+03    0.776180588139503969E+00
    0.281283036480458534E-01    0.260047252238311671E+03    0.775983979841633364E+00
    0.281285543836894518E-01    0.260047234410395049E+03    0.776005302654961149E+00
    0.281291752116013018E-01    0.260047190268698159E+03    0.776043938112109921E+00
    0.281288745196275995E-01    0.260047211648178973E+03    0.776107376537271909E+00
    0.281282409349735800E-01    0.260047256697389116E+03    0.775906270106970664E+00
    0.281288454217633460E-01    0.260047213717076488E+03    0.776163471733735011E+00
    0.281287572763020410E-01    0.260047219984351102E+03    0.775938402570382824E+00
    0.281278728768872971E-01    0.260047282867564149E+03    0.775883205720520497E+00
    0.281285710872357479E-01    0.260047233222737759E+03    0.776003379212856337E+00
    0.281277466391059716E-01    0.260047291843576318E+03    0.775890710760695490E+00
    0.281289300998975797E-01    0.260047207696352530E+03    0.776089711005140348E+00
    0.281288602711918072E-01    0.260047212661261767E+03    0.776111926239709926E+00


    0.138944707790152871E-01    0.260047400384415823E+03    0.774269103597192698E+00
    0.137002385503599625E-01    0.260047386830729465E+03    0.774286399427877359E+00
    0.135090084079141307E-01    0.260047330802118267E+03    0.774235614904693281E+00
    0.133207491078398271E-01    0.260047229487079107E+03    0.774647202076012564E+00
    0.131344502636328436E-01    0.260047229139763203E+03    0.774644331094798688E+00
    0.129508103591777796E-01    0.260047220540254386E+03    0.774636350028361842E+00
    0.127698233879605036E-01    0.260047198571104730E+03    0.774350595127238028E+00
    0.127694384088628057E-01    0.260047192743137316E+03    0.774394687906750256E+00
    0.127694132989517612E-01    0.260047196675954865E+03    0.774362986115163188E+00
    0.127694554966442941E-01    0.260047190066783116E+03    0.774389508748578481E+00
    0.127694200670633567E-01    0.260047195615904627E+03    0.774361456116937852E+00
    0.127694347751294759E-01    0.260047193312267098E+03    0.774391456924186872E+00
    0.127694549594077385E-01    0.260047190150927122E+03    0.774388956679362472E+00
    0.127699080572514414E-01    0.260047119186299938E+03    0.774428874232768849E+00
    0.127699492749215830E-01    0.260047112730873096E+03    0.774449190097263984E+00
    0.127699538928104789E-01    0.260047112007630119E+03    0.774455223530237546E+00
    0.127699139651514179E-01    0.260047118261015498E+03    0.774436713719420244E+00
    0.127694901912200030E-01    0.260047184632795961E+03    0.774413833952323105E+00
    0.127694336229531892E-01    0.260047193492725569E+03    0.774372544946440811E+00
    0.127699522877894565E-01    0.260047112259004734E+03    0.774452556160000749E+00
    0.127742903732243184E-01    0.260046432953607564E+03    0.775085149844683019E+00
    0.127741764609551438E-01    0.260046450788301115E+03    0.775106819871786534E+00
    0.127742259798359712E-01    0.260046443035349682E+03    0.775090509405630512E+00
    0.127742866280490513E-01    0.260046433539969030E+03    0.775087076043941337E+00
    0.127742849131930250E-01    0.260046433808454651E+03    0.775087982624979244E+00
    0.127739410562141588E-01    0.260046487644987849E+03    0.775116407219637815E+00
    0.127710222425348463E-01    0.260046944692219881E+03    0.774714845744351344E+00
    0.127706472950729899E-01    0.260047003411554783E+03    0.774728958265295531E+00
    0.127700220756552709E-01    0.260047101329022610E+03    0.774560110401442348E+00
    0.127706370895104507E-01    0.260047005009839722E+03    0.774760793646279922E+00
    0.127698418167257015E-01    0.260047129560798680E+03    0.774627853927343568E+00
    0.127699020982323056E-01    0.260047120119591000E+03    0.774602743687812456E+00
    0.127698523300531341E-01    0.260047127914212410E+03    0.774613225317445697E+00
    0.127706230368721148E-01    0.260047007210614197E+03    0.774754149571896811E+00
    0.127700768876300910E-01    0.260047092744564907E+03    0.774544018017122915E+00
    0.127703329351549523E-01    0.260047052643794927E+03    0.774844975518785839E+00
    0.127699595692150735E-01    0.260047111118605244E+03    0.774465770025793976E+00
    0.127703561090018979E-01    0.260047049014472805E+03    0.774822671798387486E+00
    0.127709694655860125E-01    0.260046952957346491E+03    0.774702971131259188E+00
    0.127703315438571410E-01    0.260047052861690247E+03    0.774845350025814117E+00
    0.127703067566673871E-01    0.260047056743690291E+03    0.774851921025655033E+00
    0.127706317747697216E-01    0.260047005842177498E+03    0.774734998332916480E+00
    0.127710099866066105E-01    0.260046946611554745E+03    0.774719587597060277E+00
    0.127706243139779629E-01    0.260047007010607388E+03    0.774753670020214225E+00
    0.127700693692237906E-01    0.260047093922068939E+03    0.774552715029423244E+00
    0.127706135826558577E-01    0.260047008691234169E+03    0.774744382702628465E+00
    0.127699206056646562E-01    0.260047117220991026E+03    0.774592313490146789E+00
    0.127703469353812951E-01    0.260047050451178848E+03    0.774790693934825581E+00
    0.127709479178922409E-01    0.260046956331829847E+03    0.774708817208073053E+00
    0.127706067344965681E-01    0.260047009763721576E+03    0.774746987590304248E+00
    0.127700282915256015E-01    0.260047100355513123E+03    0.774514296067874142E+00
    0.127701906414727541E-01    0.260047074928957841E+03    0.774801647998223153E+00
    0.127704824334417318E-01    0.260047029230558564E+03    0.774925161127270279E+00
    0.127704596777381343E-01    0.260047032794358756E+03    0.774956101345113835E+00
    0.127704321704224591E-01    0.260047037102323543E+03    0.774910821390171756E+00
    0.127704584095263470E-01    0.260047032992975232E+03    0.774951783096391233E+00
    0.127720568779890221E-01    0.260046782670178629E+03    0.775007910053677085E+00
    0.127704336638286529E-01    0.260047036868438568E+03    0.774909986741886159E+00
    0.127705058039457933E-01    0.260047025570480287E+03    0.774918416575391844E+00
    0.127704532892930090E-01    0.260047033794862557E+03    0.774960129579247425E+00
    0.127720559177815010E-01    0.260046782820539306E+03    0.775022779581205912E+00
    0.127701282741928528E-01    0.260047084696616594E+03    0.774988979180112780E+00
    0.127720549233028766E-01    0.260046782976266570E+03    0.775009451469799604E+00
    0.127720528178286129E-01    0.260046783305966756E+03    0.775025736734598736E+00
    0.127703250152000191E-01    0.260047053884163120E+03    0.774876823386229208E+00
    0.127702244779154730E-01    0.260047069629679413E+03    0.774813026836906782E+00
    0.127700302829921297E-01    0.260047100043616183E+03    0.774511571407857424E+00
    0.127743165375189208E-01    0.260046428857212845E+03    0.775074215547353895E+00
    0.127699104711271171E-01    0.260047118808243113E+03    0.774598052762812905E+00
    0.127701895748573904E-01    0.260047075096005528E+03    0.774817460451699858E+00
    0.127712029794142343E-01    0.260046916388205204E+03    0.774677999591345978E+00
    0.127698273282127878E-01    0.260047131829976536E+03    0.774625047772866671E+00
    0.127698461291853253E-01    0.260047128885385632E+03    0.774618909164032088E+00
    0.127698465508648985E-01    0.260047128819342618E+03    0.774618726731431617E+00
    0.127694113546024633E-01    0.260047196980487172E+03    0.774357965104988666E+00
    0.127701613975715299E-01    0.260047079508988872E+03    0.774976573460904539E+00
    0.127738315477435738E-01    0.260046504790665836E+03    0.775131614429317217E+00
    0.127694561225380823E-01    0.260047189968753287E+03    0.774387662127140164E+00


    0.416659930689262589E-01    0.260047497715444706E+03    0.773889941492210243E+00
    0.416676273094987587E-01    0.260047419272167417E+03    0.773976216265273687E+00
    0.416679847947288781E-01    0.260047402113345584E+03    0.773987083819832500E+00
    0.416676018191669412E-01    0.260047420495675510E+03    0.773953969634361361E+00
    0.416676285744195379E-01    0.260047419211452620E+03    0.773975480952693751E+00
    0.416664278038816963E-01    0.260047476847938356E+03    0.773894831777582781E+00
    0.416656356266967495E-01    0.260047514873022692E+03    0.773843582545982400E+00
    0.416675384662126905E-01    0.260047423536551378E+03    0.773965980120430275E+00
    0.416656342407973335E-01    0.260047514939547511E+03    0.773846268035404794E+00
    0.416656100062973295E-01    0.260047516102832674E+03    0.773863889276159789E+00
    0.416656157890097217E-01    0.260047515825255459E+03    0.773859650952717693E+00
    0.416682680044369660E-01    0.260047388519755827E+03    0.773942894274073367E+00
    0.416660221010726750E-01    0.260047496321879635E+03    0.773880437234577667E+00
    0.416682644264398314E-01    0.260047388691493097E+03    0.773947446589688615E+00
    0.416678527315897523E-01    0.260047408452185778E+03    0.773983676719306790E+00
    0.416660927019871161E-01    0.260047492932986188E+03    0.773875111927321613E+00
    0.416664281436399733E-01    0.260047476831629865E+03    0.773894662792704136E+00
    0.416656275971854020E-01    0.260047515258448811E+03    0.773850819209230378E+00
    0.416678537585735143E-01    0.260047408402891961E+03    0.773983923345886393E+00
    0.416653553831217577E-01    0.260047528325092401E+03    0.773916059009369994E+00
    0.416652625387545980E-01    0.260047532781767245E+03    0.773835737745015795E+00
    0.416671054622518577E-01    0.260047444320414627E+03    0.773936244836674447E+00
    0.416673015917560646E-01    0.260047434906319722E+03    0.773930302477326970E+00
    0.416652680595546582E-01    0.260047532516759929E+03    0.773839351525556052E+00


    0.270637918695592027E-01    0.260047752709200836E+03    0.780636830614192201E+00
    0.263223653277901808E-01    0.260047752694938254E+03    0.780637172333053853E+00
    0.256014764029328691E-01    0.260047735036751192E+03    0.780081788362468442E+00
    0.249001221117601014E-01    0.260047734109729106E+03    0.780085480102208462E+00
    0.242180306260447002E-01    0.260047729123404736E+03    0.780555974775141825E+00
    0.242165131957214445E-01    0.260047597246396947E+03    0.780699782048636881E+00
    0.242165154483579247E-01    0.260047597060355599E+03    0.780696946984761109E+00
    0.242193860798584695E-01    0.260047359993930627E+03    0.780406569306647535E+00
    0.242188606824471561E-01    0.260047403380918922E+03    0.780369511379482073E+00
    0.242211999745873194E-01    0.260047210210876585E+03    0.780261447833184296E+00
    0.242203958787985361E-01    0.260047276608011089E+03    0.780336748865244845E+00
    0.242194037834459336E-01    0.260047358531995883E+03    0.780408940803896778E+00
    0.242204292402556157E-01    0.260047273853189552E+03    0.780323966529324897E+00
    0.242188599569518291E-01    0.260047403440830522E+03    0.780358793399376749E+00
    0.242189901013616683E-01    0.260047392693498864E+03    0.780379229151792475E+00
    0.242211998913298941E-01    0.260047210217751342E+03    0.780261413579492635E+00
    0.242204690969079206E-01    0.260047270562032395E+03    0.780316470679810470E+00
    0.242204867165561541E-01    0.260047269107094280E+03    0.780310521955367209E+00
    0.242167951129339740E-01    0.260047573963476793E+03    0.780444702799729551E+00
    0.242213085881496093E-01    0.260047201242425899E+03    0.780272362201121616E+00
    0.242203500498065563E-01    0.260047280392345215E+03    0.780286316013294678E+00
    0.242194043003957395E-01    0.260047358489306987E+03    0.780383428654384148E+00
    0.242205698699739479E-01    0.260047262240735563E+03    0.780227205559469339E+00
    0.242205688740326532E-01    0.260047262322974859E+03    0.780226815067385004E+00
    0.242202161129880453E-01    0.260047291452233992E+03    0.780191862600463915E+00
    0.242203413022053470E-01    0.260047281114680175E+03    0.780168965149411031E+00
    0.242150205425808555E-01    0.260047720525841214E+03    0.779911743902988230E+00
    0.242188639408436567E-01    0.260047403111839685E+03    0.780366972580355700E+00
    0.242203376640994957E-01    0.260047281415097586E+03    0.780167588334558681E+00
    0.242192024824560773E-01    0.260047375155181840E+03    0.780118169602599498E+00
    0.242204279688073877E-01    0.260047273958179289E+03    0.780325473756537269E+00
    0.242164303882700209E-01    0.260047604085333035E+03    0.780677340138321685E+00
    0.242204294447957505E-01    0.260047273836299667E+03    0.780323721288408878E+00
    0.242191987105516530E-01    0.260047375466662345E+03    0.780116692907793952E+00
    0.242203681245113413E-01    0.260047278899823596E+03    0.780291089700419160E+00
    0.242203657243371846E-01    0.260047279098018294E+03    0.780290523111356049E+00
    0.242160847090126287E-01    0.260047632634687261E+03    0.780494394759738030E+00
    0.242193923369600217E-01    0.260047359477228781E+03    0.780429609815131875E+00
    0.242194037197798057E-01    0.260047358537253331E+03    0.780408998029792800E+00
    0.242209069979468124E-01    0.260047234402775644E+03    0.780242744646001407E+00
    0.242155166498946722E-01    0.260047679551089118E+03    0.780524370385961008E+00


    0.250306767913757167E-01    0.260047744498775046E+03    0.781169068448103632E+00
    0.243970487177799060E-01    0.260047742394476700E+03    0.781193243868177123E+00
    0.237794370740679224E-01    0.260047742247303745E+03    0.781193934938150925E+00
    0.231775412308761440E-01    0.260047735114669933E+03    0.781361642154073555E+00
    0.225908295001800291E-01    0.260047732483016603E+03    0.781371903418290881E+00
    0.225884178832788871E-01    0.260047726849210051E+03    0.781381010333100812E+00
    0.225898065001592895E-01    0.260047603903529932E+03    0.780969954615858275E+00
    0.225888662484802077E-01    0.260047687150922741E+03    0.781353101566964914E+00
    0.225887825286370109E-01    0.260047694563423875E+03    0.781259416578616084E+00
    0.225903024121805462E-01    0.260047559998189001E+03    0.781215160809053288E+00
    0.225967758729374441E-01    0.260046986961732841E+03    0.780994290721958917E+00
    0.225898063973435023E-01    0.260047603912632781E+03    0.780969813033932980E+00
    0.225887152145896365E-01    0.260047700523386311E+03    0.781297779571431983E+00
    0.225885142411186048E-01    0.260047718317613487E+03    0.781238183856975521E+00
    0.225948010651734615E-01    0.260047161756055061E+03    0.781077659640183941E+00
    0.225900215107383007E-01    0.260047584867549631E+03    0.780988222109594954E+00
    0.225886094904211958E-01    0.260047709884203414E+03    0.781277636117184593E+00
    0.225887244525952401E-01    0.260047699705455443E+03    0.781300509590653447E+00
    0.225961441446224341E-01    0.260047042875651641E+03    0.781037557701623975E+00
    0.225886140816068566E-01    0.260047709477698959E+03    0.781255921560282007E+00
    0.225888642510733463E-01    0.260047687327771541E+03    0.781326189583255060E+00
    0.225888173225608085E-01    0.260047691482788878E+03    0.781317822548183938E+00
    0.225884486201502546E-01    0.260047724127740082E+03    0.781275795552155317E+00
    0.225883960287858628E-01    0.260047728784228582E+03    0.781378329410837291E+00
    0.225960038263468103E-01    0.260047055295355676E+03    0.781061055734069809E+00
    0.225888798399234772E-01    0.260047685947547677E+03    0.781348844275744359E+00
    0.225886009390636674E-01    0.260047710641342462E+03    0.781252228065596244E+00
    0.225961499375443298E-01    0.260047042362916272E+03    0.781019363115963206E+00
    0.225911736138975812E-01    0.260047482869082671E+03    0.781100818928017748E+00
    0.225960248364656981E-01    0.260047053435725161E+03    0.781073760135882922E+00
    0.225897965119560042E-01    0.260047604787840783E+03    0.780954943582115590E+00
    0.225947649302812061E-01    0.260047164954571485E+03    0.781078805884175886E+00
    0.225886819039202470E-01    0.260047703472708008E+03    0.781290990324048695E+00
    0.225884515492744894E-01    0.260047723868393007E+03    0.781384974149324507E+00
    0.225902870275955479E-01    0.260047561360241616E+03    0.781209188265997279E+00
    0.225886535509274428E-01    0.260047705983081187E+03    0.781284928062494388E+00
    0.225896204287189539E-01    0.260047620377527323E+03    0.780925214778353860E+00
    0.225888830936593794E-01    0.260047685659464719E+03    0.781349334053496380E+00
    0.225884729774561074E-01    0.260047721971125156E+03    0.781388510621909060E+00
    0.225902701237444305E-01    0.260047562856801392E+03    0.781201485077952840E+00
    0.225902920235395953E-01    0.260047560917932628E+03    0.781211120561843719E+00
    0.225908430232176181E-01    0.260047512136539467E+03    0.781139781130856026E+00
    0.225886702806740655E-01    0.260047704501829514E+03    0.781288526580266374E+00
    0.225885180010607436E-01    0.260047717984706082E+03    0.781389125120000250E+00


    0.685435914961421682E-02    0.260047819031763311E+03    0.776858607912802257E+00
    0.680726417292256119E-02    0.260047814967035379E+03    0.778372287091603443E+00
    0.676047925751248509E-02    0.260047814901782942E+03    0.778371901166677982E+00
    0.671401646478275889E-02    0.260047814663860095E+03    0.779417181110964474E+00
    0.666792828470308321E-02    0.260047797842759167E+03    0.776900942604199729E+00
    0.662210562014279788E-02    0.260047796380918271E+03    0.778004983614657086E+00
    0.657659383781273362E-02    0.260047796140276262E+03    0.776885269256707756E+00
    0.653139466124246122E-02    0.260047795955769629E+03    0.776788120617085354E+00
    0.648650572890048689E-02    0.260047795893876071E+03    0.776791516902765489E+00
    0.644194415157281659E-02    0.260047789981996630E+03    0.779396189209256574E+00
    0.639767067293355290E-02    0.260047789707918014E+03    0.779394979009851219E+00
    0.635370805742188627E-02    0.260047787360945335E+03    0.776984640357864187E+00
    0.631004052219337041E-02    0.260047787237680950E+03    0.776983737173638889E+00
    0.626670223463834074E-02    0.260047777817315364E+03    0.776707290265352679E+00
    0.622363799165934119E-02    0.260047775983869315E+03    0.778327620277741272E+00
    0.618086693357279560E-02    0.260047775039913290E+03    0.777761935404033711E+00
    0.613839538387714843E-02    0.260047772281007155E+03    0.778413823118052295E+00
    0.609621148627037188E-02    0.260047770896481552E+03    0.777109846735024257E+00
    0.605432928998302262E-02    0.260047765611347813E+03    0.777999976005655069E+00
    0.601272102555382767E-02    0.260047764918883274E+03    0.776948503813817970E+00
    0.597140058960134602E-02    0.260047763597936182E+03    0.779384098895605559E+00
    0.593036175723774504E-02    0.260047763072028602E+03    0.777990291064534989E+00
    0.588964389336946604E-02    0.260047749327452721E+03    0.779191405895231282E+00
    0.584916747625678982E-02    0.260047748617885304E+03    0.777981292926482992E+00
    0.580896822670451049E-02    0.260047748254511134E+03    0.776922661813002402E+00
    0.576904608903530073E-02    0.260047747601062724E+03    0.777977761777455701E+00
    0.572939877688238407E-02    0.260047746786829236E+03    0.777969968349301544E+00
    0.569002256807117461E-02    0.260047746454024264E+03    0.779209550231698356E+00
    0.565093881146172278E-02    0.260047738394023440E+03    0.777932390907813298E+00
    0.561210295420490942E-02    0.260047737661046881E+03    0.777943470835260054E+00
    0.557355167002399499E-02    0.260047730585549061E+03    0.776765258022775629E+00
    0.553529072228968726E-02    0.260047714290763111E+03    0.779168668609007131E+00
    0.549724782122670407E-02    0.260047714223866024E+03    0.779168329183192232E+00
    0.545948554188437508E-02    0.260047707137694658E+03    0.777056208879328802E+00
    0.542196368776490679E-02    0.260047707050983377E+03    0.778915077939627332E+00
    0.538470008010069699E-02    0.260047706827985678E+03    0.778912349062195530E+00
    0.534769446747713432E-02    0.260047705897053106E+03    0.778272333677689665E+00
    0.531094364842201860E-02    0.260047704786275972E+03    0.777014155622136604E+00
    0.527444960507585971E-02    0.260047702077595545E+03    0.778924688383703878E+00
    0.523819971814550728E-02    0.260047701893320948E+03    0.777031759736045879E+00
    0.520220895681194027E-02    0.260047697868450484E+03    0.778315399702363853E+00
    0.516645889323634130E-02    0.260047696394075047E+03    0.777051586914540682E+00
    0.513095228266377892E-02    0.260047695786890245E+03    0.777053919296595841E+00
    0.513162059122751479E-02    0.260047419448946357E+03    0.777724684514405462E+00
    0.513167263078275274E-02    0.260047399167130720E+03    0.777839120389132943E+00
    0.513122920607678949E-02    0.260047571993379393E+03    0.779326180470248375E+00
    0.513118855841861610E-02    0.260047587836686148E+03    0.777417508825925307E+00
    0.513129101198290822E-02    0.260047547903426903E+03    0.778789217316957494E+00
    0.513204678455538976E-02    0.260047253351074119E+03    0.778551620010459300E+00
    0.513100554510007023E-02    0.260047659171652811E+03    0.777550301253987719E+00
    0.513112285932583283E-02    0.260047613444598483E+03    0.777172282080515364E+00
    0.513162979586078479E-02    0.260047415861531874E+03    0.777679135097089413E+00
    0.513123914757948867E-02    0.260047568118482104E+03    0.778283580306435629E+00
    0.513160144423095016E-02    0.260047426911318894E+03    0.777596025365130950E+00
    0.513138005935951345E-02    0.260047513196136379E+03    0.779312383083267002E+00
    0.513110544811039987E-02    0.260047620231122778E+03    0.777213225518099349E+00
    0.513113270354792223E-02    0.260047609607538675E+03    0.777268126193225495E+00
    0.513126048602224622E-02    0.260047559801427383E+03    0.778108411494690122E+00
    0.513110943505757418E-02    0.260047618677092885E+03    0.777201487919773615E+00
    0.513123762583980042E-02    0.260047568711609756E+03    0.778285124006137585E+00
    0.513156759845396441E-02    0.260047440102479186E+03    0.777643951988644888E+00
    0.513167328815296656E-02    0.260047398910929587E+03    0.779150424778586648E+00
    0.513178464839302278E-02    0.260047355510258683E+03    0.779040960256301762E+00
    0.513154889459771849E-02    0.260047447392216668E+03    0.778061941794859435E+00
    0.513125097949863537E-02    0.260047563506767403E+03    0.777774105740663413E+00
    0.513112876187201208E-02    0.260047611143915788E+03    0.777485795843733563E+00
    0.513114701717436866E-02    0.260047604028417140E+03    0.777307587587752313E+00
    0.513156420992827867E-02    0.260047441423138707E+03    0.777671827642878899E+00
    0.513171237723882446E-02    0.260047383676547042E+03    0.778599421037103889E+00
    0.513206899333691711E-02    0.260047244696151665E+03    0.778536756191879009E+00
    0.513162193418619135E-02    0.260047418925541137E+03    0.777690890964050752E+00
    0.513108251446141826E-02    0.260047629170210257E+03    0.778971320217674901E+00
    0.513149037409052228E-02    0.260047470200472844E+03    0.778675636642730651E+00
    0.513118852105105480E-02    0.260047587851251023E+03    0.777424248810644869E+00
    0.513101832614107356E-02    0.260047654189773539E+03    0.778483109201865919E+00
    0.513127576044491388E-02    0.260047553847958454E+03    0.778121153867969872E+00
    0.513112191343229659E-02    0.260047613813287228E+03    0.777169956254854855E+00
    0.513128144975829887E-02    0.260047551630455246E+03    0.779296261012414893E+00
    0.513162034640145953E-02    0.260047419544364971E+03    0.777726306997598260E+00
    0.513132788914253107E-02    0.260047533530035480E+03    0.779232960190315738E+00
    0.513205457090014968E-02    0.260047250316675104E+03    0.778545481748922352E+00
    0.513100439910097513E-02    0.260047659618348575E+03    0.777553740324625542E+00
    0.513239876716310457E-02    0.260047116185318373E+03    0.779043041738962105E+00
    0.513178657355407158E-02    0.260047354759969721E+03    0.779018147297688146E+00
    0.513123375208483605E-02    0.260047570221481919E+03    0.779278227585570860E+00
    0.513119828583575872E-02    0.260047584045202825E+03    0.777436680617120679E+00
    0.513162233239944539E-02    0.260047418770341380E+03    0.777689805122026678E+00
    0.513164110098833851E-02    0.260047411455479391E+03    0.778626200573206306E+00
    0.513116018724334069E-02    0.260047598895041688E+03    0.777311300687923090E+00
    0.513121830016309653E-02    0.260047576244183574E+03    0.777819257815156817E+00
    0.513207039958995040E-02    0.260047244148125969E+03    0.778533137860255020E+00
    0.513119294773370545E-02    0.260047586125849307E+03    0.777372502900516182E+00
    0.513157424468191261E-02    0.260047437512150395E+03    0.777630506272897426E+00
    0.513149677073997546E-02    0.260047467707378246E+03    0.778587375155553651E+00
    0.513124858833906381E-02    0.260047564438766301E+03    0.777778347489474720E+00
    0.513103198855419888E-02    0.260047648864360895E+03    0.778434393601655117E+00
    0.513122873604257741E-02    0.260047572176584708E+03    0.777793036614227717E+00
    0.513134866937459914E-02    0.260047525430693383E+03    0.778207416081346359E+00
    0.513163380770823453E-02    0.260047414297956152E+03    0.777385240706636949E+00
    0.513115797355282940E-02    0.260047599757883972E+03    0.777274632111052299E+00
    0.513119194785259091E-02    0.260047586515575915E+03    0.777324561433735850E+00
    0.513159016108219283E-02    0.260047431308839350E+03    0.777605954368539631E+00
    0.513236168561624368E-02    0.260047130635357234E+03    0.779081677619521074E+00
    0.513175030267884642E-02    0.260047368895788850E+03    0.777845820411212308E+00
    0.513112917406251343E-02    0.260047610983253094E+03    0.777483348988362688E+00
    0.513207164877320897E-02    0.260047243661311484E+03    0.778530009356421138E+00
    0.513145420958003098E-02    0.260047484295651941E+03    0.778257532657544049E+00
    0.513104175750306920E-02    0.260047645056573458E+03    0.777504918537970879E+00
    0.513103730035176404E-02    0.260047646793902231E+03    0.777491418016316826E+00
    0.513178466973803968E-02    0.260047355501939933E+03    0.779036105366410658E+00
    0.513204392921146925E-02    0.260047254463824970E+03    0.778560426634572700E+00
    0.513107303478275122E-02    0.260047632865215121E+03    0.778161198717043923E+00
    0.513129191303656092E-02    0.260047547552227343E+03    0.778791027053664320E+00
    0.513174903862386594E-02    0.260047369388429786E+03    0.777849446735364269E+00
    0.513152240552328977E-02    0.260047457716250733E+03    0.778663129478133320E+00
    0.513169674231883730E-02    0.260047389770007726E+03    0.777692672156014564E+00
    0.513163854459325938E-02    0.260047412451806167E+03    0.778630535948774627E+00
    0.513118909586646101E-02    0.260047587627203370E+03    0.777413951009156556E+00
    0.513099220372723475E-02    0.260047664371955193E+03    0.778458197633746130E+00
    0.513122558509086432E-02    0.260047573404732134E+03    0.777799701240825758E+00
    0.513122559888803346E-02    0.260047573399354405E+03    0.778288450039593127E+00
    0.513103602974762218E-02    0.260047647289164388E+03    0.777495984033408694E+00
    0.513138956292582930E-02    0.260047509492042195E+03    0.778640331362785987E+00
    0.513149584010430797E-02    0.260047468070093373E+03    0.778582281631610917E+00
    0.513123586957359244E-02    0.260047569396148901E+03    0.777783403334356693E+00
    0.513150909523647693E-02    0.260047462903913583E+03    0.778654599167132200E+00
    0.513239856109941935E-02    0.260047116265617547E+03    0.779062604307940498E+00
    0.513122727568229679E-02    0.260047572745789694E+03    0.778824990098827108E+00
    0.513103168501131707E-02    0.260047648982677401E+03    0.778433361274819213E+00
    0.513236143083928547E-02    0.260047130734639779E+03    0.779077006203155897E+00
    0.513167250373115346E-02    0.260047399216647364E+03    0.779154048619750239E+00
    0.513103489180335472E-02    0.260047647732717849E+03    0.777526346844725769E+00
    0.513138823315994422E-02    0.260047510010329120E+03    0.779215303047368968E+00
    0.513111089569130100E-02    0.260047618107768244E+03    0.777226754285283650E+00
    0.513207112701623887E-02    0.260047243864643406E+03    0.778765550876900803E+00
    0.513130580303055445E-02    0.260047542138395727E+03    0.779249536992608460E+00
    0.513160836412610705E-02    0.260047424214347757E+03    0.778927218305813795E+00
    0.513204591751390427E-02    0.260047253688967203E+03    0.778555400846547729E+00
    0.513134869291826268E-02    0.260047525421516980E+03    0.778207147843486657E+00
    0.513116023722320642E-02    0.260047598875560766E+03    0.777311441614795928E+00
    0.513163470469715690E-02    0.260047413948364238E+03    0.778603989083485937E+00
    0.513112607615830423E-02    0.260047612190747600E+03    0.777454411855090788E+00
    0.513122204600550448E-02    0.260047574784163430E+03    0.778156918361579186E+00
    0.513167959639175379E-02    0.260047396452380667E+03    0.778717452560782397E+00
    0.513143417762827042E-02    0.260047492103181753E+03    0.778241341892550453E+00
    0.513166957741122837E-02    0.260047400357141328E+03    0.777831809057495605E+00
    0.513147314385405551E-02    0.260047476915974244E+03    0.778520144895410326E+00
    0.513162855651601996E-02    0.260047416344553824E+03    0.777680888231297440E+00
    0.513157425642472766E-02    0.260047437507573704E+03    0.777631346436093440E+00
    0.513156844290009115E-02    0.260047439773361020E+03    0.777642482963099013E+00
    0.513112630540743520E-02    0.260047612101391337E+03    0.777452331291784149E+00
    0.513124849548127725E-02    0.260047564474959358E+03    0.777778618567602775E+00
    0.513122748687913025E-02    0.260047572663471442E+03    0.778825499839652657E+00
    0.513121966861223439E-02    0.260047575710801880E+03    0.779270760078464853E+00
    0.513111547519172137E-02    0.260047616322775298E+03    0.777238625858409415E+00
    0.513206535334139163E-02    0.260047246114681627E+03    0.778747860688797311E+00
    0.513118830994916102E-02    0.260047587933532895E+03    0.777428961024974718E+00
    0.513148242094272743E-02    0.260047473300217121E+03    0.778527399377153095E+00
    0.513148837205784896E-02    0.260047470980765866E+03    0.778670504719104373E+00
    0.513121808202883587E-02    0.260047576329205981E+03    0.777745487270419034E+00
    0.513138838845484530E-02    0.260047509949801679E+03    0.779215045216690716E+00
    0.513118848333202638E-02    0.260047587865952892E+03    0.777417881083205531E+00
    0.513203701289636268E-02    0.260047257159172034E+03    0.778571871289031381E+00
    0.513141958970646239E-02    0.260047497788899250E+03    0.777580594401063863E+00
    0.513118663649621623E-02    0.260047588585800213E+03    0.777444620541025033E+00
    0.513103750166016542E-02    0.260047646715435292E+03    0.778706685039858959E+00
    0.513203568661112133E-02    0.260047257676037134E+03    0.778567982839675543E+00
    0.513127931854238245E-02    0.260047552461131318E+03    0.779285309967896023E+00
    0.513115651029202435E-02    0.260047600328227361E+03    0.777270567102036458E+00
    0.513185348876825809E-02    0.260047328681419117E+03    0.779002740409863725E+00
    0.513185426137276537E-02    0.260047328380317595E+03    0.779002205828714933E+00
    0.513204742284466449E-02    0.260047253102327659E+03    0.778549256754785035E+00
    0.513204803010780183E-02    0.260047252865672363E+03    0.778547726650527294E+00
    0.513160851929232286E-02    0.260047424153873067E+03    0.778932724137968213E+00
    0.513107096453069983E-02    0.260047633672162306E+03    0.778166456798503159E+00
    0.513163008851023894E-02    0.260047415747474759E+03    0.777678720260181144E+00
    0.513112028995991835E-02    0.260047614446081639E+03    0.777166860803706006E+00
    0.513128193303288588E-02    0.260047551442091162E+03    0.777882257802643529E+00
    0.513119533829581136E-02    0.260047585194073179E+03    0.777430398668062961E+00
    0.513102269900560150E-02    0.260047652485292133E+03    0.778500254811778536E+00
    0.513101979324686198E-02    0.260047653617916069E+03    0.778490794842177980E+00
    0.513102202920630735E-02    0.260047652746370431E+03    0.778497629401533220E+00
    0.513162475422842494E-02    0.260047417826457263E+03    0.777718692001764023E+00
    0.513121793407240664E-02    0.260047576386875107E+03    0.777745963371535343E+00
    0.513175150349819229E-02    0.260047368427792890E+03    0.777842314982636784E+00
    0.513104507492949391E-02    0.260047643763492829E+03    0.778451843748074968E+00
    0.513205668286981914E-02    0.260047249493624918E+03    0.778540133929133127E+00
    0.513119185917844216E-02    0.260047586550138703E+03    0.777322305593095453E+00


    0.161813043914676193E-01    0.260047992044289117E+03    0.784283015056590815E+00
    0.159182005467467073E-01    0.260047991924755365E+03    0.784281761371477870E+00
    0.156593763205425014E-01    0.260047991598608178E+03    0.784278334860526893E+00
    0.154048173144906569E-01    0.260047983894086201E+03    0.784294652177421225E+00
    0.151543383643550529E-01    0.260047983851815673E+03    0.784294196603322780E+00
    0.149079719000467115E-01    0.260047978476412027E+03    0.783979180244832485E+00
    0.146655712705483620E-01    0.260047978471890815E+03    0.783980657720730778E+00
    0.144271486437253481E-01    0.260047973391222854E+03    0.784272488897158393E+00
    0.141927110439864067E-01    0.260047952962005695E+03    0.784332797851193142E+00
    0.139619479661277843E-01    0.260047951875436240E+03    0.782996939652799262E+00
    0.137349595397049367E-01    0.260047947496106417E+03    0.784307466483453286E+00
    0.135116322486982833E-01    0.260047947433404318E+03    0.784306789402149040E+00
    0.132920023696562698E-01    0.260047937415601041E+03    0.783026199156174330E+00
    0.130759812189046865E-01    0.260047921482777269E+03    0.784244606311697012E+00
    0.128633911192824607E-01    0.260047917944305482E+03    0.784039483868915643E+00
    0.126542365030724406E-01    0.260047917696331297E+03    0.784037776893283689E+00
    0.124485006852613836E-01    0.260047914554611452E+03    0.784016109149759499E+00
    0.122460920287998237E-01    0.260047914310836973E+03    0.784021745120737079E+00
    0.120469735815234864E-01    0.260047914215000731E+03    0.784070047427990247E+00
    0.118511445786519468E-01    0.260047905372753121E+03    0.784067562761719850E+00
    0.116584482882627141E-01    0.260047905206857081E+03    0.784063072102749503E+00
    0.114689020074491815E-01    0.260047902107481264E+03    0.783551959068728543E+00
    0.112824220879607102E-01    0.260047901726420434E+03    0.783553597536977287E+00
    0.110989742106290985E-01    0.260047901354252417E+03    0.783555109266567129E+00
    0.109185074199496281E-01    0.260047901294548694E+03    0.783555352467777633E+00
    0.107409761613243768E-01    0.260047901014534489E+03    0.783555684652088025E+00
    0.105663769398658975E-01    0.260047892133898642E+03    0.783586629010797342E+00
    0.103946032304550566E-01    0.260047885691824717E+03    0.783612823311564344E+00
    0.102256009693993209E-01    0.260047883359774858E+03    0.784120122278338605E+00
    0.100593349522895281E-01    0.260047883315231047E+03    0.784115077199144750E+00
    0.989577489979521878E-02    0.260047882762220183E+03    0.784219021168131358E+00
    0.973487206395513838E-02    0.260047882659719448E+03    0.784128873163944973E+00
    0.957663932043312932E-02    0.260047871310596292E+03    0.784150766839353364E+00
    0.957721453378569676E-02    0.260047661604916527E+03    0.783377238980343171E+00
    0.957714769873687678E-02    0.260047675562060704E+03    0.783142766752309760E+00
    0.957729670576908630E-02    0.260047644445098172E+03    0.783353471485523256E+00
    0.957722290784281290E-02    0.260047659856171435E+03    0.783433594295573243E+00
    0.957695226072780188E-02    0.260047716375883226E+03    0.783468715747372757E+00
    0.957722668492161193E-02    0.260047659067408745E+03    0.783318515593233178E+00
    0.957660944500903465E-02    0.260047787968984096E+03    0.783080268608383978E+00
    0.957719353966261615E-02    0.260047665989102768E+03    0.783169303087201674E+00
    0.957715936045567921E-02    0.260047673126740278E+03    0.783156206759108575E+00
    0.957728710175939288E-02    0.260047646450677576E+03    0.783360842879958219E+00
    0.957722512322369338E-02    0.260047659393536151E+03    0.783320151777902485E+00
    0.957726974406247766E-02    0.260047650075443642E+03    0.783327404426206519E+00
    0.957695483354056160E-02    0.260047715838590705E+03    0.783466286018847824E+00
    0.957729329615202192E-02    0.260047645157119064E+03    0.783379933604083423E+00
    0.957724595989995799E-02    0.260047655042243719E+03    0.783251829364613017E+00
    0.957661006555148540E-02    0.260047787839388661E+03    0.783080619137828116E+00
    0.957721776662705422E-02    0.260047660929805659E+03    0.783439888982301769E+00
    0.957727519872557387E-02    0.260047648936358769E+03    0.783248398286503167E+00
    0.957669589433814139E-02    0.260047769914799176E+03    0.783114518874626908E+00
    0.957666500335527769E-02    0.260047776366091568E+03    0.783098249098887589E+00
    0.957723936967309897E-02    0.260047656418470069E+03    0.783231878013347815E+00
    0.957718490302898046E-02    0.260047667792686980E+03    0.783165601642413001E+00
    0.957667178621615309E-02    0.260047774949552831E+03    0.783102909123518987E+00
    0.957726108300565107E-02    0.260047651884113748E+03    0.783289212616394281E+00
    0.957668774077685865E-02    0.260047771617592048E+03    0.783109798575231997E+00
    0.957707689735940240E-02    0.260047690347598405E+03    0.783149943528998027E+00
    0.957718698958267764E-02    0.260047667356952786E+03    0.783166418769967621E+00
    0.957666565028152117E-02    0.260047776230986869E+03    0.783099397454397383E+00
    0.957724013991222839E-02    0.260047656257622236E+03    0.783232483720990080E+00
    0.957631364551366632E-02    0.260047849745349822E+03    0.783689701155228846E+00
    0.957625727214714458E-02    0.260047861518884929E+03    0.783669951618435112E+00
    0.957634228784276682E-02    0.260047843763447531E+03    0.783718007264187388E+00
    0.957635071041336612E-02    0.260047842004411223E+03    0.783734745901488505E+00
    0.957646357328786023E-02    0.260047818433384464E+03    0.783775294279829171E+00
    0.957631191312518192E-02    0.260047850107156819E+03    0.783687722433643374E+00
    0.957625649115482515E-02    0.260047861681995073E+03    0.783669050746345630E+00
    0.957627339188232493E-02    0.260047858152283311E+03    0.783646704779727643E+00
    0.957627678540489899E-02    0.260047857443547912E+03    0.783886960172694991E+00
    0.957624536355406938E-02    0.260047864005994484E+03    0.783651905631904122E+00
    0.957636260372381198E-02    0.260047839520520768E+03    0.783761491183899262E+00
    0.957646319189040494E-02    0.260047818513037555E+03    0.783774894653427090E+00
    0.957627356358877607E-02    0.260047858116422503E+03    0.783849008600385200E+00
    0.957632051160052164E-02    0.260047848311377493E+03    0.783698322881595910E+00
    0.957632139479720930E-02    0.260047848126923213E+03    0.783738775534691512E+00
    0.957631083362033529E-02    0.260047850332609983E+03    0.783686421265466948E+00
    0.957630623032465836E-02    0.260047851294002498E+03    0.783680935113675758E+00
    0.957646124813572863E-02    0.260047818918981761E+03    0.783772870440215264E+00
    0.957622229267640103E-02    0.260047868824355874E+03    0.783812309500590665E+00
    0.957633621135342214E-02    0.260047845032510622E+03    0.783749532727007536E+00
    0.957739034314670883E-02    0.260047624891162911E+03    0.783193223290173268E+00
    0.957728630329367746E-02    0.260047646617419105E+03    0.783211915098746991E+00
    0.957661091157826355E-02    0.260047787662702603E+03    0.783081097890986011E+00
    0.957628888393401330E-02    0.260047854916778533E+03    0.783860585760805972E+00
    0.957666650555063018E-02    0.260047776052371660E+03    0.783099886386931288E+00
    0.957695177678599338E-02    0.260047716476947073E+03    0.783458690180958039E+00
    0.957628902940230349E-02    0.260047854886397602E+03    0.783670782756845652E+00
    0.957629101586948868E-02    0.260047854471525625E+03    0.784190181843373413E+00
    0.957627622889395749E-02    0.260047857559774911E+03    0.784207589569450692E+00
    0.957621645201733006E-02    0.260047870044181536E+03    0.784132867424778279E+00
    0.957627306587931909E-02    0.260047858220368880E+03    0.784214909583348163E+00
    0.957627809626540247E-02    0.260047857169775455E+03    0.784203297581891667E+00
