luminosity_distance inclination_EM log10_E0 thetaCore thetaWing log10_n0 p log10_epsilon_e log10_epsilon_B Ebv KNtimeshift ksiN L0 dL b q ts log_likelihood log_prior
760.8908348333244 0.6559950818195883 51.73076890126855 0.3118063038336382 0.5787213003553542 -0.7822339796697904 2.9131664140000617 -0.1521697798942645 -1.8582220607291655 0.4104578989543844 0.0 1.0 0.0 3.09e+19 6.0 0.0 0.0 -9.647627670417798 -15.050238771959627
452.55911645797875 0.6232410022919463 52.50871830070746 0.3278083535079208 0.7349714926768978 -2.467346598054406 2.377148370649322 -1.6279413285173874 -1.975408808587995 0.4279281957605205 0.0 1.0 0.0 3.09e+19 6.0 0.0 0.0 -8.899585524691515 -15.208431574339901
2543.4505625987263 0.8686130509506933 52.74111744543592 0.36521409450359493 1.0957878620566985 -0.37417269474537473 2.804276162218162 -0.07032431809878625 -2.6707726139434755 0.35156445519912033 0.0 1.0 0.0 3.09e+19 6.0 0.0 0.0 -7.624297873339865 -14.51560671854531
4998.930075569993 0.7464107946613329 52.286948049360106 0.34133586241446257 1.3018965439608416 -2.508059598681248 2.2896644350510376 -0.6546578873017501 -1.0961608451903064 0.0027014452413379087 0.0 1.0 0.0 3.09e+19 6.0 0.0 0.0 -7.1872540662286415 -13.685110932066546
2291.4000429810553 0.4896119612766064 51.021411641506965 0.46257458179324923 1.0657347427437558 -0.6473580352131201 2.3866460544725157 -0.2534483891977306 -0.9772121226422925 0.25455398928115586 0.0 1.0 0.0 3.09e+19 6.0 0.0 0.0 -7.101027976203289 -14.635948825876591
1796.6268634450569 0.5747719113806511 51.161543343791976 0.4973617307160736 0.6297653321133799 -0.4661974336670811 2.8052423177896406 -0.9505013405252227 -1.5896275922259853 0.17608489347687498 0.0 1.0 0.0 3.09e+19 6.0 0.0 0.0 -7.097390423690624 -14.270348422561675
4689.235157415315 0.4769602728269869 52.470880543179554 0.4880788109658839 0.4914184798482556 -2.138459086911242 2.7931317717116855 -0.11896988557832877 -2.897457504871524 0.4070964015515293 0.0 1.0 0.0 3.09e+19 6.0 0.0 0.0 -6.941072495439489 -15.3138414413198
1562.247819550253 0.4671181878822103 51.81767568898776 0.276715634573057 0.6036755181635967 -0.5262400709080595 2.571659327789348 -1.3861988681075315 -0.6051213622421696 0.3726587237024964 0.0 1.0 0.0 3.09e+19 6.0 0.0 0.0 -6.868066110457997 -15.14388107881915
5912.4320447297205 0.49870545231216273 52.91673858888873 0.31506291322449487 1.1128822582999758 -2.365744035068266 2.6290537743678914 -0.5762734546214219 -2.2748726411886153 0.3123114912804096 0.0 1.0 0.0 3.09e+19 6.0 0.0 0.0 -6.691434479939773 -14.819614217341776
2902.7104897702507 0.6221796456408594 52.005246448917376 0.2957865962866782 1.1657248342231825 -0.8599795118738722 2.0421973668864406 -0.34822282776261115 -0.9594810701085787 0.27347423585095304 0.0 1.0 0.0 3.09e+19 6.0 0.0 0.0 -6.480071139972404 -14.4827988695963
5162.633651534086 0.3690478544144966 52.72350990104955 0.371499127439403 0.754133435818732 -4.785876884028734 2.7679850689079086 -0.9452788832857961 -1.3911036229258595 0.05847290342042441 0.0 1.0 0.0 3.09e+19 6.0 0.0 0.0 -6.479156992950098 -14.420647093105725
3170.5368431213465 0.595612914273125 52.07934737109575 0.35905635332764524 0.8561973384205425 -2.1324091470733286 2.5710923301925144 -0.659962895105231 -1.8197569807234841 0.14593180519335772 0.0 1.0 0.0 3.09e+19 6.0 0.0 0.0 -6.367290128563125 -14.165563863277455
1798.3046770095825 0.1976627752286726 50.88807225227356 0.3767398079861531 0.6603718008047451 -0.5524623394012451 2.949952483177185 -0.727293848991394 -0.16922539472579956 0.264728231048584 0.0 1.0 0.0 3.09e+19 6.0 0.0 0.0 -6.332978982565597 -15.541775807259834
4663.939372454828 0.48007814536258053 52.94990607840666 0.5029554544819708 1.1897213592821951 -2.4561019845457785 2.670217028285372 -1.3942466171049208 -0.8824813453624736 0.5628971270942307 0.0 1.0 0.0 3.09e+19 6.0 0.0 0.0 -6.009086240820274 -18.164020441483427
1341.395377557636 0.5116033652432777 51.72505374507858 0.24040674596070485 0.8576940510707285 -1.3766335525328248 2.2347574217789723 -0.06194352138577219 -2.1008044882781554 0.35907108288591555 0.0 1.0 0.0 3.09e+19 6.0 0.0 0.0 -5.981081272900571 -14.994476707637572
567.0311479364285 1.0526819171339552 52.654390968090176 0.3834745184463716 1.021077593735693 -2.477632945564628 2.902933968041057 -0.44330374705946696 -2.090312917767627 0.3987264261908793 0.0 1.0 0.0 3.09e+19 6.0 0.0 0.0 -5.951374696533569 -14.626613338640109
1596.496064604486 0.738586622149054 51.88425504109273 0.41985964267624076 0.8930554742243523 -0.6479410986563048 2.72681163409204 -1.1456019989917863 -0.5824147186126174 0.11854593601933797 0.0 1.0 0.0 3.09e+19 6.0 0.0 0.0 -5.950466681407964 -13.920968712807376
2822.3270004187334 0.03120871332117293 52.55338108534038 0.3316460663194283 0.9187338128107181 -1.7388668319464102 2.2800712700259904 -1.55440203931215 -1.6410262813512377 0.39585535950464185 0.0 1.0 0.0 3.09e+19 6.0 0.0 0.0 -5.923499820472859 -17.93674273811644
3158.392733107602 0.48082429887015365 51.76287803904171 0.3397245504091435 0.44356000083762614 -1.5641913773109217 2.956883527635422 -0.5516262278975863 -1.4476729342540198 0.16309807244005356 0.0 1.0 0.0 3.09e+19 6.0 0.0 0.0 -5.897337631565781 -14.399729862838464
1413.1737581011728 0.73700070866861 52.551563281160945 0.22753420825883486 0.7503640682079451 -1.6199497302023627 2.5040787489044196 -0.3326392485733267 -1.245783871237848 0.26962540827199133 0.0 1.0 0.0 3.09e+19 6.0 0.0 0.0 -5.845522251242066 -14.327500387849161
5295.761959603499 0.6942511435941213 51.74615120410316 0.4719110656282919 1.3386694845191311 -0.10407305600663008 2.787535417010776 -0.20046151259241096 -1.018947709316313 0.33237460139669595 0.0 1.0 0.0 3.09e+19 6.0 0.0 0.0 -5.815905442724224 -14.608935340356798
760.3741504583356 1.2784362845981592 52.789091832765564 0.4249146155115567 1.4420365759270526 -1.0825839452696586 2.6588258749040614 -0.6738318945750446 -1.5643726986579738 0.3019916874502586 0.0 1.0 0.0 3.09e+19 6.0 0.0 0.0 -5.805331677026011 -14.086523399004932
1753.2455316084947 0.4059238938091088 50.60129731849897 0.3456347957580149 0.9728821655195573 -1.3464311479814075 2.5306038733253864 -0.20383472767811472 -0.0404186031756657 0.28731844019964586 0.0 1.0 0.0 3.09e+19 6.0 0.0 0.0 -5.7969615622686685 -14.919525295828937
673.8010522842017 1.0257681192744963 52.7463463374879 0.40880922542343023 1.2826146669323306 -4.39883231814192 2.4419664355812496 -0.8311859925886278 -1.5992468963464412 0.041744395831210354 0.0 1.0 0.0 3.09e+19 6.0 0.0 0.0 -5.7106545284920625 -13.525505030398282
2366.207012856321 0.8698550475485205 52.07749152852196 0.32203175289948804 1.313688433790983 -0.33302046492423365 2.8411219000559447 -0.609168181123747 -0.6964683158970582 0.3776867854930678 0.0 1.0 0.0 3.09e+19 6.0 0.0 0.0 -5.70024343578884 -14.640447779859002
4711.383534655848 0.3075443809896581 52.658020173494506 0.43378950047343934 1.3756334841732656 -1.414300743847297 2.1794967039732724 -1.4355638773625412 -0.4586789266161251 0.1280167021708652 0.0 1.0 0.0 3.09e+19 6.0 0.0 0.0 -5.678795243259318 -14.741358542773643
1772.7119376226497 0.8261126265833743 51.41442294800679 0.5025181880743731 1.4389021278747214 -1.2347426180775445 2.274008332676737 -0.9581520981692018 -1.1395072159181812 0.11827257710453078 0.0 1.0 0.0 3.09e+19 6.0 0.0 0.0 -5.6411879798442675 -13.832191952390847
1994.6092008437172 1.0860432709403007 52.4349992462792 0.33649285391610795 1.3918726246526356 -2.1245449167796004 2.6346077639606587 -0.43823763649773495 -0.618946161626853 0.11866671702969017 0.0 1.0 0.0 3.09e+19 6.0 0.0 0.0 -5.638497159166407 -13.647991568515414
2696.5768628725114 0.8114733042963082 52.91738110239637 0.39222690814508665 1.1501809085888222 -3.6165105362370245 2.739425829659286 -0.6335527461724371 -2.1444117732066763 0.08034997783378048 0.0 1.0 0.0 3.09e+19 6.0 0.0 0.0 -5.6229185370605 -13.76568267833257
300.35839235324414 0.8824697835866951 52.917174098486534 0.3230529392934649 1.1420017615300875 -2.1584907700120395 2.529883378202129 -0.6720544134433593 -2.382330428361411 0.47019328766236784 0.0 1.0 0.0 3.09e+19 6.0 0.0 0.0 -5.546792516318354 -15.274467921435226
6261.059604870707 0.5410966045130039 52.95543936578099 0.4439989286411229 1.3537451184974394 -3.5077413827068162 2.6788836652615955 -0.9280293737126684 -0.9596952936154723 0.1559091923468843 0.0 1.0 0.0 3.09e+19 6.0 0.0 0.0 -5.540907134587015 -14.274672158235825
310.14770824520724 0.8454478819472535 51.8852604628804 0.37413084779219347 1.4745336205125619 -1.2361676722502657 2.9282026347611034 -0.945596763743175 -2.0308823906157554 0.5212891177547782 0.0 1.0 0.0 3.09e+19 6.0 0.0 0.0 -5.5223453184544455 -15.999092444473407
3031.507648333521 0.9442880281138879 52.26288252480581 0.3495489511715072 1.536404406799104 -2.017673094195587 2.5008021130853315 -0.06761038696594035 -0.9126951485596959 0.35430676782619047 0.0 1.0 0.0 3.09e+19 6.0 0.0 0.0 -5.513123539025417 -14.468796221442663
65.58299619937935 0.46440540764990473 50.50898845361849 0.4160410074100742 0.992469826123526 -4.955043548900246 2.4319162243038064 -0.41924786937283187 -1.6871767764925925 0.5047989406817067 0.0 1.0 0.0 3.09e+19 6.0 0.0 0.0 -5.509420086169623 -16.232677357022865
3602.0133735794143 0.4883696867378804 52.236186615565494 0.399116509967188 1.0382970471055466 -2.715579483773576 2.341265247147556 -0.13584175992911618 -2.055338104568569 0.34941464321595467 0.0 1.0 0.0 3.09e+19 6.0 0.0 0.0 -5.507431528785857 -14.992744441393226
291.6686316184162 1.0277804534536148 52.39854972107169 0.41259536539287023 1.291747939846923 -0.9460034414565932 2.9143793374436413 -1.0061332032018626 -2.2678757859184455 0.23431672953350868 0.0 1.0 0.0 3.09e+19 6.0 0.0 0.0 -5.494895741278885 -13.975108752225161
6240.538441921289 0.6349031516938147 51.97928279080078 0.36804288772986565 1.4049005106695325 -0.9564969615049179 2.6077366263026556 -0.08374736344127376 -1.1828842649996776 0.2895457320080728 0.0 1.0 0.0 3.09e+19 6.0 0.0 0.0 -5.4764246525350195 -14.52055743908756
4298.832917892342 0.5610462157209859 52.96232700758799 0.363256756442801 1.0435923873240873 -2.5259701955916984 2.605605892920609 -0.4411257095296519 -2.076629017261826 0.2635938453339826 0.0 1.0 0.0 3.09e+19 6.0 0.0 0.0 -5.449858301306716 -14.54135832989173
4370.616622979795 0.5637842086282818 52.88897074924574 0.44046415868874833 1.0176759913572222 -0.6773186996427896 2.675805789179457 -1.4698155066715328 -2.096124180281258 0.2743933112626751 0.0 1.0 0.0 3.09e+19 6.0 0.0 0.0 -5.4319130945687215 -14.57261231786686
2572.512299483407 0.5428584554897004 51.84350249024712 0.32497070781299764 0.972245942299411 -1.1182470777878448 2.4482889417109 -0.6328609972873371 -0.7007261112376053 0.32982489537561893 0.0 1.0 0.0 3.09e+19 6.0 0.0 0.0 -5.418783133529108 -14.812299098991893
4919.117465793424 0.28432764321779025 52.11761140585847 0.4628594872622608 1.0202900193525604 -1.1555972911340504 2.945283737139965 -0.6429346378926137 -1.9947232412470073 0.46811184559745733 0.0 1.0 0.0 3.09e+19 6.0 0.0 0.0 -5.4172111293749845 -16.26707666359241
164.43508863449097 1.0516369037085205 51.83929085731506 0.457817864435501 1.2010295275863576 -0.9667161107063293 2.7120924592018127 -1.654618263244629 -1.5325552225112915 0.4320470547437668 0.0 1.0 0.0 3.09e+19 6.0 0.0 0.0 -5.39647539204338 -14.84022702061272
1147.1599340438843 1.0190296919333297 52.32842516899109 0.2655347833171758 1.0725514273406405 -0.5994886159896851 2.6844818592071533 -0.45202624797821045 -0.02461642026901245 0.13251539340019228 0.0 1.0 0.0 3.09e+19 6.0 0.0 0.0 -5.395794989631955 -13.717222369475202
6176.547372568005 0.4072295591596154 51.47215674192786 0.4949856823845981 1.166012928419894 -3.0951013802950436 2.634422605552581 -0.7610280947700998 -0.3786330353067511 0.08371033042437306 0.0 1.0 0.0 3.09e+19 6.0 0.0 0.0 -5.389205812246714 -14.37754051124827
2416.4563288537825 0.882259542939443 52.513038805020024 0.3358043556027475 1.1626156912479502 -3.489432147867126 2.8573318737809448 -0.5990065504460045 -0.8328068611659454 0.08337932520927471 0.0 1.0 0.0 3.09e+19 6.0 0.0 0.0 -5.369292119827168 -13.709233472763813
4091.8926685635975 0.5229207141538843 51.78516944991643 0.49886536007539317 0.7268968914853332 -3.3408782125071057 2.511586236045409 -1.1011602723023737 -0.08487549917147819 0.16021732336039274 0.0 1.0 0.0 3.09e+19 6.0 0.0 0.0 -5.3641740727844125 -14.315952113925317
2296.7656205137228 0.6344571344563606 52.7694874449357 0.5191846156042026 0.8210599093931861 -1.3642673099865057 2.0261482765617544 -0.6991268080846482 -1.822482579827455 0.24179937470012347 0.0 1.0 0.0 3.09e+19 6.0 0.0 0.0 -5.335029438016238 -14.365183921861837
5323.978770442551 0.7174055479034376 52.28025319641754 0.4038876732359437 0.9061916119975831 -2.790640731733373 2.4384809234702067 -0.5309243191422222 -0.33852461339922213 0.4142407878718706 0.0 1.0 0.0 3.09e+19 6.0 0.0 0.0 -5.31887798048267 -14.998908067155497
4127.09942665543 0.6648200926084527 52.6746374961812 0.3241756225523586 1.2580499313005082 -0.9511634292956233 2.225624382089803 -0.749659163274305 -0.3286912954353691 0.23529208090341988 0.0 1.0 0.0 3.09e+19 6.0 0.0 0.0 -5.294142747206296 -14.305712996933838
2166.9385471297232 0.38237380074389754 52.71818627447821 0.36067197684872954 0.9381516924701847 -4.590965263322923 2.5851503860468745 -0.6745645810533043 -2.4800770109849695 0.0070274178032727445 0.0 1.0 0.0 3.09e+19 6.0 0.0 0.0 -5.278915273075689 -14.291456043403354
201.678703973346 1.252974276450797 52.80782373698365 0.3206147354616693 1.1986421962986271 -1.6889436289039113 2.8569800553873295 -0.3777834431637599 -1.2683501505419235 0.2127783947977694 0.0 1.0 0.0 3.09e+19 6.0 0.0 0.0 -5.227042897623135 -13.809423158211988
3561.1200081001657 1.0776765724445656 52.1429302323307 0.49206933253782825 1.3246936864934997 -1.3284983736053464 2.416922026694361 -0.34780185237544403 -0.36460523370994746 0.3045297986265362 0.0 1.0 0.0 3.09e+19 6.0 0.0 0.0 -5.160204250265148 -14.179449878613088
2597.27411287237 0.5968065963765655 51.80688894014638 0.4432246906791939 0.7373573542636912 -2.4362806097795993 2.3132818735714045 -0.1339920682119793 -1.326582279454834 0.22021691264026186 0.0 1.0 0.0 3.09e+19 6.0 0.0 0.0 -5.150869932038013 -14.355191409010931
2931.210378427062 0.7665139117810835 52.18006944730294 0.38152071800870174 0.8709275062605921 -2.3094878846463365 2.7950684360463276 -0.24287235546812758 -2.145376427609647 0.16389608416542145 0.0 1.0 0.0 3.09e+19 6.0 0.0 0.0 -5.144704867467606 -13.996413749957107
3086.9492853399665 0.9256858462852091 52.50328471513813 0.3923871079866933 1.0861318250210845 -2.2163830584730033 2.6287864300009476 -0.46132159329991484 -0.9470140372137665 0.4788028888862842 0.0 1.0 0.0 3.09e+19 6.0 0.0 0.0 -5.144229240321523 -15.328449303613429
1884.7755389248287 1.1431417168634896 52.76037498089227 0.44620137774351115 1.0911998055640595 -0.3575135054364429 2.2910906156410373 -0.9877631821068205 -1.5274280755196186 0.18811521442664356 0.0 1.0 0.0 3.09e+19 6.0 0.0 0.0 -5.126487200669104 -13.786087856404595
2064.7384114908546 0.5835153065851937 52.887937662522994 0.44926225513669255 0.7515174220744806 -1.2823777349773335 2.3786092177183566 -1.382423476979558 -1.6178681117932787 0.47100635184159306 0.0 1.0 0.0 3.09e+19 6.0 0.0 0.0 -5.1033841584519255 -15.620177081490265
2064.7384114908546 0.5835153065851937 52.887937662522994 0.44926225513669255 0.7515174220744806 -1.2823777349773335 2.3786092177183566 -1.382423476979558 -1.6178681117932787 0.47100635184159306 0.0 1.0 0.0 3.09e+19 6.0 0.0 0.0 -5.1033841584519255 -15.620177081490265
1313.424025423486 0.08693437773451745 52.81198681813186 0.3721962454656668 0.8045458671316185 -2.0735544361956517 2.256652434970124 -1.7899703406524319 -2.355573152013913 0.322067739577604 0.0 1.0 0.0 3.09e+19 6.0 0.0 0.0 -5.100201918377999 -16.564168779057486
2746.6891829059737 0.4511713993445499 52.376959846012085 0.4841913441248434 0.5242177000010143 -2.47409017280267 2.3272376681642175 -0.5483576603018303 -2.239110085190889 0.35435031888379614 0.0 1.0 0.0 3.09e+19 6.0 0.0 0.0 -5.08874711585594 -15.088440407855511
5906.64108844669 0.7506616459100515 52.80529820671652 0.5095672193192546 0.7826954716448337 -1.865374777755095 2.789522144665984 -1.2104876735499253 -0.8234554109966705 0.2268652572787538 0.0 1.0 0.0 3.09e+19 6.0 0.0 0.0 -5.08437040464198 -14.180548702973066
5906.64108844669 0.7506616459100515 52.80529820671652 0.5095672193192546 0.7826954716448337 -1.865374777755095 2.789522144665984 -1.2104876735499253 -0.8234554109966705 0.2268652572787538 0.0 1.0 0.0 3.09e+19 6.0 0.0 0.0 -5.08437040464198 -14.180548702973066
6263.552556911212 0.8141278817701606 52.435229823933106 0.506709678462571 1.5313462482268536 -4.023187601403934 2.6131873244592816 -0.1291369559572515 -0.8776774387627042 0.1520235570773841 0.0 1.0 0.0 3.09e+19 6.0 0.0 0.0 -5.047604119299654 -13.920599515908165
6263.552556911212 0.8141278817701606 52.435229823933106 0.506709678462571 1.5313462482268536 -4.023187601403934 2.6131873244592816 -0.1291369559572515 -0.8776774387627042 0.1520235570773841 0.0 1.0 0.0 3.09e+19 6.0 0.0 0.0 -5.047604119299654 -13.920599515908165
20.920074405982707 0.8854733211585472 52.52427592488675 0.4852127301058501 0.8549725391061754 -2.259706022793071 2.939093738639535 -2.102422538805188 -2.148511743284365 0.4896985405163454 0.0 1.0 0.0 3.09e+19 6.0 0.0 0.0 -5.04466039654837 -15.483765086002741
3167.8328630282854 0.3867867231913724 52.77221863777924 0.3050337728344476 0.6248068661947356 -0.5256021166278559 2.9179997015288848 -1.323035980672016 -0.46696433158619577 0.571845482730281 0.0 1.0 0.0 3.09e+19 6.0 0.0 0.0 -5.0233034254707585 -21.207694916137466
4341.648853733186 0.04499725077718736 51.72252487853393 0.32519070115184556 0.6031385248822084 -0.5873881644308767 2.8212897011940616 -1.4019349945374397 -1.141873530836484 0.03519328549434213 0.0 1.0 0.0 3.09e+19 6.0 0.0 0.0 -5.001454178208376 -16.4582046200301
2522.5757644630803 0.5960501735645516 52.347357342148854 0.4323977338378443 0.7916344313559794 -3.3065781331265724 2.1828983867460447 -1.268677356027911 -0.7130620484271328 0.11030267440452 0.0 1.0 0.0 3.09e+19 6.0 0.0 0.0 -4.990315356021246 -14.084681232284591
6892.2123097206695 0.514369928209489 52.269277087734714 0.3250906657460108 0.9525135642210814 -3.8677730317855135 2.5794841770719845 -0.15613917108652853 -0.5997277359576549 0.12205509723731338 0.0 1.0 0.0 3.09e+19 6.0 0.0 0.0 -4.978418824249062 -14.242386673625072
1529.140266086341 0.9350030474228344 52.524312513213374 0.45162181704045684 1.2563557838739738 -1.0653835073030082 2.072181586397713 -1.4565446299290852 -1.2981914787779203 0.15795608300072128 0.0 1.0 0.0 3.09e+19 6.0 0.0 0.0 -4.957305141030549 -13.833567470731992
862.9124328818211 1.0364442023927882 51.51186008263922 0.47995603920780444 1.2019200925292552 -2.0020667030993926 2.491121950203675 -0.33594803292056596 -1.2589101780027752 0.1382614097872845 0.0 1.0 0.0 3.09e+19 6.0 0.0 0.0 -4.951573740587975 -13.71985929860025
862.9124328818211 1.0364442023927882 51.51186008263922 0.47995603920780444 1.2019200925292552 -2.0020667030993926 2.491121950203675 -0.33594803292056596 -1.2589101780027752 0.1382614097872845 0.0 1.0 0.0 3.09e+19 6.0 0.0 0.0 -4.951573740587975 -13.71985929860025
6212.894356679211 0.7932993600899733 52.419415248698606 0.4324667496422592 1.0828308100276722 -2.4255190046777644 2.588551725287666 -0.1843455239754177 -0.4979561934175889 0.4832490396976513 0.0 1.0 0.0 3.09e+19 6.0 0.0 0.0 -4.94696601719468 -15.49149959744285
6212.894356679211 0.7932993600899733 52.419415248698606 0.4324667496422592 1.0828308100276722 -2.4255190046777644 2.588551725287666 -0.1843455239754177 -0.4979561934175889 0.4832490396976513 0.0 1.0 0.0 3.09e+19 6.0 0.0 0.0 -4.94696601719468 -15.49149959744285
3496.4959219740067 0.578130473118545 52.88199685232163 0.3807237836249206 0.8743548219767361 -0.6208245965200003 2.586364337137539 -1.1249197921190857 -2.2378665272634466 0.45818806886507074 0.0 1.0 0.0 3.09e+19 6.0 0.0 0.0 -4.931937307014417 -15.509336097955966
4653.715971370076 0.30777400554787104 52.34146241641681 0.4255903585876372 1.3360359363678491 -3.8947716665461174 2.5462016114853316 -0.7092319627351258 -0.871588359288527 0.10127117145049236 0.0 1.0 0.0 3.09e+19 6.0 0.0 0.0 -4.892535554686868 -14.682191776717074
4653.715971370076 0.30777400554787104 52.34146241641681 0.4255903585876372 1.3360359363678491 -3.8947716665461174 2.5462016114853316 -0.7092319627351258 -0.871588359288527 0.10127117145049236 0.0 1.0 0.0 3.09e+19 6.0 0.0 0.0 -4.892535554686868 -14.682191776717074
2131.3346077764495 1.1065973464755992 52.25237255656486 0.48111577978805414 1.3646693460919552 -2.406044306622352 2.7586853750602587 -0.8286384578277204 -0.5918572269855327 0.05539545677036424 0.0 1.0 0.0 3.09e+19 6.0 0.0 0.0 -4.866182090716627 -13.50689220643063
6105.090947444647 0.19418551737236112 52.17070043357798 0.27530192876436016 0.9412861072621072 -1.8869882846442882 2.4763375930170017 -1.2354966320444254 -0.12738084118189752 0.07990940180408407 0.0 1.0 0.0 3.09e+19 6.0 0.0 0.0 -4.852184614056773 -15.088854736064167
5268.724466591339 0.5686616622673015 51.41774050113552 0.3132560946796483 1.2939778220363567 -2.048164694869112 2.8175844793242506 -0.017595802046569187 -0.9277989254619139 0.1545656830736588 0.0 1.0 0.0 3.09e+19 6.0 0.0 0.0 -4.817959262938008 -14.226970069709061
2745.2324863536896 0.7474235275533888 52.222104456067505 0.476209956164948 1.3198919021256652 -2.6298788822103543 2.5655783488404205 -1.2784668568199766 -0.25764116591778574 0.07965585150327792 0.0 1.0 0.0 3.09e+19 6.0 0.0 0.0 -4.817844292465687 -13.829134394932577
2745.2324863536896 0.7474235275533888 52.222104456067505 0.476209956164948 1.3198919021256652 -2.6298788822103543 2.5655783488404205 -1.2784668568199766 -0.25764116591778574 0.07965585150327792 0.0 1.0 0.0 3.09e+19 6.0 0.0 0.0 -4.817844292465687 -13.829134394932577
5889.737745454838 0.7621281323566368 52.461124027844974 0.4743305109749924 0.7793250116713168 -0.7133521882322382 2.390552194710994 -0.1143466471598007 -2.755927507027208 0.2655980453326864 0.0 1.0 0.0 3.09e+19 6.0 0.0 0.0 -4.817592985482705 -14.287287492803943
4205.404974713301 0.20526079224063512 52.13815287686916 0.2127202891869845 0.17376815469936402 -0.6440604193015638 2.477003250108138 -0.41632449029359986 -2.237180799201102 0.2990029087162256 0.0 1.0 0.0 3.09e+19 6.0 0.0 0.0 -4.817545121914783 -15.622676770079066
4205.404974713301 0.20526079224063512 52.13815287686916 0.2127202891869845 0.17376815469936402 -0.6440604193015638 2.477003250108138 -0.41632449029359986 -2.237180799201102 0.2990029087162256 0.0 1.0 0.0 3.09e+19 6.0 0.0 0.0 -4.817545121914783 -15.622676770079066
2321.9259717952064 0.9352176468450182 52.61679562323467 0.4184636528303976 1.2868038188939797 -2.829204974604386 2.2561451832905863 -0.9741231117260623 -1.1316557464062913 0.02953360151879018 0.0 1.0 0.0 3.09e+19 6.0 0.0 0.0 -4.815643599542617 -13.563483542747715
6730.688929333815 0.31837241536058586 52.875254445974 0.47768812329163807 1.1176591085168637 -1.9501740576243431 2.7873589653420203 -1.9505119625471976 -0.7659205213853078 0.06359741369922559 0.0 1.0 0.0 3.09e+19 6.0 0.0 0.0 -4.809562711742185 -14.572520533363226
2311.778351668042 0.3661601331087172 52.24032365884997 0.3945241150443601 1.2444295789715314 -2.5465015114244136 2.202403234988062 -0.6035586449158883 -1.3657917682801362 0.33827541744994166 0.0 1.0 0.0 3.09e+19 6.0 0.0 0.0 -4.797625059056619 -15.214373622488106
2311.778351668042 0.3661601331087172 52.24032365884997 0.3945241150443601 1.2444295789715314 -2.5465015114244136 2.202403234988062 -0.6035586449158883 -1.3657917682801362 0.33827541744994166 0.0 1.0 0.0 3.09e+19 6.0 0.0 0.0 -4.797625059056619 -15.214373622488106
2816.302714874352 0.6132515614390965 51.80970245008771 0.4716253200224916 1.1446244683724127 -0.5147766868754431 2.0362903417631166 -0.7647566361571738 -1.1705106152138844 0.14426517137019282 0.0 1.0 0.0 3.09e+19 6.0 0.0 0.0 -4.777080998136179 -14.136122734099303
2714.7820307270895 0.5009985686530275 52.07262866108681 0.3202109937340352 1.2168879819469163 -0.17899360808825548 2.9053804334933098 -0.9313308683271124 -1.129407479486674 0.39994736354139576 0.0 1.0 0.0 3.09e+19 6.0 0.0 0.0 -4.733209558298849 -15.226314574912719
3079.5368960814253 0.41022634282675235 52.964592194297346 0.3538776230268971 1.170501951963653 -0.75166522701819 2.7223285766237577 -1.6878929666271882 -1.1861228517877458 0.4525755150334836 0.0 1.0 0.0 3.09e+19 6.0 0.0 0.0 -4.726317480344026 -15.776321031319345
3079.5368960814253 0.41022634282675235 52.964592194297346 0.3538776230268971 1.170501951963653 -0.75166522701819 2.7223285766237577 -1.6878929666271882 -1.1861228517877458 0.4525755150334836 0.0 1.0 0.0 3.09e+19 6.0 0.0 0.0 -4.726317480344026 -15.776321031319345
2328.7996722762095 0.4113100178150038 52.764599299078654 0.3998430351817723 1.1832022331639256 -2.6424135031178317 2.0414807450047086 -1.5515682484955071 -0.5636566307449273 0.12600055588813586 0.0 1.0 0.0 3.09e+19 6.0 0.0 0.0 -4.720154081782549 -14.458646820082565
6254.798407103608 0.0996138376147945 52.22673816703856 0.5082260397024155 1.0369041518492796 -3.018369425245548 2.1178463163043078 -0.8760722090701369 -0.6675680668025596 0.14110555546048265 0.0 1.0 0.0 3.09e+19 6.0 0.0 0.0 -4.720152886896124 -15.884413753359508
4706.660086517293 0.6453002599606055 52.83274971351836 0.32226212502390966 0.9422971351376146 -1.0488859195699547 2.4295878230674837 -0.08525517948305694 -2.5155151681899683 0.3026782385601909 0.0 1.0 0.0 3.09e+19 6.0 0.0 0.0 -4.716743235152587 -14.554136546877453
5158.6630592864685 0.7440879752532293 52.84270466060714 0.41330927195252326 1.004790979477111 -3.6107405475807 2.7014934911930792 -0.2956842058422775 -1.0622125538824023 0.40447595094655603 0.0 1.0 0.0 3.09e+19 6.0 0.0 0.0 -4.712829713240424 -14.909223762577252
1431.0647803395232 0.6088288687464625 52.773085092909795 0.28580389806371226 1.1884102161275716 -1.6739560353358058 2.689248376972157 -1.622812288568535 -1.4911364627231216 0.05090742271719107 0.0 1.0 0.0 3.09e+19 6.0 0.0 0.0 -4.7079960574499395 -13.945179798645617
2410.0097619204257 0.7876214371353868 51.47695592720673 0.39284232071668224 0.9530935194226222 -1.4433110359399564 2.697054395673074 -0.206435943736472 -0.6196940225566845 0.3600701431369989 0.0 1.0 0.0 3.09e+19 6.0 0.0 0.0 -4.701508429765313 -14.629310475330668
2410.0097619204257 0.7876214371353868 51.47695592720673 0.39284232071668224 0.9530935194226222 -1.4433110359399564 2.697054395673074 -0.206435943736472 -0.6196940225566845 0.3600701431369989 0.0 1.0 0.0 3.09e+19 6.0 0.0 0.0 -4.701508429765313 -14.629310475330668
1880.2292839545341 0.3411738127102765 50.22811520843286 0.48652028207457293 0.8032745315235429 -1.211413586614221 2.6773566870727468 -0.16994554161236186 -0.22674481673782143 0.2852107368639639 0.0 1.0 0.0 3.09e+19 6.0 0.0 0.0 -4.695533981667113 -15.077793743285621
5460.653137517015 0.6910681025341445 52.282176298251755 0.38747058284091995 1.1283463029141365 -0.005368192254282533 2.433022907643495 -0.8905696605872446 -1.6412719643259437 0.2104405900672644 0.0 1.0 0.0 3.09e+19 6.0 0.0 0.0 -4.694060379565722 -14.201983849048759
5460.653137517015 0.6910681025341445 52.282176298251755 0.38747058284091995 1.1283463029141365 -0.005368192254282533 2.433022907643495 -0.8905696605872446 -1.6412719643259437 0.2104405900672644 0.0 1.0 0.0 3.09e+19 6.0 0.0 0.0 -4.694060379565722 -14.201983849048759
315.1168747180194 1.1303941319697381 52.67332200131115 0.35297733634140815 1.3567291758868933 -4.212617735860416 2.830335909506034 -0.041211078178851945 -1.9185205252077322 0.29903353351524753 0.0 1.0 0.0 3.09e+19 6.0 0.0 0.0 -4.687530352208349 -14.132567176661047
315.1168747180194 1.1303941319697381 52.67332200131115 0.35297733634140815 1.3567291758868933 -4.212617735860416 2.830335909506034 -0.041211078178851945 -1.9185205252077322 0.29903353351524753 0.0 1.0 0.0 3.09e+19 6.0 0.0 0.0 -4.687530352208349 -14.132567176661047
5862.317388490922 0.4673184033663363 51.947126649717916 0.4129315467254534 0.5834409756405282 -1.5075329471652705 2.812909278949032 -1.1268261176726728 -0.25105403178896424 0.039024976849841325 0.0 1.0 0.0 3.09e+19 6.0 0.0 0.0 -4.671083287608631 -14.161282322724526
5862.317388490922 0.4673184033663363 51.947126649717916 0.4129315467254534 0.5834409756405282 -1.5075329471652705 2.812909278949032 -1.1268261176726728 -0.25105403178896424 0.039024976849841325 0.0 1.0 0.0 3.09e+19 6.0 0.0 0.0 -4.671083287608631 -14.161282322724526
6353.787186147402 0.7223115514960585 51.82395301289702 0.41336576764586197 1.3643951217823933 -1.0464651730559922 2.354801419714232 -0.8904142923867946 -0.8046396606350408 0.0036932036031970604 0.0 1.0 0.0 3.09e+19 6.0 0.0 0.0 -4.667722145647284 -13.713549995647071
1496.4706850974612 0.6756056536534569 51.83472002627116 0.44285138677130326 0.8486349470875307 -0.31636598144187644 2.9183063310041444 -1.2130971368509145 -0.973213745707382 0.32745080790892017 0.0 1.0 0.0 3.09e+19 6.0 0.0 0.0 -4.651440515239038 -14.611457147681282
800.4559340897798 0.6540317057809356 52.74367378227659 0.2530109061287618 1.1527510174058762 -2.173773762589711 2.4225654976980047 -1.4568814180242629 -1.4103397679575238 0.021786348084943816 0.0 1.0 0.0 3.09e+19 6.0 0.0 0.0 -4.6238107469636445 -13.829000252799897
2568.2636302507935 0.42043564084417134 52.7190909372652 0.2773391374513981 0.9053463253319505 -1.1027876259951186 2.9598145613812243 -1.4692063107942552 -1.808821807194383 0.18030474691217604 0.0 1.0 0.0 3.09e+19 6.0 0.0 0.0 -4.610195804818442 -14.56769186569387
6353.190110784207 0.6806295761327877 52.45230092222379 0.4539616556660898 1.3419443399962725 -3.9477670837051844 2.477298623524033 -0.26926034857994985 -0.9796893078695605 0.043391549815606605 0.0 1.0 0.0 3.09e+19 6.0 0.0 0.0 -4.591618198349832 -13.83526690351966
6353.190110784207 0.6806295761327877 52.45230092222379 0.4539616556660898 1.3419443399962725 -3.9477670837051844 2.477298623524033 -0.26926034857994985 -0.9796893078695605 0.043391549815606605 0.0 1.0 0.0 3.09e+19 6.0 0.0 0.0 -4.591618198349832 -13.83526690351966
2013.6627238874137 0.5613931429155803 52.42078443785638 0.44560869465364633 0.871839132527598 -1.5661154383074005 2.605743035090426 -0.9471158391540335 -2.3263370047300214 0.09628271739328745 0.0 1.0 0.0 3.09e+19 6.0 0.0 0.0 -4.587058462889192 -14.107856002117677
2178.434171190831 0.7619674403110903 51.61676680841778 0.4992197674021308 0.9874775786555854 -0.32611927289006726 2.804847608724577 -1.12020457027135 -0.4516919719427146 0.20973194044906188 0.0 1.0 0.0 3.09e+19 6.0 0.0 0.0 -4.572835462695222 -14.120170331345175
2178.434171190831 0.7619674403110903 51.61676680841778 0.4992197674021308 0.9874775786555854 -0.32611927289006726 2.804847608724577 -1.12020457027135 -0.4516919719427146 0.20973194044906188 0.0 1.0 0.0 3.09e+19 6.0 0.0 0.0 -4.572835462695222 -14.120170331345175
1331.7426091740253 0.537045615472221 50.82608800124729 0.4015626669868892 1.440318578344531 -2.756652210544256 2.5404937125901212 -0.5333260158658906 -0.25107096966923814 0.3096462273312985 0.0 1.0 0.0 3.09e+19 6.0 0.0 0.0 -4.568636731790911 -14.742091546535729
1331.7426091740253 0.537045615472221 50.82608800124729 0.4015626669868892 1.440318578344531 -2.756652210544256 2.5404937125901212 -0.5333260158658906 -0.25107096966923814 0.3096462273312985 0.0 1.0 0.0 3.09e+19 6.0 0.0 0.0 -4.568636731790911 -14.742091546535729
5728.12790756702 0.2641807606646327 51.70800401202288 0.31979474378303585 0.8275401764897202 -1.5161214733785533 2.609926509660607 -0.3874869266372398 -1.083149211876318 0.2803004926640664 0.0 1.0 0.0 3.09e+19 6.0 0.0 0.0 -4.564769206729243 -15.308782498307266
3134.753627576967 0.32499285287974977 51.85845620274264 0.4317676005011343 0.8792590973480184 -0.5174486991689928 2.4748493235741744 -1.1441878506944456 -1.6086489440942113 0.3033142500718372 0.0 1.0 0.0 3.09e+19 6.0 0.0 0.0 -4.557642245186757 -15.18968399070561
3134.753627576967 0.32499285287974977 51.85845620274264 0.4317676005011343 0.8792590973480184 -0.5174486991689928 2.4748493235741744 -1.1441878506944456 -1.6086489440942113 0.3033142500718372 0.0 1.0 0.0 3.09e+19 6.0 0.0 0.0 -4.557642245186757 -15.18968399070561
4982.32679442487 0.3159026599230091 51.3075359345499 0.5093098787332492 0.9573443229450695 -0.6176077043853487 2.4606971953809684 -0.43119871013143296 -1.0052574522591013 0.3598309330899474 0.0 1.0 0.0 3.09e+19 6.0 0.0 0.0 -4.543622083543142 -15.45283850772416
1658.4251143556519 0.714853812729405 52.84278760112282 0.2882775162116772 0.9904667960114361 -2.0344488381667776 2.522253172426278 -0.13237122433777415 -2.43726293985 0.49555478799657626 0.0 1.0 0.0 3.09e+19 6.0 0.0 0.0 -4.540484579275274 -15.723649311646904
299.15233132373567 0.17120615584409762 52.53230014167673 0.3947248977665007 0.9480591251345619 -4.208454490994353 2.3230160029601366 -1.5277083023321727 -1.8049006831907068 0.4624550509535835 0.0 1.0 0.0 3.09e+19 6.0 0.0 0.0 -4.532699430405619 -16.712893338822273
299.15233132373567 0.17120615584409762 52.53230014167673 0.3947248977665007 0.9480591251345619 -4.208454490994353 2.3230160029601366 -1.5277083023321727 -1.8049006831907068 0.4624550509535835 0.0 1.0 0.0 3.09e+19 6.0 0.0 0.0 -4.532699430405619 -16.712893338822273
4922.027866860672 0.7472389903868343 52.22179425420949 0.4665805751768215 0.9682905576287669 -1.2828310570188979 2.5364198496411126 -0.7066329168712131 -1.182169146707215 0.21727421325182444 0.0 1.0 0.0 3.09e+19 6.0 0.0 0.0 -4.527028903875967 -14.156851560124045
4286.230917218399 0.4744293541677306 52.153406953762975 0.37019954996903 0.9363890185379679 -1.8707105706910694 2.1527974574451925 -1.4865497274309312 -0.2799660586050958 0.016016282419113057 0.0 1.0 0.0 3.09e+19 6.0 0.0 0.0 -4.51650629363652 -14.105079996507108
4286.230917218399 0.4744293541677306 52.153406953762975 0.37019954996903 0.9363890185379679 -1.8707105706910694 2.1527974574451925 -1.4865497274309312 -0.2799660586050958 0.016016282419113057 0.0 1.0 0.0 3.09e+19 6.0 0.0 0.0 -4.51650629363652 -14.105079996507108
6060.271034424645 0.8616570194271789 52.64229067413569 0.4801860799285471 1.530027923278633 -3.6312537970301335 2.5660721113926654 -0.1768874188877403 -1.2993069495034284 0.1576545674161967 0.0 1.0 0.0 3.09e+19 6.0 0.0 0.0 -4.51173173496698 -13.891286752705629
6060.271034424645 0.8616570194271789 52.64229067413569 0.4801860799285471 1.530027923278633 -3.6312537970301335 2.5660721113926654 -0.1768874188877403 -1.2993069495034284 0.1576545674161967 0.0 1.0 0.0 3.09e+19 6.0 0.0 0.0 -4.51173173496698 -13.891286752705629
2692.6599635965085 0.5787095393786535 52.660599218746974 0.5149315957995777 1.0487633454699383 -2.192697597939779 2.772998577505005 -1.4002736648760241 -1.9142060973554418 0.06662820906605538 0.0 1.0 0.0 3.09e+19 6.0 0.0 0.0 -4.509727518875899 -14.020419406855677
2282.538067981853 0.23364970599307427 52.25476182132088 0.2039261498879687 0.31179742681896266 -2.846570881141336 2.809706330537539 -0.2934763293820821 -2.4285763307462265 0.1758049720152235 0.0 1.0 0.0 3.09e+19 6.0 0.0 0.0 -4.50894007221642 -15.12322811837546
4997.182142244256 0.3107499886931863 51.98210414333528 0.5032852202155027 1.3662570708764536 -3.243401398020858 2.5855225901487344 -0.4580898821243329 -0.3352999830691954 0.40836684178432353 0.0 1.0 0.0 3.09e+19 6.0 0.0 0.0 -4.506025224699478 -15.727940594792472
4997.182142244256 0.3107499886931863 51.98210414333528 0.5032852202155027 1.3662570708764536 -3.243401398020858 2.5855225901487344 -0.4580898821243329 -0.3352999830691954 0.40836684178432353 0.0 1.0 0.0 3.09e+19 6.0 0.0 0.0 -4.506025224699478 -15.727940594792472
491.5555499462991 1.262261812436058 52.24603175583093 0.3866714467607167 1.3057445179005742 -0.17777232907544338 2.9188076139023167 -1.0647583680920756 -0.5174648937421411 0.2005407156489886 0.0 1.0 0.0 3.09e+19 6.0 0.0 0.0 -4.501943202920868 -13.772952367689527
4446.755647659302 0.644253716729328 52.312469244003296 0.49602151364512215 0.9632311405004638 -2.635779082775116 2.508649170398712 -0.5791765451431274 -1.4517134428024292 0.10460906059741974 0.0 1.0 0.0 3.09e+19 6.0 0.0 0.0 -4.483395768372235 -14.004897664471216
1570.2165919643826 1.0608816255748366 52.36487650287188 0.4425177091201936 1.2714160696148344 -1.2039458248008312 2.586063670948416 -1.0705451282728777 -1.1448462760366518 0.032018200397144606 0.0 1.0 0.0 3.09e+19 6.0 0.0 0.0 -4.478402475086686 -13.486885009528951
5266.085073459674 0.26675541551571225 52.25394485354839 0.3875094001664344 1.0112423614885633 -2.736617476052813 2.448501748795412 -0.8455460206729786 -0.7207595557145825 0.24528876063965674 0.0 1.0 0.0 3.09e+19 6.0 0.0 0.0 -4.470861865223663 -15.186107010232533
5266.085073459674 0.26675541551571225 52.25394485354839 0.3875094001664344 1.0112423614885633 -2.736617476052813 2.448501748795412 -0.8455460206729786 -0.7207595557145825 0.24528876063965674 0.0 1.0 0.0 3.09e+19 6.0 0.0 0.0 -4.470861865223663 -15.186107010232533
3365.368552421253 0.23603195658416795 52.37895368590289 0.33812974002990687 0.7237347793006279 -4.848450405276911 2.712073238608342 -0.36681118838436344 -1.3657349709396338 0.09936371846107245 0.0 1.0 0.0 3.09e+19 6.0 0.0 0.0 -4.455826416702955 -14.937014685301957
3059.7607300036534 0.924199998450183 52.764191589338 0.5134613966205226 1.2411996067859692 -3.743487399361794 2.3067439721582836 -1.2253172940326469 -0.7214314474136372 0.059099672682249756 0.0 1.0 0.0 3.09e+19 6.0 0.0 0.0 -4.455435052809291 -13.627707572249864
4634.219877606073 1.0346305500431558 51.559001946797174 0.5108988152804476 1.3476923626332995 -1.6711521398679103 2.4668855038372506 -0.1872202900036979 -0.19466599867164947 0.12843555934355994 0.0 1.0 0.0 3.09e+19 6.0 0.0 0.0 -4.440081585198191 -13.698554145543383
4634.219877606073 1.0346305500431558 51.559001946797174 0.5108988152804476 1.3476923626332995 -1.6711521398679103 2.4668855038372506 -0.1872202900036979 -0.19466599867164947 0.12843555934355994 0.0 1.0 0.0 3.09e+19 6.0 0.0 0.0 -4.440081585198191 -13.698554145543383
4094.0228462875034 0.28737368518342765 52.899720287299544 0.41759910994814714 1.18806954044649 -3.0750668683584426 2.4422400484639124 -1.7120370070421653 -0.6604734340089475 0.1219025562584308 0.0 1.0 0.0 3.09e+19 6.0 0.0 0.0 -4.436274827304673 -14.79351771389914
2002.9032650651457 0.5983976156994634 52.25599422520965 0.24921689403906164 1.2313308809980035 -0.983013641834166 2.6870002151683154 -0.9612491341715907 -0.11678547578705656 0.2474268651991908 0.0 1.0 0.0 3.09e+19 6.0 0.0 0.0 -4.431837618965011 -14.433262470745737
3752.021675288927 0.7840392604238823 52.294179464194215 0.3365714855171072 1.3558871011039129 -2.9367858105691753 2.7578165036767035 -0.11969771779122018 -0.7153007815444008 0.2657363394129822 0.0 1.0 0.0 3.09e+19 6.0 0.0 0.0 -4.4249506180758935 -14.26527897987364
3752.021675288927 0.7840392604238823 52.294179464194215 0.3365714855171072 1.3558871011039129 -2.9367858105691753 2.7578165036767035 -0.11969771779122018 -0.7153007815444008 0.2657363394129822 0.0 1.0 0.0 3.09e+19 6.0 0.0 0.0 -4.4249506180758935 -14.26527897987364
6259.750772384234 0.5920247114530502 51.9881718243692 0.40320531761763023 1.2130686300310691 -1.2346209713531269 2.7203957416220472 -0.4366402380812535 -0.32666249852030127 0.4399477513591389 0.0 1.0 0.0 3.09e+19 6.0 0.0 0.0 -4.423842847160708 -15.340194543687977
487.4604551832868 0.7560717101445861 52.56042928230329 0.41536546131852614 0.7846419611539389 -1.7397365621715117 2.6535640651547014 -0.8402993267325862 -2.7140666455042703 0.4844135785153215 0.0 1.0 0.0 3.09e+19 6.0 0.0 0.0 -4.422716419989411 -15.54269112302624
2253.488181920507 1.0126860746310167 52.132023964607804 0.4762718984908813 1.2049689416372211 -0.9172553469514062 2.161845960168454 -0.8245283727069372 -0.3295521579177705 0.12000635195811443 0.0 1.0 0.0 3.09e+19 6.0 0.0 0.0 -4.422686977911162 -13.693114658628748
2253.488181920507 1.0126860746310167 52.132023964607804 0.4762718984908813 1.2049689416372211 -0.9172553469514062 2.161845960168454 -0.8245283727069372 -0.3295521579177705 0.12000635195811443 0.0 1.0 0.0 3.09e+19 6.0 0.0 0.0 -4.422686977911162 -13.693114658628748
6335.448708667627 0.40346421569534735 52.03216460359964 0.4517724314721942 1.0021129510593412 -1.4785092211911808 2.6500451957411357 -1.3215433334250126 -0.7368487366156344 0.06454221121959909 0.0 1.0 0.0 3.09e+19 6.0 0.0 0.0 -4.419609097642902 -14.347841548201576
1139.5084358388303 0.772863805329352 52.15700292200214 0.3756556578542149 1.3516552613710227 -0.3349977308952612 2.8242941859343063 -1.3166348760450455 -0.9612582965959469 0.2861813335762208 0.0 1.0 0.0 3.09e+19 6.0 0.0 0.0 -4.413286080177551 -14.345606518613707
5466.211140088223 0.7710267278371299 52.18688551976145 0.3276404145035597 1.4810170679653003 -0.06201883677667119 2.4678378015691376 -0.5992672290175625 -0.5559893246306706 0.14983467149759486 0.0 1.0 0.0 3.09e+19 6.0 0.0 0.0 -4.4130451803461925 -13.9579057303897
807.9042640975061 0.318672959015744 51.68321669160825 0.3034513933723427 0.502265305589817 -2.35724427256395 2.3944305645203556 -1.010386801515378 -1.5151878977646076 0.39204245433373214 0.0 1.0 0.0 3.09e+19 6.0 0.0 0.0 -4.394517796832523 -15.608727955945156
807.9042640975061 0.318672959015744 51.68321669160825 0.3034513933723427 0.502265305589817 -2.35724427256395 2.3944305645203556 -1.010386801515378 -1.5151878977646076 0.39204245433373214 0.0 1.0 0.0 3.09e+19 6.0 0.0 0.0 -4.394517796832523 -15.608727955945156
6981.132013058767 0.09870928901801765 52.767243005541275 0.3022060295903863 1.089987674809706 -0.7335032482491153 2.332297125220766 -1.120943336353642 -0.34757598841455684 0.42442237650372977 0.0 1.0 0.0 3.09e+19 6.0 0.0 0.0 -4.390128609964675 -16.96323581916694
5255.285992676553 0.9549697698138744 52.138225109464955 0.42350552472404507 1.0292870185258651 -2.7312333833576203 2.709759940690907 -0.8847549022419132 -0.06354288118630347 0.0283721071933975 0.0 1.0 0.0 3.09e+19 6.0 0.0 0.0 -4.37689455638899 -13.54707360122701
5255.285992676553 0.9549697698138744 52.138225109464955 0.42350552472404507 1.0292870185258651 -2.7312333833576203 2.709759940690907 -0.8847549022419132 -0.06354288118630347 0.0283721071933975 0.0 1.0 0.0 3.09e+19 6.0 0.0 0.0 -4.37689455638899 -13.54707360122701
1296.9576657260418 0.27092752932434083 52.3391903776403 0.4776667296610505 0.6846111102005392 -2.87122227782654 2.2369937432283 -0.6833921776860157 -2.5854417195301296 0.3144799304538056 0.0 1.0 0.0 3.09e+19 6.0 0.0 0.0 -4.376110741253709 -15.40861409518375
2785.67820361918 0.8485989389865598 52.11589783474067 0.349474552036452 1.4955961287753141 -1.5575299079375466 2.468099973969243 -0.48852234356584834 -1.0615798515662789 0.20308617014848157 0.0 1.0 0.0 3.09e+19 6.0 0.0 0.0 -4.374980804950615 -14.018658309781939
2364.5583025856727 0.6226292798929488 52.6663082244437 0.3906909289521437 0.9488776340104481 -2.318593397701389 2.5776433229324467 -0.5517426401474799 -2.543631616316675 0.11531473306852334 0.0 1.0 0.0 3.09e+19 6.0 0.0 0.0 -4.36884341517577 -14.057497550002754
5602.104699778228 0.6754852769697635 52.664676339075314 0.35749398152937034 1.3539261114137087 -1.0783221463451262 2.804164186851379 -0.7943907717076288 -1.5637788703346684 0.20735618898633348 0.0 1.0 0.0 3.09e+19 6.0 0.0 0.0 -4.368453986857097 -14.21264080388294
5629.944721875785 0.6966240398877166 52.56266837492712 0.36716922717571454 0.9191191270636319 -0.2066439564846938 2.5257752984344393 -0.5094046853636005 -2.179395725586391 0.3571983443698115 0.0 1.0 0.0 3.09e+19 6.0 0.0 0.0 -4.368154682856938 -14.715261130653738
5629.944721875785 0.6966240398877166 52.56266837492712 0.36716922717571454 0.9191191270636319 -0.2066439564846938 2.5257752984344393 -0.5094046853636005 -2.179395725586391 0.3571983443698115 0.0 1.0 0.0 3.09e+19 6.0 0.0 0.0 -4.368154682856938 -14.715261130653738
2568.299870436419 0.47315425420111756 52.626775114278615 0.4326495533570135 1.3311702557450575 -2.927090717910921 2.2282852292785345 -0.5860401963405608 -1.816070494961509 0.40673459885362456 0.0 1.0 0.0 3.09e+19 6.0 0.0 0.0 -4.350972815698207 -15.319054904962844
2568.299870436419 0.47315425420111756 52.626775114278615 0.4326495533570135 1.3311702557450575 -2.927090717910921 2.2282852292785345 -0.5860401963405608 -1.816070494961509 0.40673459885362456 0.0 1.0 0.0 3.09e+19 6.0 0.0 0.0 -4.350972815698207 -15.319054904962844
1386.147714565445 0.046997886505897146 49.915540691684505 0.5148315119138327 0.45151525689145194 -0.7679354362192665 2.8541189646889036 -0.43930021445684186 -0.8385839831964206 0.17026263570799238 0.0 1.0 0.0 3.09e+19 6.0 0.0 0.0 -4.33501679409053 -16.704323291656948
1386.147714565445 0.046997886505897146 49.915540691684505 0.5148315119138327 0.45151525689145194 -0.7679354362192665 2.8541189646889036 -0.43930021445684186 -0.8385839831964206 0.17026263570799238 0.0 1.0 0.0 3.09e+19 6.0 0.0 0.0 -4.33501679409053 -16.704323291656948
3267.6928761606623 0.360437787748804 52.45324989222469 0.2841200493962548 1.0900305517653366 -0.2362048068337934 2.39551803135605 -1.1581057330508537 -0.5386740664744147 0.4281244854679958 0.0 1.0 0.0 3.09e+19 6.0 0.0 0.0 -4.334340279873206 -15.713554473836737
6174.4918740021285 0.399906150231459 51.72661617102845 0.3868070926918043 1.235922238652538 -1.0681175101042402 2.314308410544821 -0.9714548908075851 -0.4216332398562552 0.08208870381967745 0.0 1.0 0.0 3.09e+19 6.0 0.0 0.0 -4.331439183478691 -14.39137881725206
1341.7585338611907 0.3134969938177961 52.26015287639619 0.2290117569129674 0.4644640724757432 -2.7761096299996204 2.498409308303615 -1.6556128416377036 -0.7467344410377836 0.1711014066099005 0.0 1.0 0.0 3.09e+19 6.0 0.0 0.0 -4.329755283814022 -14.824790012610084
980.4680144877474 0.20349627146049562 51.244466195192416 0.25948514828609825 0.7887674772564566 -0.3405403877532862 2.367320183314894 -0.7451887801846127 -1.8430598939777871 0.4519941211477983 0.0 1.0 0.0 3.09e+19 6.0 0.0 0.0 -4.32496476757952 -16.451246795005012
980.4680144877474 0.20349627146049562 51.244466195192416 0.25948514828609825 0.7887674772564566 -0.3405403877532862 2.367320183314894 -0.7451887801846127 -1.8430598939777871 0.4519941211477983 0.0 1.0 0.0 3.09e+19 6.0 0.0 0.0 -4.32496476757952 -16.451246795005012
4698.212140892876 0.86249636059066 52.15653342189618 0.4802296851104473 1.5541853917016155 -0.33112187307628194 2.6918311991390964 -0.8195336514307314 -0.6949009730322904 0.2722265958771972 0.0 1.0 0.0 3.09e+19 6.0 0.0 0.0 -4.320387622321532 -14.21387177654
706.6499043067748 0.7001417438224866 52.41104833145279 0.30697481883681504 1.2852196008923253 -1.391418846380041 2.5072655861769464 -0.8540372785749768 -2.4332204870972283 0.27196624708216716 0.0 1.0 0.0 3.09e+19 6.0 0.0 0.0 -4.31497675584143 -14.377419270071067
706.6499043067748 0.7001417438224866 52.41104833145279 0.30697481883681504 1.2852196008923253 -1.391418846380041 2.5072655861769464 -0.8540372785749768 -2.4332204870972283 0.27196624708216716 0.0 1.0 0.0 3.09e+19 6.0 0.0 0.0 -4.31497675584143 -14.377419270071067
2648.008460524909 0.6809350361925263 52.93230666486896 0.41952417952177784 1.120824740989142 -0.8280331361820998 2.2702240011697743 -1.0372274866799398 -2.7445103113939315 0.277460451741974 0.0 1.0 0.0 3.09e+19 6.0 0.0 0.0 -4.302162890848133 -14.419123763309784
5959.503632026519 0.47366502833445995 52.39434248023041 0.43282026479925223 0.623072315524496 -1.5063014462091324 2.6729561281993517 -0.06462964215260225 -2.649805484053652 0.3463922400101625 0.0 1.0 0.0 3.09e+19 6.0 0.0 0.0 -4.302099889310105 -15.007458574412091
3179.491070277656 0.3294502429637221 52.50326524141415 0.40709645223397123 1.4795811613353222 -1.2696374644669772 2.4881062597745225 -1.9322511858487554 -1.2014081770576985 0.10728958451121173 0.0 1.0 0.0 3.09e+19 6.0 0.0 0.0 -4.301703386346149 -14.629306809668323
70.87764107589992 0.7059915690468146 51.719955066441756 0.3283548049942083 0.7052451510728858 -4.794422791057799 2.606954371197426 -0.8141211072027899 -2.005028816629703 0.09742520667947227 0.0 1.0 0.0 3.09e+19 6.0 0.0 0.0 -4.301172286921352 -13.912482672423423
2825.3337177456215 1.0317866362236905 52.09031151624119 0.4332409397974617 1.3363105889058227 -2.8457393191576674 2.39364765241565 -0.0551957787141113 -0.46503518292357837 0.26366263568312015 0.0 1.0 0.0 3.09e+19 6.0 0.0 0.0 -4.2945776718673185 -14.063503070241868
2832.1740245631477 0.5873983771271918 52.3941451661798 0.44210085961823137 1.2331039403218853 -2.4099304704483493 2.2432259902318865 -0.7777371353298848 -1.5922976205498802 0.24047946816298998 0.0 1.0 0.0 3.09e+19 6.0 0.0 0.0 -4.293506474783238 -14.428435070323467
5930.044326206891 0.5628162657300734 52.69071518816479 0.44488688232731577 1.0453924347147576 -3.9090336906099594 2.8288254350716264 -0.5150718387112789 -0.8585662924590429 0.30148124288716693 0.0 1.0 0.0 3.09e+19 6.0 0.0 0.0 -4.284011275561606 -14.669441893936678
2641.0085121214624 0.8954508305787251 52.52108690313107 0.3945379988518635 1.1255325293289213 -0.30101968444700056 2.4526945537538394 -0.8705885412638668 -0.4938762774951475 0.37056479627535377 0.0 1.0 0.0 3.09e+19 6.0 0.0 0.0 -4.2839395660088435 -14.5834767398368
3515.3084111058142 1.0471471766069649 52.96616178165602 0.414684560689712 1.4723865643013085 -2.9346315769739775 2.2961577855438406 -0.3758292590350196 -0.6890039140996218 0.27411969322014046 0.0 1.0 0.0 3.09e+19 6.0 0.0 0.0 -4.283047509432593 -14.088932667750147
3515.3084111058142 1.0471471766069649 52.96616178165602 0.414684560689712 1.4723865643013085 -2.9346315769739775 2.2961577855438406 -0.3758292590350196 -0.6890039140996218 0.27411969322014046 0.0 1.0 0.0 3.09e+19 6.0 0.0 0.0 -4.283047509432593 -14.088932667750147
182.90952148799914 0.47363233809804434 51.58236443523427 0.35458426428424483 1.3850028363378344 -1.8948911180556904 2.4110662636803593 -1.0733835634642053 -2.5143947656690218 0.34166493562029976 0.0 1.0 0.0 3.09e+19 6.0 0.0 0.0 -4.282778593860387 -14.98682154224931
5166.678662178765 0.8434895709961788 52.15022022756525 0.5056496047735668 1.0523055465540039 -3.172526603923151 2.4012606611674383 -1.0757501928686761 -0.15584890666968 0.017172973598668234 0.0 1.0 0.0 3.09e+19 6.0 0.0 0.0 -4.282633505000744 -13.615452410903892
5166.678662178765 0.8434895709961788 52.15022022756525 0.5056496047735668 1.0523055465540039 -3.172526603923151 2.4012606611674383 -1.0757501928686761 -0.15584890666968 0.017172973598668234 0.0 1.0 0.0 3.09e+19 6.0 0.0 0.0 -4.282633505000744 -13.615452410903892
1999.0871702266595 0.6769829096230864 52.12733135014537 0.46922263075026827 1.336274713480111 -2.663062340552907 2.6649956605309404 -1.0383381081981597 -0.7569149333950262 0.4026224401426274 0.0 1.0 0.0 3.09e+19 6.0 0.0 0.0 -4.282430474785182 -14.976302749473295
3116.4842003491162 0.5588581252731564 52.821323704613036 0.4048108806582052 0.6767279597846407 -2.3082784959651326 2.0964183567360037 -1.684118203821731 -0.7248202264970867 0.048268140743513266 0.0 1.0 0.0 3.09e+19 6.0 0.0 0.0 -4.28101888783834 -14.015819220494109
4877.672566693837 0.7172097893501451 52.13103720000596 0.4897169891613271 1.1165480296307453 -4.3173088793053145 2.3825569544309317 -0.34983652502966667 -0.42848243978188805 0.08590733542999078 0.0 1.0 0.0 3.09e+19 6.0 0.0 0.0 -4.279537394700015 -13.875512853478641
1784.8289247835587 0.5876750987648014 52.76151665268566 0.3984983387778127 0.8931831158147536 -0.8593249068335336 2.682967108213804 -1.5335625047507802 -1.5376298219154072 0.51408558081413 0.0 1.0 0.0 3.09e+19 6.0 0.0 0.0 -4.272084272042948 -16.167065756770004
3002.4608886749133 0.290228515682939 52.260657520811364 0.41629531337722564 1.1341542733484244 -0.35667114328068994 2.261657148940414 -1.0669361201500533 -1.6011462740222455 0.5237679009235915 0.0 1.0 0.0 3.09e+19 6.0 0.0 0.0 -4.269103706760855 -17.00997750544815
3002.4608886749133 0.290228515682939 52.260657520811364 0.41629531337722564 1.1341542733484244 -0.35667114328068994 2.261657148940414 -1.0669361201500533 -1.6011462740222455 0.5237679009235915 0.0 1.0 0.0 3.09e+19 6.0 0.0 0.0 -4.269103706760855 -17.00997750544815
1689.5408042760064 0.9121099579714378 52.52642938870959 0.2863340495519361 1.0055616682450546 -0.6105951776786771 2.906599529340225 -0.596674642426974 -0.05517835588589204 0.39418020492427625 0.0 1.0 0.0 3.09e+19 6.0 0.0 0.0 -4.268371945305354 -14.694792657964031
1689.5408042760064 0.9121099579714378 52.52642938870959 0.2863340495519361 1.0055616682450546 -0.6105951776786771 2.906599529340225 -0.596674642426974 -0.05517835588589204 0.39418020492427625 0.0 1.0 0.0 3.09e+19 6.0 0.0 0.0 -4.268371945305354 -14.694792657964031
688.4999871253967 0.67905289422172 52.308693408966064 0.3732065214277285 0.6788462325104089 -4.396617412567139 2.412859857082367 -0.052033066749572754 -1.630980134010315 0.45347549421787264 0.0 1.0 0.0 3.09e+19 6.0 0.0 0.0 -4.253534581682513 -15.329732799865493
3246.702219063604 0.9233001327741835 52.15712525318328 0.48548807018252643 1.0835681748474206 -2.8923062898115255 2.1109052219652056 -0.5093164588289603 -0.2610166319672498 0.16257927882370454 0.0 1.0 0.0 3.09e+19 6.0 0.0 0.0 -4.251310402389424 -13.853528778108355
1832.5578330465653 0.9681777033996434 52.40486029089855 0.5198712313296912 1.3049344690975075 -0.5291243120318576 2.72548483367784 -1.5743813145364456 -1.1415896954511924 0.10745462549189401 0.0 1.0 0.0 3.09e+19 6.0 0.0 0.0 -4.249612517709717 -13.694937998131303
6822.546392791664 0.26169909972813665 52.79147609528748 0.41733983876876296 1.455942949006309 -2.8575846243445966 2.157957908897306 -1.3737076993175399 -0.03352604048407404 0.17943238420877888 0.0 1.0 0.0 3.09e+19 6.0 0.0 0.0 -4.248227705378198 -15.021369495602976
6822.546392791664 0.26169909972813665 52.79147609528748 0.41733983876876296 1.455942949006309 -2.8575846243445966 2.157957908897306 -1.3737076993175399 -0.03352604048407404 0.17943238420877888 0.0 1.0 0.0 3.09e+19 6.0 0.0 0.0 -4.248227705378198 -15.021369495602976
6912.856353571237 0.6722576224538338 52.14052462583121 0.4383139763306705 1.19346853931586 -1.8288720555391107 2.581407068119823 -0.29323693770849957 -1.4553525439922077 0.13685280853348855 0.0 1.0 0.0 3.09e+19 6.0 0.0 0.0 -4.245545192454648 -14.040096804875901
4829.078893135471 0.4527459981890087 51.77852726643541 0.4993842545583191 1.527511163344597 -3.263804780252518 2.424386862714817 -0.5311248190495936 -0.5161205149050723 0.21577618761257794 0.0 1.0 0.0 3.09e+19 6.0 0.0 0.0 -4.24488768715583 -14.593238425122248
3933.025143837996 0.4630364951446389 52.82196126405164 0.33527452197004487 0.9644925850870226 -2.1621724589401072 2.1137274849380354 -1.311156957592254 -0.919018663804438 0.24875440280472982 0.0 1.0 0.0 3.09e+19 6.0 0.0 0.0 -4.242889115571531 -14.669389254261917
4210.259273642042 0.6855129772474564 52.17741811231943 0.3383551202195574 1.0411554141198396 -2.291347436300148 2.218296211334324 -0.07702488588916223 -0.13432658489062899 0.45369162250996625 0.0 1.0 0.0 3.09e+19 6.0 0.0 0.0 -4.239724987669119 -15.323600323182804
4210.259273642042 0.6855129772474564 52.17741811231943 0.3383551202195574 1.0411554141198396 -2.291347436300148 2.218296211334324 -0.07702488588916223 -0.13432658489062899 0.45369162250996625 0.0 1.0 0.0 3.09e+19 6.0 0.0 0.0 -4.239724987669119 -15.323600323182804
3243.793706817692 0.6901676482258222 52.67616313672578 0.4181192290972604 1.0378262479121507 -0.5378083615837319 2.8038812745122152 -1.0803062239550736 -1.968826911045567 0.3681054108493722 0.0 1.0 0.0 3.09e+19 6.0 0.0 0.0 -4.237061572619903 -14.775042554036007
3673.5241438513312 0.7631104322367228 52.905557813381556 0.36655259175228794 1.2591849969893152 -3.2878613487675437 2.240410538829812 -0.28396350391434133 -1.3332754153020585 0.23464505553636222 0.0 1.0 0.0 3.09e+19 6.0 0.0 0.0 -4.232400018962501 -14.190141214577269
262.72423859771277 0.5103997432637108 49.902613627225165 0.5186656196690093 1.4147499949645355 -1.4441980723749719 2.711477652453843 -1.2368791164483803 -0.22892685751471076 0.10405074947364483 0.0 1.0 0.0 3.09e+19 6.0 0.0 0.0 -4.232245449733209 -14.210244355521517
5108.239227995611 0.5821353765089262 52.09229215066124 0.4388832740792445 0.9161965269065735 -0.16238221660317276 2.301043695211058 -0.5134239030120318 -1.474697191151112 0.39802830634680275 0.0 1.0 0.0 3.09e+19 6.0 0.0 0.0 -4.230326736116637 -15.080091634973735
1767.828413384669 0.6959429251560801 51.558998832187726 0.43888909109604285 1.1994142151886347 -2.9490702338325345 2.539339380924583 -0.6393579458468741 -0.49320644570328787 0.15275312287521833 0.0 1.0 0.0 3.09e+19 6.0 0.0 0.0 -4.2291126249752535 -14.048237837974195
6166.685319716767 0.5812754047336968 51.562992949455534 0.37935069203019145 1.3171579476771427 -0.5709692819420855 2.4043827894935004 -0.6572549565840817 -0.6008418439444578 0.0680412130311564 0.0 1.0 0.0 3.09e+19 6.0 0.0 0.0 -4.224367764357787 -14.019300658661164
2929.4399455818457 0.9678872137914513 52.36949199131563 0.376845625407942 1.178568503802047 -2.182364971459618 2.6586536787229518 -0.3941859236036893 -0.3707390754783244 0.3564265557254806 0.0 1.0 0.0 3.09e+19 6.0 0.0 0.0 -4.217311392983604 -14.461902381215936
3013.713504431403 0.9569912872560938 52.709235236721966 0.4079547975401999 1.167126796557042 -3.808898535352335 2.485072138153831 -0.18234872355036424 -0.9613841889191779 0.18089904734578208 0.0 1.0 0.0 3.09e+19 6.0 0.0 0.0 -4.21631794511981 -13.874658754333272
1860.123543444403 0.13853814724851737 52.52978597468452 0.3784305636615884 0.7960665730699445 -1.0541333324362552 2.4176418226280125 -1.6404556187314596 -2.5135806963471863 0.14342790369515213 0.0 1.0 0.0 3.09e+19 6.0 0.0 0.0 -4.2101186606389405 -15.561514755874626
1733.5980155839516 0.9057562686614595 52.535673640886216 0.49498002116880924 1.3766047678537214 -3.1902809432752086 2.221727438832332 -0.6140476964351826 -1.6537610722236442 0.037382316528960104 0.0 1.0 0.0 3.09e+19 6.0 0.0 0.0 -4.208491997167877 -13.600460603418496
1733.5980155839516 0.9057562686614595 52.535673640886216 0.49498002116880924 1.3766047678537214 -3.1902809432752086 2.221727438832332 -0.6140476964351826 -1.6537610722236442 0.037382316528960104 0.0 1.0 0.0 3.09e+19 6.0 0.0 0.0 -4.208491997167877 -13.600460603418496
5622.232235654492 0.6287362751976394 52.62001373204336 0.35154402476258195 0.7251406202963013 -0.8545479288315443 2.616151295416966 -0.034713037897947 -2.976231899219668 0.19731918012103428 0.0 1.0 0.0 3.09e+19 6.0 0.0 0.0 -4.206435096220625 -14.246773586283439
5550.688515152883 0.4894678219138966 51.576354166708775 0.4238939043561595 0.6349693403032362 -1.475304473193189 2.60099881224791 -0.7001528592988207 -0.6699299043811178 0.20377694151057066 0.0 1.0 0.0 3.09e+19 6.0 0.0 0.0 -4.195791050314827 -14.4880117813476
2568.584737353272 0.9930472366019015 52.89573115295787 0.45378775628472795 1.0910307200559148 -2.8246839762018365 2.0621211010094767 -0.6414413568875643 -0.7434571474194493 0.22084246803501278 0.0 1.0 0.0 3.09e+19 6.0 0.0 0.0 -4.193982346252148 -13.957825145835022
1726.9646208836414 1.040994148238607 52.17841460548688 0.4672534368542584 1.1583572000484936 -2.388403201703202 2.839161304324846 -0.8983130627568263 -1.033108487830843 0.07081901921972932 0.0 1.0 0.0 3.09e+19 6.0 0.0 0.0 -4.189646463577333 -13.572779434711133
2261.2605154572875 0.5528705215485742 52.21161048734902 0.4355048154773213 0.7127966477693045 -1.2013829297203804 2.6498894918867544 -0.955916860459368 -1.9579906845444552 0.3352219117577143 0.0 1.0 0.0 3.09e+19 6.0 0.0 0.0 -4.186288880699863 -14.81839005131847
2974.5865421257413 0.7776632214912078 52.10774890144793 0.3873503778237976 1.0480933964730648 -0.8590202402177436 2.3003732474656884 -1.0010344716254722 -1.086577529876573 0.001414586882327954 0.0 1.0 0.0 3.09e+19 6.0 0.0 0.0 -4.17379628444217 -13.65010122653
2762.3892234267037 0.8730817410737151 52.08574200663742 0.5065383007647005 1.3444616644279752 -3.2643382924169053 2.364346487168187 -0.8847996957245154 -0.06595796590869618 0.27067736964968214 0.0 1.0 0.0 3.09e+19 6.0 0.0 0.0 -4.173536705669045 -14.199753302709912
5929.3686088415925 0.026294329381091292 51.34195814947227 0.4256720560463448 1.0982874892352477 -0.018006847221515798 2.4372307812254874 -1.009867381960512 -0.6551635946445238 0.003334558157703443 0.0 1.0 0.0 3.09e+19 6.0 0.0 0.0 -4.172331177903275 -16.937617988230713
148.38738394100668 0.9160176599480037 51.4011485638863 0.3655996812122928 1.5168403612830907 -1.3940200793419066 2.7270777970715825 -1.2522448584439316 -1.0996685147279543 0.3045190473842604 0.0 1.0 0.0 3.09e+19 6.0 0.0 0.0 -4.172328298558769 -14.284255189870192
2282.105118738095 1.0115933161244066 52.12849313924001 0.42154615165648096 1.007800492736299 -2.190455583912536 2.739209099181502 -0.5687781430065848 -0.04116320505727522 0.40156657090468045 0.0 1.0 0.0 3.09e+19 6.0 0.0 0.0 -4.168206914870572 -14.667661440553271
4502.152808981095 1.0756623809067516 51.85449064077906 0.5194950672529851 1.3496237226747207 -1.359573367164665 2.373997729334235 -0.753978536504361 -0.19566013431379226 0.058729303090626114 0.0 1.0 0.0 3.09e+19 6.0 0.0 0.0 -4.16691157984841 -13.529455073030306
4502.152808981095 1.0756623809067516 51.85449064077906 0.5194950672529851 1.3496237226747207 -1.359573367164665 2.373997729334235 -0.753978536504361 -0.19566013431379226 0.058729303090626114 0.0 1.0 0.0 3.09e+19 6.0 0.0 0.0 -4.16691157984841 -13.529455073030306
4865.31257514891 0.6005419216912711 52.84371335412449 0.4979203852021767 1.3705032520165112 -4.058937572148684 2.3483752365330144 -1.2030307068230097 -0.5750388905474293 0.16533610114046357 0.0 1.0 0.0 3.09e+19 6.0 0.0 0.0 -4.164701730024901 -14.204896918617479
5547.1196915428345 0.7449899040636543 52.333369978052936 0.4950624674267029 1.1361748221553416 -2.57375593151908 2.709520461312506 -1.260168087355861 -0.1903954207413454 0.06291130478455732 0.0 1.0 0.0 3.09e+19 6.0 0.0 0.0 -4.161195781112488 -13.798349068791207
4236.124481005954 0.5586573670312237 52.67641666529248 0.3415616888556905 1.3223476329056918 -1.0357246491371388 2.4507330648868013 -0.8420664927026182 -2.4106553049631447 0.15934902968817888 0.0 1.0 0.0 3.09e+19 6.0 0.0 0.0 -4.156525932395281 -14.2543126128062
1009.2594995978196 0.6778175607985156 52.227565463421406 0.3465280221845019 1.0592188252461923 -3.1574243165753337 2.548821101952899 -0.06410776154602438 -2.346030219447065 0.3875920312547063 0.0 1.0 0.0 3.09e+19 6.0 0.0 0.0 -4.156443048740539 -14.89043693383187
4613.18528089824 0.4270618408730956 52.24637394668063 0.3579998783996522 1.4379389527920161 -0.026634712109853353 2.3506221941217653 -0.987593045607924 -0.8164541599020381 0.32102838774118353 0.0 1.0 0.0 3.09e+19 6.0 0.0 0.0 -4.156155770659692 -14.997574229969988
3352.6868916399744 1.0943168761628437 52.87221981768501 0.40716565934138915 1.478057206684054 -1.7092016022920467 2.9938423802183403 -0.6732918643541019 -0.8712722625899714 0.3801972159689419 0.0 1.0 0.0 3.09e+19 6.0 0.0 0.0 -4.152676255102429 -14.50263628744687
5018.402957438587 0.7229273370535169 52.49189353884666 0.3931870065645934 1.345610628435831 -0.803937940832844 2.4215272610385066 -0.8650047632149622 -0.7675896183589082 0.279757668341953 0.0 1.0 0.0 3.09e+19 6.0 0.0 0.0 -4.150773484496208 -14.377265451520223
1269.1907371463105 0.7597406963536867 51.85561421694678 0.4820343728763972 1.2766227314767162 -1.04020729776936 2.2634962158429888 -0.9483463815763971 -2.001544482214051 0.01606453438538128 0.0 1.0 0.0 3.09e+19 6.0 0.0 0.0 -4.150476720353291 -13.694625669268259
2784.1545256399863 0.9805320938796934 52.80416929546462 0.4934647612116721 1.065193591544687 -3.1156545305117462 2.8414351712452905 -0.20124515213215766 -1.9447546953359853 0.3551059907068418 0.0 1.0 0.0 3.09e+19 6.0 0.0 0.0 -4.150338418142761 -14.447218740007072
2004.1706460637918 0.7039349724833096 51.61830375374878 0.33373268415623797 1.2459053514218827 -1.2775163800992662 2.2781266260323605 -0.43129950430740926 -0.8696551731480682 0.2889956089921001 0.0 1.0 0.0 3.09e+19 6.0 0.0 0.0 -4.149062007902235 -14.431286815292289
5680.524064316829 0.728467408277875 52.626085012177185 0.4958916797782547 1.2319252160314225 -2.1662265110558323 2.113861282155876 -0.8402262334591568 -0.6740044521131798 0.2017748581116923 0.0 1.0 0.0 3.09e+19 6.0 0.0 0.0 -4.148323412726905 -14.134780961216876
3717.510306674713 0.9312945680410736 52.8899469107921 0.4519677783065404 1.1747780063359898 -2.0793833738930987 2.5556082870218617 -1.4243857404542528 -0.2806078166856656 0.17035651262271737 0.0 1.0 0.0 3.09e+19 6.0 0.0 0.0 -4.146261549298958 -13.86669246672134
1443.262483460059 0.5287653728528106 52.19152172650477 0.39031087680678117 1.1297826457383775 -1.5078219381620173 2.756180026612115 -1.0347614845378617 -1.9747859824280836 0.1952290000571902 0.0 1.0 0.0 3.09e+19 6.0 0.0 0.0 -4.145494057350567 -14.394648994780542
842.5909935320221 0.8220681599789448 51.36224167851023 0.41380507272302086 1.0347295937569299 -3.0113743878016437 2.880975931961924 -0.6174543996469635 -0.47425298116102566 0.3295653529815336 0.0 1.0 0.0 3.09e+19 6.0 0.0 0.0 -4.144133847622426 -14.461932042558843
1321.6216324291024 0.3534750392290855 51.68977876204387 0.35565460216364486 1.5179459506679893 -1.8774394913673698 2.191471036206357 -1.4453805338101533 -0.9002892455416118 0.02682538828862906 0.0 1.0 0.0 3.09e+19 6.0 0.0 0.0 -4.142473053458575 -14.402110574807466
140.57206719733188 0.721947458252373 49.65402100366611 0.5106485242458372 1.1676242211644416 -1.1248584923168643 2.837778951873456 -0.9477271115409756 -0.41945150416979704 0.1984708769835466 0.0 1.0 0.0 3.09e+19 6.0 0.0 0.0 -4.1414444216316895 -14.133262078407563
1765.0130289033375 0.1961353631646801 52.1180896938911 0.12954743098952995 0.21540420666279403 -3.3590885233344103 2.6599143346770076 -0.9446795591364321 -0.8800429092647066 0.059652862038916364 0.0 1.0 0.0 3.09e+19 6.0 0.0 0.0 -4.139376927123009 -15.038683386849023
2766.8694194970403 0.3765096842900524 51.28163221634007 0.3862869117438119 1.103030684386438 -3.196292499451138 2.50572040124391 -0.5648594191834597 -0.4406922411121563 0.15574796607151048 0.0 1.0 0.0 3.09e+19 6.0 0.0 0.0 -4.137823435300992 -14.611395554180291
433.7257410875617 0.27034460702990304 50.788991659670494 0.3811736165746738 0.6373458638193771 -3.0255231709208132 2.2347706029608196 -0.14313468660973605 -1.4901558544961753 0.38878170704385234 0.0 1.0 0.0 3.09e+19 6.0 0.0 0.0 -4.137788635033398 -15.750505769028479
5946.777505676024 0.33712236276818097 51.751241848595406 0.5053382578234507 1.397998062649716 -2.4358521650762976 2.4548798729622834 -0.6572026832937299 -0.9417403403708358 0.13822569347752459 0.0 1.0 0.0 3.09e+19 6.0 0.0 0.0 -4.137615775286117 -14.675973652156642
835.5819114996524 0.860607789166569 52.05434119643117 0.32359733834663557 1.503972940147912 -0.7773765460821807 2.0764855769155295 -0.6385211211252635 -0.09779682152744451 0.3645795547200916 0.0 1.0 0.0 3.09e+19 6.0 0.0 0.0 -4.135790687534624 -14.583178436883681
6473.171756555476 0.30740013083541934 51.792761198450485 0.4745508314780502 1.3392860909524933 -0.6827257393733657 2.4667508641916056 -0.953701638785879 -0.13287063746677097 0.1757166226610176 0.0 1.0 0.0 3.09e+19 6.0 0.0 0.0 -4.134675641541225 -14.855361862091081
2207.6090809043662 0.87891620013822 52.74123041259235 0.29709598114595237 1.3570628540266174 -0.49418588888318027 2.352744775345673 -0.07667911367045832 -2.355563099511819 0.19268560820875735 0.0 1.0 0.0 3.09e+19 6.0 0.0 0.0 -4.134603278306635 -13.96497942923208
1887.5007110389372 0.8362905320923604 51.82731891606266 0.5165540046546079 1.4895993464053332 -2.222541573324231 2.0787491970221215 -0.6674213381116818 -0.2741367401396442 0.32790526091198374 0.0 1.0 0.0 3.09e+19 6.0 0.0 0.0 -4.132597922393309 -14.442090061342116
5862.654166177929 0.8812757336483782 52.76226956322937 0.41396903154532083 0.9671716855484236 -2.108977320742702 2.4602588705801898 -0.2150669481588805 -1.540444657746412 0.22970250681019908 0.0 1.0 0.0 3.09e+19 6.0 0.0 0.0 -4.1322187418950715 -14.065600495323254
3140.920970178789 0.18910061572465955 50.72189402566876 0.29060344626652446 1.2162008383876397 -1.705899923806664 2.487422409291115 -0.12878663743654473 -0.2985350476053523 0.33626958728771394 0.0 1.0 0.0 3.09e+19 6.0 0.0 0.0 -4.132013999790399 -15.850154976415157
1898.3220979771447 0.4154025403780956 52.765512026860165 0.31302469397914984 1.1429180336261229 -2.340019971936362 2.2822580905717227 -0.9176327167553295 -2.280679700479033 0.3106906543300541 0.0 1.0 0.0 3.09e+19 6.0 0.0 0.0 -4.131492764948952 -14.98329608976344
6696.759440674401 0.4045107169269187 52.51407748223649 0.27037479042236107 0.6601979550716343 -1.5063328985182176 2.5922100583230177 -0.44047973976801647 -2.10324856015313 0.23383577344002407 0.0 1.0 0.0 3.09e+19 6.0 0.0 0.0 -4.125641346418279 -14.750881250766774
1750.5293421638598 1.048407572118478 51.88728629546439 0.48030062573974797 1.052306617392649 -3.4701713514658064 2.5624787941891816 -0.22264693180732253 -0.4416875929047026 0.25488299468155284 0.0 1.0 0.0 3.09e+19 6.0 0.0 0.0 -4.124925548142772 -14.025708246231563
4491.205613987931 0.6116299510851314 52.75835443715226 0.31761424194121385 1.254411342325815 -1.7292069407696142 2.417285589706485 -0.4656297114870718 -1.705951367170167 0.3109890884377864 0.0 1.0 0.0 3.09e+19 6.0 0.0 0.0 -4.121161314546783 -14.631775509872462
2611.766381236965 0.5574505670496059 51.44997749107422 0.4678588294214159 0.6582886340672149 -1.2445502135625803 2.7561222723367615 -0.4777128446904717 -1.7633336208607728 0.21750112161788807 0.0 1.0 0.0 3.09e+19 6.0 0.0 0.0 -4.120321966616574 -14.407983939464025
34.11519316472977 0.7974020718368322 50.967344494932355 0.3883506712049013 1.5198755586287984 -1.792965698092528 2.39693599355794 -0.756795486748306 -2.8356403651936737 0.5427452072463411 0.0 1.0 0.0 3.09e+19 6.0 0.0 0.0 -4.119857115826073 -16.588185096745057
4931.36460992889 0.3957641812635561 52.92595836120793 0.36551692118810925 1.0408156547098546 -4.643736647867341 2.495888064267527 -0.5734814500676038 -1.5491246056366275 0.13201282449650312 0.0 1.0 0.0 3.09e+19 6.0 0.0 0.0 -4.042389134311193 -14.508621225556414
6079.632833310816 0.4447163675222482 52.041557755942165 0.516308219138976 0.9630628726110073 -2.767862997004364 2.8659324952816188 -0.8501091897367368 -0.41598173354424706 0.25489614151460394 0.0 1.0 0.0 3.09e+19 6.0 0.0 0.0 -4.0741493967025555 -14.726107000436237
6107.680232259461 0.4121889774609426 51.493170167061805 0.2825151063823694 1.3331687813736817 -2.4853228212943907 2.699204140879088 -0.48035726712188165 -0.4547690550944097 0.039994434999567216 0.0 1.0 0.0 3.09e+19 6.0 0.0 0.0 -3.880255825864674 -14.28044277377127
6770.126744587119 0.4067645084647941 52.30318016550599 0.38841862581518233 1.1517098574944873 -3.2874614824180455 2.4776864924087842 -0.5507878994271636 -1.2338464491252483 0.06238420034361462 0.0 1.0 0.0 3.09e+19 6.0 0.0 0.0 -3.93304264004355 -14.335905311595141
6905.071834969358 0.2555526054238276 50.850135381948576 0.30957124364760485 0.8369337562574809 -1.2138696538623521 2.699823554893824 -0.09030343213574987 -0.5418096132184904 0.1602939906639622 0.0 1.0 0.0 3.09e+19 6.0 0.0 0.0 -3.964484584495053 -14.997050910871026
6756.78090756727 0.2941542326730406 51.6683647905549 0.416581772390147 1.105957521371029 -3.2689644477223747 2.861873972304734 -0.6621384907002446 -0.11662522964368982 0.1574883174731427 0.0 1.0 0.0 3.09e+19 6.0 0.0 0.0 -3.9769833892571613 -14.853144523595335
4248.282407977468 0.5641639595348854 51.67989557218523 0.44442522135243806 1.182618237855492 -2.620936273697408 2.7947232093518726 -0.7898529128955918 -0.21301039768205232 0.2121599917309643 0.0 1.0 0.0 3.09e+19 6.0 0.0 0.0 -3.984898019190889 -14.382357353459964
3600.549834703559 0.46757147778607017 52.90192821402774 0.4318449485721016 0.9531722595017382 -4.042077685520844 2.6225927701029375 -1.0941049755341221 -1.1081609961418906 0.22006374869763007 0.0 1.0 0.0 3.09e+19 6.0 0.0 0.0 -3.976457376673113 -14.575419748615849
4007.962697669112 0.6276094609035172 52.44984893434252 0.44654913931825074 1.4266162812773895 -4.944886806371197 2.708976104066683 -0.6941957485456269 -0.4666645620679195 0.09880757564352427 0.0 1.0 0.0 3.09e+19 6.0 0.0 0.0 -3.92011222047992 -14.015119423606034
4562.991787193852 0.8012839281621317 52.58069432775111 0.4462593120160751 0.8501496307409092 -3.837434141511274 2.9783665783801503 -0.6475880325356838 -0.5844312913470335 0.195561908275481 0.0 1.0 0.0 3.09e+19 6.0 0.0 0.0 -4.069248509763041 -14.042218139176697
6369.395001369257 0.8305474531864406 52.63888706710716 0.4485420239357552 1.5668288927618703 -3.8223080260015645 2.908637675434596 -0.7185548264660246 -0.3872232952232535 0.13754047674536965 0.0 1.0 0.0 3.09e+19 6.0 0.0 0.0 -3.9624625279228356 -13.871477226438282
4952.578271912716 0.4900694490536502 51.19635625481216 0.3043875733204235 1.135856915364777 -1.8629118175584622 2.6163808208462647 -0.38663667263877377 -0.2235115765966249 0.093809460203222 0.0 1.0 0.0 3.09e+19 6.0 0.0 0.0 -3.9200854992338137 -14.225812408857426
1668.2593594319621 0.9561197700947174 52.45806968620053 0.4656584862141545 1.0124519419862292 -0.132249902678236 2.160532762262322 -1.3212022936091556 -0.7053512504249384 0.17653385465830254 0.0 1.0 0.0 3.09e+19 6.0 0.0 0.0 -4.0680448216925695 -13.864185203377291
537.8596874066216 0.5968264974954623 52.3233142253052 0.3733178979609195 1.562498093744726 -1.377626399865124 2.590659891405651 -2.3364307980145327 -0.3007574542386462 0.17680686110164545 0.0 1.0 0.0 3.09e+19 6.0 0.0 0.0 -4.111900280323241 -14.238927038836794
2456.519711910495 0.9567719865662516 52.565922068183205 0.5227280254116775 1.5002564521519608 -1.0323933337775193 2.212036016018088 -1.58978748278403 -0.052299067685841916 0.12361299367232823 0.0 1.0 0.0 3.09e+19 6.0 0.0 0.0 -3.946910374197153 -13.738252856108671
3721.342249901021 1.0362974775666196 52.87813929738019 0.3759817077165454 1.4819614483875767 -2.439447230347014 2.1565655265076877 -0.6408318182539423 -0.049627750545724325 0.10248739413889475 0.0 1.0 0.0 3.09e+19 6.0 0.0 0.0 -4.094595601677251 -13.640763224662367
2429.269895608816 0.9155218299641513 52.42426105266376 0.3916383092734989 1.2876794382090948 -1.4079961450349354 2.210283320263871 -0.9212366578488855 -0.6288577167497831 0.24231888411827185 0.0 1.0 0.0 3.09e+19 6.0 0.0 0.0 -4.037925432083757 -14.075840315017155
959.0465986221533 0.5982900193090643 52.08175153283391 0.39156770006649844 1.2591397620143328 -1.3705470316846586 2.1983691711693565 -1.9350529945977015 -0.5767216613003603 0.1921035555354851 0.0 1.0 0.0 3.09e+19 6.0 0.0 0.0 -4.018112676286006 -14.276211755405122
6024.307863054025 0.6989919172274104 52.69348407613779 0.45412086780673366 1.119617886206992 -2.3727849079462286 2.4840934515327793 -0.9789846088300127 -1.0092036944779141 0.21486384201518077 0.0 1.0 0.0 3.09e+19 6.0 0.0 0.0 -4.042758403385118 -14.204776368660813
4090.5069377565374 0.6612273611664746 51.50578760128845 0.39929078245891986 1.044613605513091 -1.8251411051156379 2.662416653894298 -0.2669640726821729 -0.48035359135126043 0.3476394529197083 0.0 1.0 0.0 3.09e+19 6.0 0.0 0.0 -4.038418621323047 -14.71568091939418
3346.168288070981 0.6604350920658939 52.98178061153816 0.4188665388491612 1.319019123865116 -1.6153148225144554 2.217922250402572 -1.6600196167915477 -0.9782359572469046 0.20899488688387635 0.0 1.0 0.0 3.09e+19 6.0 0.0 0.0 -4.068695213781026 -14.236217371074654
2372.1281437946586 0.674360175040823 52.14001265786281 0.40883405411516766 0.9999190154856562 -3.2997288235000344 2.3722292336074897 -0.8853467281137268 -0.5186458340066937 0.13871708041080438 0.0 1.0 0.0 3.09e+19 6.0 0.0 0.0 -3.9655245443970712 -14.041750367193607
3339.4154345703787 0.5618323790638798 52.77153782048833 0.29697830943268877 1.365367163092062 -2.7477715658058717 2.5675475916287946 -1.1544534691971247 -0.9838238785338316 0.09597064530486342 0.0 1.0 0.0 3.09e+19 6.0 0.0 0.0 -3.9183221244235997 -14.106502676293406
4139.942626413874 0.9249209666365689 52.06615657659158 0.47346623335220434 1.0613707768637592 -2.3424829167488785 2.5152425307178996 -0.427899374934845 -0.7025583787786198 0.20890748777413864 0.0 1.0 0.0 3.09e+19 6.0 0.0 0.0 -3.987794542812282 -13.972266168600818
6497.209868641381 0.7149785866388989 52.74142648589124 0.3342190624431184 1.363164888555428 -2.171643902558869 2.501016123821627 -0.6294893814330926 -0.8561015500432063 0.22518159711058694 0.0 1.0 0.0 3.09e+19 6.0 0.0 0.0 -4.013387783420877 -14.215344761459855
5671.707720233198 0.26645617524359827 52.02040722210109 0.3790118552735363 1.148318389713394 -2.876391483042983 2.345147744520452 -1.0883728446160252 -0.17700928788210657 0.1570834161471733 0.0 1.0 0.0 3.09e+19 6.0 0.0 0.0 -3.9692998877413848 -14.948461910158473
2471.893868839388 0.5191366054429968 51.79829921901285 0.41525774279438404 0.9294900916014468 -3.380840786720812 2.4102349315483873 -1.1244412426374226 -0.11920071158682788 0.06455854510994143 0.0 1.0 0.0 3.09e+19 6.0 0.0 0.0 -3.915529030235128 -14.113842829445609
5157.995187728795 0.5640609857745785 52.98635478550264 0.4018761928390619 1.3243772663293365 -4.316956811363272 2.329163885128419 -0.873576335307038 -1.0922281107987315 0.05226676071013892 0.0 1.0 0.0 3.09e+19 6.0 0.0 0.0 -3.931232723105065 -14.015205598868867
4296.5850569045115 0.7340077224050711 52.596706502965155 0.38597179807490406 1.1005296797451491 -2.3439926162425158 2.3903522895920846 -1.058341380585297 -0.6152050670211677 0.21234265406462113 0.0 1.0 0.0 3.09e+19 6.0 0.0 0.0 -4.093071359202717 -14.157533296227792
6074.337796021772 0.7544621797000796 52.17468181541423 0.44493417384555584 1.4182878471975888 -1.5687711375029738 2.4496557014158853 -0.6213730932468078 -0.2348678513589979 0.28097814016183764 0.0 1.0 0.0 3.09e+19 6.0 0.0 0.0 -4.113758482164956 -14.34681128676186
4300.986307690023 0.42037878745818297 52.756692559278704 0.34038906230464444 1.1821230838572097 -2.8962665222187054 2.2657030149853825 -1.128497311454548 -0.8951249036671092 0.2264083012913745 0.0 1.0 0.0 3.09e+19 6.0 0.0 0.0 -4.064474680614567 -14.692909057351052
5615.742570995601 0.6722259731642451 52.384780464292824 0.40959632807388163 1.3897379712407205 -1.4214672934298411 2.476569403960198 -1.1632602932964429 -0.960120209231107 0.11523591401510487 0.0 1.0 0.0 3.09e+19 6.0 0.0 0.0 -4.097319275113745 -13.99169734505934
3856.8652821846254 0.6378729756447229 51.963148011753994 0.3221777255320755 1.2962744796490757 -1.032322331892992 2.270290038389426 -0.6768623356011121 -0.17686651859842062 0.17981682902542026 0.0 1.0 0.0 3.09e+19 6.0 0.0 0.0 -4.050376055118751 -14.188721819028226
6454.590545722764 0.4824168499612993 51.6818272251259 0.46473332292377795 0.9964098151298741 -0.290885289315022 2.4200396858226703 -0.8927307250212828 -0.658088345517176 0.07089115702045393 0.0 1.0 0.0 3.09e+19 6.0 0.0 0.0 -4.057497791605654 -14.19351477305647
5974.581757439125 0.3176332752497897 52.107884041229134 0.3491140274245035 1.3081039034831254 -0.9515609025779757 2.26086322467244 -1.0067854264358576 -0.39295691036663705 0.18965015573146074 0.0 1.0 0.0 3.09e+19 6.0 0.0 0.0 -4.041376786492715 -14.859444438169103
4508.57348256994 0.7768780677277929 51.64546588470415 0.4459186061200032 1.459856887444313 -1.5053054775345442 2.218007380149337 -0.5053368755455008 -0.523424410765414 0.11091432339322617 0.0 1.0 0.0 3.09e+19 6.0 0.0 0.0 -4.0045292410249305 -13.863811894215178
4204.661435953678 0.6469715970388157 52.73337066317873 0.4983742276714585 0.9836124469033318 -3.348128960245352 2.4493801124760073 -0.772192507952461 -1.3467100862919579 0.20623046155720015 0.0 1.0 0.0 3.09e+19 6.0 0.0 0.0 -3.9925408946304657 -14.246214754174991
5097.46813968872 0.4881762764248323 52.53890848315697 0.4888356532675766 1.4614980590891438 -3.001007845487229 2.5279892746119352 -0.8292046763159857 -1.3893988839645686 0.16016813333836574 0.0 1.0 0.0 3.09e+19 6.0 0.0 0.0 -3.9457114122288255 -14.378628691903542
5600.277843275389 0.5222361658593274 52.10671582354012 0.38418059084588296 1.004632102355665 -0.9371572713353418 2.2964166919903 -0.7994006595789864 -0.12681015040189259 0.22946127671264327 0.0 1.0 0.0 3.09e+19 6.0 0.0 0.0 -4.050534648126652 -14.501055444446212
4117.154000923661 0.389764198187544 52.61380184244706 0.45947775384289624 1.543685311899195 -2.575540010895142 2.501427885934114 -1.5651341189193848 -0.7820339889589989 0.14508906395840213 0.0 1.0 0.0 3.09e+19 6.0 0.0 0.0 -3.9383485236020777 -14.553246444216413
4365.180713135866 0.35003650892727844 51.95134942427603 0.4121084975920042 1.3982168164077138 -0.4203928605092715 2.302001992056926 -1.1811806302104342 -0.7651419485702147 0.11425083033094247 0.0 1.0 0.0 3.09e+19 6.0 0.0 0.0 -3.9792964670961917 -14.586124190841007
3806.278037533412 0.7338361399389447 51.66687981543468 0.4010174606460094 0.9136065720408965 -0.07228010289512721 2.185897853417377 -0.2610477545806664 -0.564527008722723 0.2404099058273588 0.0 1.0 0.0 3.09e+19 6.0 0.0 0.0 -4.037377064661957 -14.238881700949236
3182.3310493813547 1.026218465849841 52.90449446026324 0.4364264258491996 1.2947618172709616 -1.8860879207835533 2.710444092092575 -0.1831637831923083 -2.3139765272335535 0.2832640023833331 0.0 1.0 0.0 3.09e+19 6.0 0.0 0.0 -4.002917804762659 -14.132448204251084
1901.309064799428 1.0720082544663632 52.128345460620814 0.5118292864918071 1.2310204736318549 -2.9495526831570698 2.34696947231525 -0.5815705154382664 -0.8730876345132383 0.1345984438825746 0.0 1.0 0.0 3.09e+19 6.0 0.0 0.0 -3.986783620641303 -13.691253592213497
2841.980011510931 1.2124700511608453 52.22874407813387 0.4001110898912793 1.510758669507249 -0.2493572351556841 2.6615328801696663 -0.27369449648429134 -0.6458070540080358 0.21585190940388213 0.0 1.0 0.0 3.09e+19 6.0 0.0 0.0 -4.042758060578667 -13.832248733503706
1726.5887974005977 1.0133435683658978 51.99641958604956 0.4528399555955087 1.4983668064017404 -1.9961758332973472 2.5182247629460077 -0.7837977156600378 -0.7054057808502963 0.2451287793820827 0.0 1.0 0.0 3.09e+19 6.0 0.0 0.0 -4.038132027859568 -14.016467927984326
4249.981354206504 0.9897760026129928 52.369975446819254 0.4547208658623289 1.3301801034721803 -2.1404485936679567 2.550450690774751 -0.7475333581860037 -0.8480087493366542 0.026857001535722805 0.0 1.0 0.0 3.09e+19 6.0 0.0 0.0 -4.058718808296312 -13.520557229596943
3094.7665237045235 0.8650995458649183 52.65382445406366 0.4373479872287572 1.2951623982244553 -3.741695911586702 2.6500966775507613 -0.31933075006927414 -1.7079191686768895 0.051406274259409565 0.0 1.0 0.0 3.09e+19 6.0 0.0 0.0 -3.9326315501682005 -13.66027013607367
2504.317583649423 0.964918751237692 52.3470845372095 0.5155863293957698 1.0014850965256747 -4.1682503986800095 2.8373931619534027 -0.21269773321012408 -1.3912924153033486 0.17910851491254104 0.0 1.0 0.0 3.09e+19 6.0 0.0 0.0 -4.053178025692978 -13.864556848897687
804.4299252190652 0.8987242804298272 51.98732547098626 0.46078603400550544 1.217851506595316 -3.2406786553479483 2.6424927761245156 -0.8097205135239536 -1.5010198643701704 0.037843943712425734 0.0 1.0 0.0 3.09e+19 6.0 0.0 0.0 -4.028628609958172 -13.606878452933948
2642.739774341917 0.6740387011985081 52.76114935341804 0.4516512681209595 1.2637425924108228 -3.6862311809935484 2.92511835114254 -0.9466764372357428 -1.2932312604585996 0.24623563346092617 0.0 1.0 0.0 3.09e+19 6.0 0.0 0.0 -4.094131366372456 -14.327064876800945
3241.9614168686553 1.1623270826914809 52.80384418988963 0.44822248392588787 1.454678358624318 -2.791740340536688 2.786444640530204 -0.654469585480614 -1.0230590634694439 0.04967507337780312 0.0 1.0 0.0 3.09e+19 6.0 0.0 0.0 -3.9572673614491234 -13.46989297907944
443.41858529149846 0.9706337918789377 51.06310080604315 0.49941375155444945 1.3673683150190012 -4.4909864137351185 2.935011890982146 -0.17151063300260372 -0.7279110158243389 0.25545569341939045 0.0 1.0 0.0 3.09e+19 6.0 0.0 0.0 -4.008593208517064 -14.076446532729529
1597.3112977368687 0.7993756143243032 52.57724623693575 0.47960647122522015 1.076660583706212 -3.6394182190685607 2.885416033363403 -0.8449790664557293 -1.5838466623007526 0.1940278917230538 0.0 1.0 0.0 3.09e+19 6.0 0.0 0.0 -4.019230179354088 -14.04000780546222
2703.2459715084224 0.9018362759176668 52.107242178823284 0.49164378699100736 1.1322805509338754 -3.9975896065831376 2.538479538981462 -0.11302159909856169 -1.2547241923764272 0.06534672934693717 0.0 1.0 0.0 3.09e+19 6.0 0.0 0.0 -4.038681579123079 -13.6572308759616
2446.6967615552617 0.8828535274739677 52.54584491946275 0.4449151740211063 1.543401537720973 -2.8950860280008963 2.7825967845289536 -0.40914594449928643 -1.9709322718698348 0.1756729979672743 0.0 1.0 0.0 3.09e+19 6.0 0.0 0.0 -3.9578029350262165 -13.917901367525578
2008.1820047407139 0.882803163049938 52.05367367792283 0.480261789723969 1.3497152373026489 -2.7382974785411505 2.831261606452393 -0.2949415716751904 -1.4033617670301126 0.36096258121138 0.0 1.0 0.0 3.09e+19 6.0 0.0 0.0 -3.992379300266347 -14.547262092722834
1107.9120027078225 0.7189992939068878 51.18227836235112 0.4189853726259565 1.0507730556836736 -3.0734894467012617 2.7703097796738705 -0.5385048435844091 -0.6250495438506283 0.11421808997678808 0.0 1.0 0.0 3.09e+19 6.0 0.0 0.0 -3.9221262222295565 -13.933420242667216
2561.5783073420866 0.9549452358854541 52.11840365931723 0.49532618194792144 1.1788299720415776 -0.6345630315319024 2.393830623230246 -0.8364574171046488 -1.5837471587009961 0.1909871978534276 0.0 1.0 0.0 3.09e+19 6.0 0.0 0.0 -3.95631356531343 -13.902209222838875
2963.024330609217 0.647396783603317 51.66246550778031 0.43720806080880864 1.1900046052311342 -1.0372722822622666 2.2991094354054606 -1.006481729458634 -0.11881882602476157 0.12607441574526065 0.0 1.0 0.0 3.09e+19 6.0 0.0 0.0 -3.9973744912543756 -14.04769991819023
2326.2977555786424 0.6392548234996193 51.547150815064796 0.32381726902203506 0.9394657512740271 -1.3857465346806102 2.19393563252597 -0.6048836456717792 -0.3313269696344241 0.07781989554247042 0.0 1.0 0.0 3.09e+19 6.0 0.0 0.0 -4.016508523528603 -13.95589956392789
1460.7191592050058 0.9394206287442606 51.510345734131555 0.4704133416204939 0.9826279938312865 -2.259930580468137 2.293560450421703 -0.8056445688066458 -0.43232977331241207 0.05377417955211046 0.0 1.0 0.0 3.09e+19 6.0 0.0 0.0 -4.044521964770849 -13.606077224702366
1425.887255215962 0.8784368501243456 51.48352495477131 0.5229302189447191 1.342928374072366 -2.5174899116186484 2.290337639380564 -0.6918543983424037 -0.8153764745718259 0.048310155585954126 0.0 1.0 0.0 3.09e+19 6.0 0.0 0.0 -3.9297225382443863 -13.64313300655565
2097.680196146368 0.6735325773943912 51.68490742166156 0.5076859353930685 1.1832595923737466 -2.3028064562125543 2.3481789063693315 -0.9964452467714806 -0.9438810320428876 0.0036864714299104148 0.0 1.0 0.0 3.09e+19 6.0 0.0 0.0 -3.924951781249124 -13.771723375569598
630.8149756048913 0.8054376486557235 52.44053728386917 0.31683669272171133 1.4498259532851425 -1.970419288717975 2.7508712934765978 -1.7001591227187935 -0.5714730910862649 0.002862205024209871 0.0 1.0 0.0 3.09e+19 6.0 0.0 0.0 -3.973109960690872 -13.62520149775488
1992.8542112242317 0.6557674202278545 51.84081509386937 0.37685395409055156 1.2313901217966645 -0.610373921655107 2.2587429072398493 -1.292943673520714 -1.0295006624928886 0.033900720070497596 0.0 1.0 0.0 3.09e+19 6.0 0.0 0.0 -3.9249357419243722 -13.848987329360497
252.2695858531699 0.7226321396139461 51.06059714966668 0.4896380945478096 1.4737412160102918 -0.6737242679617461 2.773411428929245 -1.2799072095977064 -1.8219946037100319 0.1460076017560219 0.0 1.0 0.0 3.09e+19 6.0 0.0 0.0 -4.026214212148979 -14.001191250610306
1286.6512964990413 0.3789691646523138 51.35342493166947 0.3180301402885182 1.4654577208594917 -1.1504615919585337 2.0962421096662633 -0.6714650943134872 -1.3383354831954544 0.17595646439916024 0.0 1.0 0.0 3.09e+19 6.0 0.0 0.0 -4.10142150652672 -14.654914946898234
2509.9888903880583 1.004350009180339 52.6844648341729 0.37046062211221537 1.4328555282565432 -0.21175586954667835 2.814674019739531 -0.24057551817649792 -2.7018181250578204 0.25859045712428513 0.0 1.0 0.0 3.09e+19 6.0 0.0 0.0 -4.08783033675532 -14.064133941416884
2781.8636272389253 0.6933801308650314 52.49553529047832 0.2865164924351846 1.3622305298465842 -0.8677058678892013 2.9221561131195304 -0.46576027702513567 -1.9456211461884894 0.30431318063472335 0.0 1.0 0.0 3.09e+19 6.0 0.0 0.0 -4.08601707619498 -14.49941638317691
1634.7445172805662 0.5687861775669272 51.80941921559936 0.27728662691091005 1.361198555652256 -1.5569417628298314 2.7533446286256673 -0.23107007183588113 -1.7845546125200509 0.30183918492352474 0.0 1.0 0.0 3.09e+19 6.0 0.0 0.0 -4.01922340242325 -14.661363347072697
255.63824823161966 0.7454280000096947 51.10097234501488 0.43797705992179403 0.9648093604197042 -0.9744165313726967 2.5237532993052776 -0.7299517428510627 -2.3424549731970563 0.23021567944943344 0.0 1.0 0.0 3.09e+19 6.0 0.0 0.0 -4.017908298438333 -14.19593238787509
4985.553077246065 0.5902520709819403 52.844003736574386 0.48830787286468974 0.99372473030004 -0.7065794432401837 2.1750019088899015 -1.249806672083494 -2.0856029174819968 0.1949882827209941 0.0 1.0 0.0 3.09e+19 6.0 0.0 0.0 -4.09428098391118 -14.295721038639062
2476.260710032017 0.4684423694021872 52.12513948220873 0.32678436490169105 1.1586686681198823 -0.7281870287166257 2.286499744385576 -0.9509690472938148 -1.9615483729810528 0.21160345456111185 0.0 1.0 0.0 3.09e+19 6.0 0.0 0.0 -4.054612379191652 -14.54996854894205
2858.7902451713353 0.7633677753139714 52.84849953067257 0.38243922375656736 0.9023084332448825 -0.6861925838087064 2.3906586693819767 -0.5971748231286882 -2.731268137280818 0.26641387126980753 0.0 1.0 0.0 3.09e+19 6.0 0.0 0.0 -4.030839520337172 -14.288653052306794
693.6035487851498 0.3993595994531947 52.471945918989846 0.25148009265436283 1.218228352942598 -0.5365799193297356 2.471441049188417 -1.6668576094018075 -2.4116718184580943 0.27798289443952184 0.0 1.0 0.0 3.09e+19 6.0 0.0 0.0 -3.9883433855243076 -14.902715855349626
1357.4353831715634 0.5599574206640542 52.49481259742147 0.2936505848055631 0.986523411866784 -0.4300199748210085 2.4007842131344383 -1.6616257260504623 -1.4209307158190356 0.19173903349933777 0.0 1.0 0.0 3.09e+19 6.0 0.0 0.0 -4.0628937783798555 -14.333897672244525
1315.2835613268544 0.7036783465170443 52.456310324497586 0.34103489048885344 1.2513185899521484 -1.2776081363653375 2.250970564598376 -1.0971182703076274 -1.7450209483156867 0.19721702560904417 0.0 1.0 0.0 3.09e+19 6.0 0.0 0.0 -4.0145685349509455 -14.151050131590704
709.2035642488215 0.6466937167559573 52.62029481924475 0.2658127067121149 0.9930048850568964 -0.11690711629427852 2.6259906210900925 -1.5007927524152922 -1.7775094728074008 0.35634984086084337 0.0 1.0 0.0 3.09e+19 6.0 0.0 0.0 -4.045030747533371 -14.774168547975698
1367.1204808465777 0.6019044460972811 52.25173982712083 0.4006816135364567 1.2696148761023527 -0.043103222281331455 2.186457168351823 -1.530387354052635 -1.8479479089351867 0.28812996780314 0.0 1.0 0.0 3.09e+19 6.0 0.0 0.0 -4.022551855209912 -14.56195610812606
1974.7135126400499 0.6644878087422879 52.57417072837008 0.35813277904194757 1.011935885314784 -1.1555520337444074 2.44938488402214 -1.195766332751212 -1.739367804147232 0.18746811569316033 0.0 1.0 0.0 3.09e+19 6.0 0.0 0.0 -4.01848468993308 -14.173473769637967
893.7716185326174 0.3301946530091784 51.59955427637412 0.3176012816513731 0.8178427761538691 -1.4225739311590724 2.51598936924323 -1.1450188241064487 -1.2253487732712465 0.48924358973887255 0.0 1.0 0.0 3.09e+19 6.0 0.0 0.0 -4.086523893178236 -16.3486837817954
3760.881696959864 0.3293199272830974 51.71683032278538 0.4519631084452255 0.9646068368496996 -2.370314885902122 2.529563841119027 -0.24765358935999027 -1.8407477766116895 0.19788415468782186 0.0 1.0 0.0 3.09e+19 6.0 0.0 0.0 -4.0688156877935775 -14.846328747727302
2315.402345853126 0.28891493309333943 51.41113522976522 0.4341097619114 0.8234522449050656 -0.4884088818227017 2.2314425516403538 -0.8402137393973601 -1.5901992735447015 0.23111963229374427 0.0 1.0 0.0 3.09e+19 6.0 0.0 0.0 -4.003681592890742 -15.065965756556563
707.998750027541 0.4902753031687063 52.010205182388894 0.40656467595920226 0.5851449265141071 -2.694636350598211 2.4550738050664433 -1.1875331111869665 -1.7729891059160756 0.22138704823285518 0.0 1.0 0.0 3.09e+19 6.0 0.0 0.0 -4.04930702682061 -14.535448918670314
1104.483611773173 0.4966364596611678 51.80779478796805 0.39796189252351355 0.8520817307526652 -3.207748251217507 2.393462384494836 -0.9203981755047783 -1.306516517740699 0.11565793701650161 0.0 1.0 0.0 3.09e+19 6.0 0.0 0.0 -4.0187507401557045 -14.260325717009627
511.7403130791105 0.43656378171361826 51.88307902670245 0.41628581701152256 0.6310909685312723 -0.28345535110740805 2.552861680494509 -1.7292599936713722 -2.3897670489086167 0.18911066109932287 0.0 1.0 0.0 3.09e+19 6.0 0.0 0.0 -4.046295203492262 -14.555095784787737
4614.727614541871 0.6587899500855767 52.69579969908533 0.4996325994012498 0.7494837844655731 -2.0906958348651012 2.270603884304466 -0.2064644944512919 -2.574214714650587 0.20881855316754053 0.0 1.0 0.0 3.09e+19 6.0 0.0 0.0 -4.091672725433573 -14.237853702090643
3507.25225526471 0.5898800000695259 52.025133962520115 0.50589602920294 0.7327219350970496 -2.2052914721544163 2.481730671325918 -0.1782436027117953 -2.5725483366026087 0.03176192395801112 0.0 1.0 0.0 3.09e+19 6.0 0.0 0.0 -3.897532872226933 -13.936863273093653
2560.368926948557 0.3926718368069942 52.675201833873395 0.4129697052695772 0.7358862964451728 -1.7942096124140203 2.268967267493995 -1.7110906789149565 -1.3708528521373875 0.1470320078574846 0.0 1.0 0.0 3.09e+19 6.0 0.0 0.0 -4.107360090965926 -14.550754515526904
3876.3552328103797 0.4594137188409142 51.91542472348156 0.3443538485009684 0.6575830264129523 -0.29542783786155624 2.4463277423385885 -0.9164949319717532 -1.6450118482833729 0.18147838795578808 0.0 1.0 0.0 3.09e+19 6.0 0.0 0.0 -3.9709917399306764 -14.487820963881335
1981.5631449517325 0.39085896961916783 51.90789392473687 0.3363349166390654 0.9882051356409856 -0.5787930105246648 2.225092948858537 -1.4588079761919315 -1.4623306181887568 0.05309236692499085 0.0 1.0 0.0 3.09e+19 6.0 0.0 0.0 -4.00400358316897 -14.35560096509863
3910.530484345152 0.4045232102474427 52.28020349445709 0.4491619143292837 0.5875915182429472 -0.13333400301731935 2.4037824079084724 -1.0972862000585268 -2.4581705456537204 0.08912792133652535 0.0 1.0 0.0 3.09e+19 6.0 0.0 0.0 -4.058471009022856 -14.39498607764965
1109.3406816398317 0.554588949447768 52.415503917923665 0.382379659410768 0.778080324975261 -1.9689928864529276 2.7552229077853774 -1.2193971782650406 -2.070313371727073 0.18903902709158552 0.0 1.0 0.0 3.09e+19 6.0 0.0 0.0 -4.028501265390834 -14.335444792690296
1606.921215550887 0.3042392333193172 51.489065251068716 0.4402288422707896 0.4820722409741846 -2.2225760649217134 2.5122488118843913 -1.0939734300047135 -1.121005619141847 0.045617124566372694 0.0 1.0 0.0 3.09e+19 6.0 0.0 0.0 -3.8899146088489194 -14.581723488165931
3500.261842601568 0.6243944927209599 52.38330343088172 0.43457727279802244 0.9011807269735308 -0.785563267327615 2.3550247000754867 -0.9900394855334289 -2.108094136942272 0.11292318563066213 0.0 1.0 0.0 3.09e+19 6.0 0.0 0.0 -3.946745318337983 -14.049824689949189
5906.140163507145 0.6094988373032001 52.44041727295464 0.31993012668107557 1.0970065121855832 -1.3772635532312707 2.4285811587205592 -0.05264713078885519 -2.023526563638014 0.22605639223256813 0.0 1.0 0.0 3.09e+19 6.0 0.0 0.0 -4.114935383494361 -14.353483183698161
1015.5285155603816 0.23862328982351513 51.89549997265164 0.16949093321310552 0.42734823857916676 -1.9367099720297674 2.7344180455759353 -0.7683995023598102 -2.416368208319685 0.07490698725205003 0.0 1.0 0.0 3.09e+19 6.0 0.0 0.0 -3.9616368307448684 -14.875892126380617
1188.7450814247131 0.4010345338378388 51.828229665756226 0.2292103167487688 0.45678743955607354 -3.5144907236099243 2.71230810880661 -0.41641777753829956 -1.5866543054580688 0.1140479948759079 0.0 1.0 0.0 3.09e+19 6.0 0.0 0.0 -4.0105398750424 -14.45611646171417
4749.158371014215 0.4790642613026126 52.58675209733891 0.29573718273708416 0.5932804342148744 -1.0991544214410824 2.5577350338783624 -0.7375023153793459 -1.8613860752692326 0.3108639761711072 0.0 1.0 0.0 3.09e+19 6.0 0.0 0.0 -4.048863162964626 -14.850992103631656
2071.44435396878 0.42103776557047556 52.14544294338627 0.396302745818354 0.7805033977983143 -3.3103691810056994 2.26310446164532 -0.7278515112116501 -0.8962803934602777 0.37615522931068857 0.0 1.0 0.0 3.09e+19 6.0 0.0 0.0 -4.104124947453153 -15.258488297110055
2202.108007874205 0.2838661399448705 52.299691223002895 0.2967301067650857 0.39583028861320824 -3.7521568039289415 2.5798907826557813 -0.7309452045601148 -1.757723519316053 0.0938025632734386 0.0 1.0 0.0 3.09e+19 6.0 0.0 0.0 -3.9205985072475777 -14.744955143906596
3112.749976222953 0.4256732410411294 52.8717686321111 0.2252419404889007 0.8445143799766454 -2.830469874895687 2.736086153935217 -1.1110602964072593 -1.0949011394800205 0.20888180932549408 0.0 1.0 0.0 3.09e+19 6.0 0.0 0.0 -4.015533506892471 -14.631734294058122
2512.6308290638913 0.3907072787278848 52.60418813242157 0.31666071924045164 0.5449095962372511 -3.1175017087408845 2.441366429889126 -0.7773474377943108 -1.8309892741053568 0.2550222967372963 0.0 1.0 0.0 3.09e+19 6.0 0.0 0.0 -4.040326673439678 -14.848373065067934
3849.916852060691 0.3277941827216355 52.26669427764689 0.18338984416680032 0.7763851405459168 -2.754422571553768 2.8804458196577 -0.37929418468327647 -1.3826950368908135 0.17689527899349702 0.0 1.0 0.0 3.09e+19 6.0 0.0 0.0 -3.9991097284148784 -14.796275605224533
2197.1145409883643 0.3676262785213784 51.92832610970944 0.22736087215024123 0.8372356197644594 -2.9680440382370348 2.3679046410375735 -0.38996377246349834 -1.0042415806773444 0.288276171701309 0.0 1.0 0.0 3.09e+19 6.0 0.0 0.0 -4.039815333594337 -15.01700166345758
4955.339276136482 0.3000233729142689 52.47738611802408 0.22859562808942552 0.33248393106792135 -2.161327171139136 2.760044546637795 -0.19782323863524764 -2.761751503358905 0.10711536095232754 0.0 1.0 0.0 3.09e+19 6.0 0.0 0.0 -3.932765595265582 -14.719389379989602
4022.7879442342783 0.3558348756421983 52.32594141135777 0.19254715668398878 0.7976711427658125 -2.158256733461375 2.8384536548971724 -0.32854151917868224 -2.0673416163963676 0.09182182302617897 0.0 1.0 0.0 3.09e+19 6.0 0.0 0.0 -3.8928014532945054 -14.522587658359297
2551.8829503893658 0.04551463074965945 51.16404835225223 0.34571869261865795 0.8833376593790664 -1.5795385511001725 2.6042874641430105 -0.3960458216770135 -1.6675978560284794 0.21427000652231026 0.0 1.0 0.0 3.09e+19 6.0 0.0 0.0 -3.9656188236044834 -16.852266923677863
4291.480584050863 0.4365282330803086 51.94756639220143 0.23756028126666529 0.8007826919290186 -1.7901498575322483 2.2945710653709592 -0.4880658167976639 -0.5081709578195892 0.21873605594881518 0.0 1.0 0.0 3.09e+19 6.0 0.0 0.0 -4.064182156078459 -14.635614982919451
1965.1163071713977 0.38191699742384777 51.51370911880386 0.29955631070219396 1.140804004133003 -1.2721345326410454 2.6446540120638744 -0.5964401944474993 -1.4686492839252159 0.3714028807462398 0.0 1.0 0.0 3.09e+19 6.0 0.0 0.0 -4.096545609668852 -15.32678702128362
4294.3742241213 0.2927688738464405 51.97160211297347 0.29763012052258353 0.48878896016533785 -0.7028972091024439 2.261427942922551 -0.6236562350969708 -1.7935149828187118 0.2566986509476474 0.0 1.0 0.0 3.09e+19 6.0 0.0 0.0 -4.0485873122848 -15.13099799766882
3749.2422066829195 0.3924396659475837 52.497249994175164 0.18247440706306398 0.8631061332013256 -1.5513016382617053 2.5745601108685583 -0.6388742767466469 -1.5372520944123529 0.14595490077098497 0.0 1.0 0.0 3.09e+19 6.0 0.0 0.0 -3.9901695307557166 -14.548786276354754
4061.6150674177356 0.27612828825991476 52.273152736193786 0.28854900766214064 0.8266876073420201 -3.0050886994576036 2.783521409380586 -0.35720923550695804 -2.2233909127756784 0.10069408249100449 0.0 1.0 0.0 3.09e+19 6.0 0.0 0.0 -3.9168251221663986 -14.786370450842123
3240.0245895428197 0.2493051787781977 52.2144002455968 0.22579149575721452 0.29213553853614155 -1.6743891515155669 2.295270039556655 -0.9872637581975798 -1.2659292185529656 0.2635846998676018 0.0 1.0 0.0 3.09e+19 6.0 0.0 0.0 -3.9823444407696993 -15.309810760210913
