    0.194124837588074907E-02    0.260049077445864498E+03    0.772333470872201833E+00
    0.193746090697169914E-02    0.260049077103563832E+03    0.772330934957232818E+00
    0.193369322976062676E-02    0.260049063933785021E+03    0.772322748324937525E+00
    0.192995867042509376E-02    0.260049024036753735E+03    0.772305345166019119E+00
    0.192619348656653802E-02    0.260049023426263602E+03    0.772301927789386000E+00
    0.192255345410857151E-02    0.260048900260575863E+03    0.772065329548893065E+00
    0.191885373084626641E-02    0.260048846478411861E+03    0.771942526639094462E+00
    0.191511231535018461E-02    0.260048843671101395E+03    0.771996644046472502E+00
    0.191138003871144406E-02    0.260048838934526202E+03    0.772077705407672510E+00
    0.190765777447946721E-02    0.260048831326637355E+03    0.772091859033046668E+00
    0.190393955441468419E-02    0.260048827085085122E+03    0.772087684649828909E+00
    0.190022649743993698E-02    0.260048825037060737E+03    0.772140734483818258E+00
    0.189652392537143877E-02    0.260048819568339411E+03    0.770649971578639570E+00
    0.189285248853394354E-02    0.260048788824581436E+03    0.771933409448177121E+00
    0.188916819484562476E-02    0.260048779216257572E+03    0.772278448025575548E+00
    0.188548341492908856E-02    0.260048777730424376E+03    0.772265709077665008E+00
    0.188180611519190156E-02    0.260048775933082652E+03    0.772250557528075254E+00
    0.187814760412243972E-02    0.260048761765270001E+03    0.771868867500651867E+00
    0.187449018842735437E-02    0.260048754017662532E+03    0.775238810763465125E+00
    0.187083564863149698E-02    0.260048750809603007E+03    0.771812235872309516E+00
    0.186718524173890379E-02    0.260048750806421936E+03    0.771812689162828525E+00
    0.186354473982791331E-02    0.260048747817268463E+03    0.775266818865306684E+00
    0.185995236690658953E-02    0.260048700707139346E+03    0.772189044748678222E+00
    0.185632359324840808E-02    0.260048700275598890E+03    0.772187183631434015E+00
    0.185270595993616339E-02    0.260048695460631961E+03    0.770591181967725802E+00
    0.184909556442131766E-02    0.260048690442652003E+03    0.774728958265295531E+00
    0.184548801714292461E-02    0.260048689962647813E+03    0.774714845744351344E+00
    0.184189144974749382E-02    0.260048685202655236E+03    0.775176700828044352E+00
    0.183829925425715661E-02    0.260048683311880154E+03    0.774627853927343568E+00
    0.183471250751757859E-02    0.260048683118394308E+03    0.774613225317445697E+00
    0.183113853298757438E-02    0.260048676618409104E+03    0.770609613879182254E+00
    0.182757440985208608E-02    0.260048666956437273E+03    0.774753670020214225E+00
    0.182400984572004253E-02    0.260048665384532910E+03    0.774734998332916480E+00
    0.182045236561738030E-02    0.260048663668070390E+03    0.774744382702628465E+00
    0.181691179085335334E-02    0.260048650980254365E+03    0.773529942044105301E+00
    0.181337190021323602E-02    0.260048645132606680E+03    0.773532080616251672E+00
    0.180984137382650921E-02    0.260048636558219016E+03    0.775271535598641703E+00
    0.180632431335308544E-02    0.260048620684807588E+03    0.770905863781827905E+00
    0.180280024873840294E-02    0.260048620163938267E+03    0.770909219501816123E+00
    0.179928439967708066E-02    0.260048618153311850E+03    0.771642935859726986E+00
    0.179577473026449469E-02    0.260048616896693829E+03    0.775389040604137603E+00
    0.179227520650190376E-02    0.260048611957917387E+03    0.770930253552045475E+00
    0.178878312718864282E-02    0.260048606320635542E+03    0.770954818016090226E+00
    0.178529580861349160E-02    0.260048602972327899E+03    0.775330195045527359E+00
    0.178181607055693386E-02    0.260048598746461948E+03    0.775371634019849987E+00
    0.177834928237409441E-02    0.260048587584397410E+03    0.768165160833928939E+00
    0.177488159194041147E-02    0.260048585039681143E+03    0.768175247404318973E+00
    0.177142272901906509E-02    0.260048580162721976E+03    0.771700867986560790E+00
    0.176796765844535668E-02    0.260048578620926492E+03    0.771688871201968496E+00
    0.176451803661646059E-02    0.260048578541508050E+03    0.771686991816088685E+00
    0.176108173205316706E-02    0.260048570982087710E+03    0.770964627131578206E+00
    0.175764858690028673E-02    0.260048567442362241E+03    0.773734797388581308E+00
    0.175422359702366928E-02    0.260048562235205623E+03    0.771764197353402959E+00
    0.175080431760784856E-02    0.260048558128736317E+03    0.775469081205327537E+00
    0.174739058094248154E-02    0.260048555306473190E+03    0.773751330503732682E+00
    0.174398651592082158E-02    0.260048549026033470E+03    0.775837684038975794E+00
    0.174058452593582667E-02    0.260048547981035767E+03    0.774822671798387486E+00
    0.173718858515866173E-02    0.260048547611894605E+03    0.773760022948874138E+00
    0.173380232014682203E-02    0.260048543724278829E+03    0.773765830091392104E+00
    0.173042073183592203E-02    0.260048542060483783E+03    0.773859650952717693E+00
    0.172705134179156647E-02    0.260048533908330114E+03    0.773875111927321613E+00
    0.172368874870244175E-02    0.260048525482060995E+03    0.771005417569339602E+00
    0.172032722610682143E-02    0.260048523422619610E+03    0.774845350025814117E+00
    0.171697055141625419E-02    0.260048523352386212E+03    0.774844975518785839E+00
    0.171362171745234127E-02    0.260048521775125096E+03    0.770753600413663476E+00
    0.171028000081951785E-02    0.260048519512994858E+03    0.768037416258220529E+00
    0.170694326654324976E-02    0.260048519048570654E+03    0.773894662792704136E+00
    0.170361272752154861E-02    0.260048518953562620E+03    0.773894831777582781E+00
    0.170028944884004717E-02    0.260048517962368862E+03    0.775845105672158364E+00
    0.169697219967951721E-02    0.260048517505396262E+03    0.768030019744411763E+00
    0.169366151545284117E-02    0.260048516938589387E+03    0.770576073806145345E+00
    0.169035755231369562E-02    0.260048516061606335E+03    0.768042721013261542E+00
    0.168706082483291876E-02    0.260048514247669232E+03    0.770973763732920814E+00
    0.168377036078978261E-02    0.260048512631164158E+03    0.767372105664248738E+00
    0.168048862430066601E-02    0.260048508265703390E+03    0.767539873395026606E+00
    0.167720964879221899E-02    0.260048508235124075E+03    0.767400568198398969E+00
    0.167393776136927851E-02    0.260048507379977991E+03    0.776136160431576183E+00
    0.167067266022670187E-02    0.260048506041783241E+03    0.776144003385165648E+00
    0.166741452640679368E-02    0.260048503985619277E+03    0.775904916043082316E+00
    0.166416194876560356E-02    0.260048502888268615E+03    0.767287409986368685E+00
    0.166091609105299166E-02    0.260048501339096333E+03    0.775867908354664571E+00
    0.165767794975085021E-02    0.260048498118258749E+03    0.767737311673478806E+00
    0.165444494962928962E-02    0.260048496314134127E+03    0.767426043810640612E+00
    0.165121971952685693E-02    0.260048492736000298E+03    0.767749464883262789E+00
    0.164800224573506747E-02    0.260048487375174432E+03    0.774137772659972523E+00
    0.164478699933102469E-02    0.260048486929265266E+03    0.767761997167233923E+00
    0.164157817827892405E-02    0.260048486297659338E+03    0.767768147988457716E+00
    0.163837558304921185E-02    0.260048485707897839E+03    0.767338775680520446E+00
    0.163518068205802396E-02    0.260048483349258618E+03    0.773942894274073367E+00
    0.163199062501010860E-02    0.260048482689461082E+03    0.771529177066303751E+00
    0.162880676085667411E-02    0.260048482067181510E+03    0.767713499648859710E+00
    0.162562891160314004E-02    0.260048481686688092E+03    0.767712128359405499E+00
    0.162245766740030462E-02    0.260048480806983378E+03    0.773947446589688615E+00
    0.161929433160314324E-02    0.260048477800417345E+03    0.767656726438592174E+00
    0.161613486000487263E-02    0.260048477644373293E+03    0.767656221767535674E+00
    0.161298478189170506E-02    0.260048473484678766E+03    0.775818086360214765E+00
    0.160983805926054519E-02    0.260048472784299292E+03    0.767207468720884300E+00
    0.160669716700462414E-02    0.260048472467899614E+03    0.773983923345886393E+00
    0.160356469685829224E-02    0.260048469290325897E+03    0.767274890262084508E+00
    0.160043595825514026E-02    0.260048469081471808E+03    0.767310542646104099E+00
    0.159731381823093608E-02    0.260048468254015233E+03    0.774389508748578481E+00
    0.159419829749813920E-02    0.260048466763401336E+03    0.768206815606508719E+00
    0.159108819814379374E-02    0.260048466096584434E+03    0.767669947221764626E+00
    0.158798365554583447E-02    0.260048466072964629E+03    0.774097625049823601E+00
    0.158488625700729086E-02    0.260048464678326354E+03    0.774394687906750256E+00
    0.158179474658837150E-02    0.260048463477679377E+03    0.773976216265273687E+00
    0.157870997678879565E-02    0.260048461377236663E+03    0.774166482962492020E+00
    0.157563190091474393E-02    0.260048458416062488E+03    0.767908222751356839E+00
    0.157255805532707663E-02    0.260048457707477951E+03    0.774361456116937852E+00
    0.156949062992739518E-02    0.260048456459190504E+03    0.773843582545982400E+00
    0.156642990824033866E-02    0.260048454291097755E+03    0.775729611358360160E+00
    0.156337371982095421E-02    0.260048453959492576E+03    0.775136906030919115E+00
    0.156032340326430624E-02    0.260048453744432663E+03    0.767982864970748746E+00
    0.155727899303244864E-02    0.260048453587401013E+03    0.775798049092411346E+00
    0.155424094754836196E-02    0.260048452883896005E+03    0.773560666463691704E+00
    0.155120903885490715E-02    0.260048451909678988E+03    0.767956856142707700E+00
    0.154818311628492186E-02    0.260048450842863133E+03    0.767898132755597596E+00
    0.154516318978581250E-02    0.260048449655096363E+03    0.773590040146038715E+00
    0.154214831962302869E-02    0.260048449549470774E+03    0.767895672198750101E+00
    0.153914161885910193E-02    0.260048446472204660E+03    0.773596472989323547E+00
    0.153614291514344073E-02    0.260048440615333050E+03    0.771511320616866336E+00
    0.153314896146001601E-02    0.260048436183411411E+03    0.774428874232768849E+00
    0.153016108498535788E-02    0.260048431435220721E+03    0.771477225634025321E+00
    0.152717619027299039E-02    0.260048430407827254E+03    0.775679550729858724E+00
    0.152420187886733436E-02    0.260048423133673850E+03    0.771422042936838248E+00
    0.152122945461075402E-02    0.260048420994290666E+03    0.771412567223948575E+00
    0.151826145429048167E-02    0.260048420663212710E+03    0.773550617572362431E+00
    0.151529992280747877E-02    0.260048419437117900E+03    0.774058006088315320E+00
    0.151234351842804309E-02    0.260048419070193631E+03    0.773553283651359558E+00
    0.150939604501766395E-02    0.260048414512292823E+03    0.776184093905828432E+00
    0.150645205304936777E-02    0.260048412958826191E+03    0.774465770025793976E+00
    0.150351337425720395E-02    0.260048411975908948E+03    0.767854417052572513E+00
    0.150057988647689334E-02    0.260048411714782333E+03    0.774544018017122915E+00
    0.149765194367132664E-02    0.260048411692055197E+03    0.767853642919142043E+00
    0.149472988491749863E-02    0.260048411440487143E+03    0.775622694168941473E+00
    0.149181441557812980E-02    0.260048409998147349E+03    0.776189324444537587E+00
    0.148890446742916752E-02    0.260048408778024566E+03    0.774918416575391844E+00
    0.148600147257468471E-02    0.260048405839032625E+03    0.774552715029423244E+00
    0.148310250640247641E-02    0.260048405100074262E+03    0.774910821390171756E+00
    0.148020998952010964E-02    0.260048403288509292E+03    0.774560110401442348E+00
    0.147732272816615638E-02    0.260048401999227281E+03    0.774602743687812456E+00
    0.147444017316655015E-02    0.260048401965291760E+03    0.774909986741886159E+00
    0.147156327995392393E-02    0.260048401880607457E+03    0.775576286125755687E+00
    0.146869201002951320E-02    0.260048401782358155E+03    0.770698004388597591E+00
    0.146582640835769460E-02    0.260048401594170116E+03    0.775577149318784298E+00
    0.146296783741460372E-02    0.260048399437952014E+03    0.767838137414739053E+00
    0.146011353519677847E-02    0.260048399070493360E+03    0.767840924523446544E+00
    0.145726539871570381E-02    0.260048397883840153E+03    0.768226693023751239E+00
    0.145442362292848553E-02    0.260048395590160283E+03    0.768230964459095333E+00
    0.145158618340395017E-02    0.260048394957299024E+03    0.767485955800849662E+00
    0.144875450103204594E-02    0.260048394018543036E+03    0.767490453310558318E+00
    0.144593130489202213E-02    0.260048388982318158E+03    0.768243581235505735E+00
    0.144311004838471903E-02    0.260048388882572340E+03    0.767494281731490813E+00
    0.144029488793774325E-02    0.260048387961728224E+03    0.774052681922849151E+00
    0.143748686401396018E-02    0.260048384752412971E+03    0.774042754061230243E+00
    0.143468214489600020E-02    0.260048384567830112E+03    0.775720005481442376E+00
    0.143188621015289687E-02    0.260048379757158841E+03    0.770680787341403550E+00
    0.142909743995158715E-02    0.260048372545287862E+03    0.775711949013175195E+00
    0.142631015860867987E-02    0.260048370861808792E+03    0.775651871463456710E+00
    0.142352756950191455E-02    0.260048370223645634E+03    0.774449190097263984E+00
    0.142075430913084981E-02    0.260048364095178272E+03    0.771333997247918512E+00
    0.141798289582639693E-02    0.260048362981842729E+03    0.774956101345113835E+00
    0.141521648673466533E-02    0.260048362436450589E+03    0.771100038825259126E+00
    0.141245668162293223E-02    0.260048360182172473E+03    0.774177594860050999E+00
    0.140970644803773033E-02    0.260048351983885937E+03    0.776330542138946922E+00
    0.140695734173827019E-02    0.260048349795396462E+03    0.776335414155683856E+00
    0.140421225165712434E-02    0.260048349522410604E+03    0.776338903465069397E+00
    0.140147424852042277E-02    0.260048346779100541E+03    0.776366691201494818E+00
    0.139873966783138413E-02    0.260048346775751725E+03    0.776366718604448169E+00
    0.139601256785658280E-02    0.260048343699429211E+03    0.774960129579247425E+00
    0.139329051773822896E-02    0.260048341006552960E+03    0.775663588509567514E+00
    0.139057443519107968E-02    0.260048337364552822E+03    0.776382184146210963E+00
    0.138786113682099312E-02    0.260048337340430294E+03    0.776205045747197842E+00
    0.138515368843728491E-02    0.260048336513826371E+03    0.771383344257844605E+00
    0.138245224383776416E-02    0.260048334642590646E+03    0.774269103597192698E+00
    0.137975495226046966E-02    0.260048334388402168E+03    0.776246540669216833E+00
    0.137706415679322565E-02    0.260048332342798972E+03    0.774286399427877359E+00
    0.137437954369210111E-02    0.260048328936898656E+03    0.771218097598769470E+00
    0.137170007411797435E-02    0.260048325662481943E+03    0.776397219233249336E+00
    0.136902579472970094E-02    0.260048322437249794E+03    0.775085149844683019E+00
    0.136635584035713184E-02    0.260048320512973532E+03    0.771203117317637799E+00
    0.136369016895514987E-02    0.260048319944035370E+03    0.775090509405630512E+00
    0.136103040480207017E-02    0.260048318336622970E+03    0.774235614904693281E+00
    0.135838082856819145E-02    0.260048309367092770E+03    0.776416126129229500E+00
    0.135573263104830834E-02    0.260048305972886624E+03    0.776266920473936306E+00
    0.135309138573135859E-02    0.260048299933660928E+03    0.776092846638532730E+00
    0.135046108502832798E-02    0.260048285306348248E+03    0.768285685873235313E+00
    0.134782658865928049E-02    0.260048284491979700E+03    0.768306266632945656E+00
    0.134519701921778927E-02    0.260048283993521579E+03    0.771327596374745905E+00
    0.134257254880371492E-02    0.260048283541517662E+03    0.771325110698524607E+00
    0.133995492012693100E-02    0.260048280520152503E+03    0.776280222324178926E+00
    0.133734397730782078E-02    0.260048275132546848E+03    0.768315185152451674E+00
    0.133473896488154145E-02    0.260048268481934883E+03    0.771309030873892132E+00
    0.133213981480487654E-02    0.260048260648194969E+03    0.767562818801247770E+00
    0.132954651679077253E-02    0.260048251625007708E+03    0.767596731097733520E+00
    0.132695279390765398E-02    0.260048250851206262E+03    0.775982512072480923E+00
    0.132436938593374952E-02    0.260048242141552237E+03    0.771200283395551689E+00
    0.132179732580300002E-02    0.260048223871745392E+03    0.775022779581205912E+00
    0.131922081386747609E-02    0.260048219923988881E+03    0.775009451469799604E+00
    0.131664679042783786E-02    0.260048219825046942E+03    0.775965555353343217E+00
    0.131407776778128633E-02    0.260048219758923437E+03    0.775007910053677085E+00
    0.131151485112319726E-02    0.260048218025494180E+03    0.771127176883333765E+00
    0.130895672632979536E-02    0.260048216607934251E+03    0.775970067706318267E+00
    0.130641762973492202E-02    0.260048193698591319E+03    0.770256674116918560E+00
    0.130387647469990269E-02    0.260048181501500494E+03    0.772376636232581681E+00
    0.130133546108030613E-02    0.260048176683687984E+03    0.772369460084188941E+00
    0.129880517721772909E-02    0.260048162968767087E+03    0.768011682601502099E+00
    0.129629237106329478E-02    0.260048129878666487E+03    0.767135330446349295E+00
    0.129376402051744666E-02    0.260048128333378259E+03    0.772400275846952922E+00
    0.129123992767699166E-02    0.260048127831598720E+03    0.772401897188355946E+00
    0.128872044349911670E-02    0.260048127819860213E+03    0.772396987492558140E+00
    0.128621584210859472E-02    0.260048112310294357E+03    0.768352793422262370E+00
    0.128370681296906849E-02    0.260048111282783054E+03    0.772405038251876785E+00
    0.128120354225960296E-02    0.260048108906458992E+03    0.767110169968070466E+00
    0.127871759655066516E-02    0.260048087067510096E+03    0.766328049718542514E+00
    0.127622617091889610E-02    0.260048081375249467E+03    0.772477814786865502E+00
    0.127373784142414677E-02    0.260048078443527743E+03    0.772532796529061816E+00
    0.127125329485888402E-02    0.260048077193147037E+03    0.772414076659303395E+00
    0.126877338954670929E-02    0.260048076266056228E+03    0.772416805536735196E+00
    0.126630251725992756E-02    0.260048068712836994E+03    0.772449034835173021E+00
    0.126383209705785969E-02    0.260048068058963281E+03    0.772451657526160851E+00
    0.126136936982067130E-02    0.260048062849019288E+03    0.772473577605213180E+00
    0.125890901928217948E-02    0.260048061487194673E+03    0.770367500794339799E+00
    0.125645335143385341E-02    0.260048060310526580E+03    0.770398026542514769E+00
    0.125401218419666084E-02    0.260048045127585056E+03    0.776469100605097329E+00
    0.125046980897130090E-02    0.260047955662249024E+03    0.776880587918854171E+00
    0.124688297100770864E-02    0.260047953563841418E+03    0.776882605461290066E+00
    0.124333333114094941E-02    0.260047908178683656E+03    0.776544313719349399E+00
    0.123981104572835898E-02    0.260047834967638664E+03    0.776900942604199729E+00
    0.123627739101976391E-02    0.260047796291764598E+03    0.776984640357864187E+00
    0.123275554971757906E-02    0.260047754789797409E+03    0.777014155622136604E+00
    0.122922737823343833E-02    0.260047739910906841E+03    0.777031759736045879E+00
    0.122574033475936791E-02    0.260047674400241533E+03    0.778971320217674901E+00
    0.122222512775419846E-02    0.260047671161086100E+03    0.776765258022775629E+00
    0.121872769037536361E-02    0.260047655304416139E+03    0.780168965149411031E+00
    0.121523845471392558E-02    0.260047642420517946E+03    0.780261413579492635E+00
    0.121175142015615385E-02    0.260047642391740396E+03    0.780261447833184296E+00
    0.120827972315953099E-02    0.260047633537536626E+03    0.780272362201121616E+00
    0.120481660441960122E-02    0.260047626954613065E+03    0.776667440897428563E+00
    0.120136027313776919E-02    0.260047625596396870E+03    0.780286316013294678E+00
    0.119791723677488459E-02    0.260047618595830613E+03    0.776689069820102218E+00
    0.119448558762041447E-02    0.260047609050829578E+03    0.780226815067385004E+00
    0.119105981472889932E-02    0.260047606145807435E+03    0.780191862600463915E+00
    0.118764445586392524E-02    0.260047602249000647E+03    0.780310521955367209E+00
    0.118423891741415983E-02    0.260047598306783357E+03    0.780316470679810470E+00
    0.118084449454465665E-02    0.260047592077573313E+03    0.780323966529324897E+00
    0.117745632580817158E-02    0.260047591751609843E+03    0.778912349062195530E+00
    0.117407863483431582E-02    0.260047590137535508E+03    0.778915077939627332E+00
    0.117071527180927703E-02    0.260047580599075559E+03    0.780336748865244845E+00
    0.116735824452125054E-02    0.260047576713082663E+03    0.776628385980042246E+00
    0.116400948289251496E-02    0.260047575164904401E+03    0.776632591191582455E+00
    0.116067470772949718E-02    0.260047566069403445E+03    0.776615958740725310E+00
    0.115734814142272216E-02    0.260047559298100225E+03    0.781922798689750120E+00
    0.115402720654173550E-02    0.260047559290441200E+03    0.781922678801829418E+00
    0.125403310175952192E-02    0.260048053053477815E+03    0.770423780751448239E+00
    0.123970277881106563E-02    0.260048050912573331E+03    0.770555473636009847E+00
    0.122555031095216826E-02    0.260048025766479213E+03    0.770496954629259712E+00
    0.121155965535919103E-02    0.260048000211897033E+03    0.770336973904375055E+00
    0.119771342388610611E-02    0.260048000190164032E+03    0.770337375814356684E+00
    0.118402849971606470E-02    0.260047994988585174E+03    0.770294372935449889E+00
    0.117049821106195813E-02    0.260047992737406673E+03    0.770306291731008397E+00
    0.115712156556162953E-02    0.260047992166203699E+03    0.770312182224175968E+00
    0.114389903228537216E-02    0.260047989423958711E+03    0.770315468294991312E+00
    0.113082605627144598E-02    0.260047989401541201E+03    0.770288759549851654E+00
    0.111790261669155919E-02    0.260047989141582036E+03    0.770291579770461032E+00
    0.110514213040976473E-02    0.260047961264851949E+03    0.770441966792876021E+00
    0.109251395245124941E-02    0.260047957824054834E+03    0.770475981093885598E+00
    0.108002830941206999E-02    0.260047957649942305E+03    0.770478353732924615E+00
    0.106770061137079859E-02    0.260047928901002763E+03    0.768573360935080774E+00
    0.105550468628161278E-02    0.260047917088539862E+03    0.768700283422190545E+00
    0.104345674694028838E-02    0.260047888645741864E+03    0.768674510149480850E+00
    0.103153351563274663E-02    0.260047885043112274E+03    0.768601917095988019E+00
    0.101974496588086807E-02    0.260047884502464058E+03    0.768648804690856391E+00
    0.100809125407543823E-02    0.260047883731105230E+03    0.768640238984373947E+00
    0.996570800908151873E-03    0.260047882800677769E+03    0.768630289655066967E+00
    0.985181580455265788E-03    0.260047882728707123E+03    0.768621795013200493E+00
    0.973949400916386781E-03    0.260047827457574272E+03    0.769771413485746958E+00
    0.962818675914629981E-03    0.260047827450412683E+03    0.769771436321541436E+00
    0.951815196211914616E-03    0.260047827362468183E+03    0.769778494865592910E+00
    0.940938538982557908E-03    0.260047824999613852E+03    0.769787599496823405E+00
    0.930185271942568330E-03    0.260047824572718810E+03    0.769791398231223223E+00
    0.919555475117922070E-03    0.260047822885759672E+03    0.770058863615017519E+00
    0.909047778579995789E-03    0.260047819819141409E+03    0.770045835794307743E+00
    0.898659095744851720E-03    0.260047819104950236E+03    0.770055125395472939E+00
    0.888388926348391487E-03    0.260047818862169891E+03    0.769960267789081221E+00
    0.878239386735444184E-03    0.260047811197854230E+03    0.770039421219658515E+00
    0.868203313325119222E-03    0.260047809266786089E+03    0.768676700897305332E+00
    0.858281921027709413E-03    0.260047807349778395E+03    0.769858506448031110E+00
    0.848473324500626977E-03    0.260047806802119112E+03    0.769124290706810210E+00
    0.838777137392838069E-03    0.260047805503233747E+03    0.768714558077275067E+00
    0.829194155678763720E-03    0.260047798417360013E+03    0.768972481369406657E+00
    0.819718547916970354E-03    0.260047796482213187E+03    0.768546914801576775E+00
    0.810350609789661194E-03    0.260047796059439918E+03    0.769860074312044396E+00
    0.801090779612433925E-03    0.260047793017911317E+03    0.769865755003185104E+00
    0.791936799315324136E-03    0.260047789879584457E+03    0.768944536226547126E+00
    0.782886545999318131E-03    0.260047788975530011E+03    0.768468565190962627E+00
    0.773941031987084526E-03    0.260047784678413791E+03    0.769009799176114894E+00
    0.765096298986929772E-03    0.260047784128049443E+03    0.768995604240126474E+00
    0.756355259216908902E-03    0.260047776665366030E+03    0.768469636189720418E+00
    0.747711551593877857E-03    0.260047775975640548E+03    0.768476328285258692E+00
    0.739166421168808139E-03    0.260047775837898371E+03    0.768442753892543240E+00
    0.730719709186099069E-03    0.260047773616018731E+03    0.769990472694344730E+00
    0.722369963705235237E-03    0.260047770167665021E+03    0.768435715358487093E+00
    0.714114508414904429E-03    0.260047769856608397E+03    0.768436432617042753E+00
    0.705953428013227774E-03    0.260047769463024338E+03    0.768503060610221334E+00
    0.697885589345142543E-03    0.260047769141509434E+03    0.768437969793614783E+00
    0.689911653970016136E-03    0.260047763886852692E+03    0.769999221087182550E+00
    0.682027675501963916E-03    0.260047762010573820E+03    0.769977635469913491E+00
    0.674234610629464103E-03    0.260047757704033870E+03    0.769974871110560843E+00
    0.666529210892079530E-03    0.260047757541042984E+03    0.769974767376740643E+00
    0.658912713668688378E-03    0.260047754821148828E+03    0.769930461741849093E+00
    0.651382776490547471E-03    0.260047753557985288E+03    0.769920270895175451E+00
    0.643938832415433282E-03    0.260047752473964181E+03    0.769915404587387053E+00
    0.643996352525368792E-03    0.260047529792003502E+03    0.769699549240744796E+00
    0.643930988195448562E-03    0.260047732798269180E+03    0.768381455769613697E+00
    0.643960752704208161E-03    0.260047640354136433E+03    0.769407141460508259E+00
    0.643987756383224228E-03    0.260047556488426494E+03    0.768795783856194848E+00
    0.643971759122974026E-03    0.260047606170920574E+03    0.770175120644349009E+00
    0.643966653981073119E-03    0.260047622026156660E+03    0.768784239220331789E+00
    0.644015377532363830E-03    0.260047470708668925E+03    0.769381760616813404E+00
    0.643927944628943510E-03    0.260047742251374416E+03    0.769092725683411027E+00
    0.643940098364870466E-03    0.260047704502985539E+03    0.769150704623623449E+00
    0.643944486106692686E-03    0.260047690875236981E+03    0.769470307551420429E+00
    0.643935376880985723E-03    0.260047719167396735E+03    0.769495205418063599E+00
    0.643934804743003116E-03    0.260047720944401874E+03    0.769521667536623655E+00
    0.643971820304790150E-03    0.260047605980906610E+03    0.770171504596304457E+00
    0.644002702252501774E-03    0.260047510072339549E+03    0.769720164254146688E+00
    0.643976800390370289E-03    0.260047590514185345E+03    0.768777455847602931E+00
    0.644014783029923715E-03    0.260047472554906562E+03    0.769391545754717354E+00
    0.643968563864037681E-03    0.260047616094544765E+03    0.769188245527840597E+00
    0.644002626603360959E-03    0.260047510307273797E+03    0.769719108098655291E+00
    0.643928180963050634E-03    0.260047741517335567E+03    0.768538821796038607E+00
    0.643934710147472922E-03    0.260047721238206577E+03    0.769524278809714191E+00
    0.643924790932213424E-03    0.260047752046583582E+03    0.769913365350946455E+00
    0.643934060530113560E-03    0.260047723255857363E+03    0.768398220668078280E+00
    0.643969110737368264E-03    0.260047614396098197E+03    0.769540026373538022E+00
    0.644012153449812874E-03    0.260047480721133638E+03    0.769359156605718630E+00
    0.643963199515343592E-03    0.260047632754895403E+03    0.769431428469651069E+00
    0.643934705072917021E-03    0.260047721253967666E+03    0.769516995333087817E+00
    0.643960512234346472E-03    0.260047641100982901E+03    0.770112040187665881E+00
    0.643977478351274069E-03    0.260047588408641957E+03    0.768753962382315859E+00
    0.643964464361215403E-03    0.260047628826582013E+03    0.768839150171565455E+00
    0.644029688055590540E-03    0.260047426267605147E+03    0.769338727704041214E+00
    0.643995670119203037E-03    0.260047531911290434E+03    0.769691038340168943E+00
    0.643947577980501316E-03    0.260047681272339673E+03    0.769594343594117047E+00
    0.643928417428027357E-03    0.260047740782890514E+03    0.769095343807239873E+00
    0.644071779044185573E-03    0.260047295560546161E+03    0.769291644863130619E+00
    0.643984771032631194E-03    0.260047565759899385E+03    0.768816470802349050E+00
    0.643940500341687208E-03    0.260047703254494593E+03    0.769154051209293921E+00
    0.643949129842834832E-03    0.260047676452504902E+03    0.769613966392251991E+00
    0.644012203870139750E-03    0.260047480564551734E+03    0.769365573463947294E+00
    0.643985909770106602E-03    0.260047562223367095E+03    0.768808681512876513E+00
    0.643957728481915756E-03    0.260047649746725597E+03    0.770218015400565115E+00
    0.643952438854623692E-03    0.260047666175285372E+03    0.769662477612102713E+00
    0.644056047315061213E-03    0.260047344411999575E+03    0.769255923971727817E+00
    0.643951394288048203E-03    0.260047669419523174E+03    0.769039809438818889E+00
    0.643941867761825266E-03    0.260047699007460324E+03    0.768909733328501432E+00
    0.643936156766178715E-03    0.260047716745151433E+03    0.769166634103697677E+00
    0.643986186725435932E-03    0.260047561363238742E+03    0.768803092051482451E+00
    0.643978258997209441E-03    0.260047585984192381E+03    0.768734916793513468E+00
    0.644001618280111302E-03    0.260047513438702140E+03    0.769715015304291206E+00
    0.643966152261180058E-03    0.260047623584374264E+03    0.768789476639621272E+00
    0.643942828801849086E-03    0.260047696022596767E+03    0.768931913710226511E+00
    0.643945732411861562E-03    0.260047687004394106E+03    0.769459918691326461E+00
    0.643936489836962559E-03    0.260047715710667831E+03    0.769162633325769174E+00
    0.643963175240344155E-03    0.260047632830287910E+03    0.769210566659827344E+00
    0.643978786636358286E-03    0.260047584345506834E+03    0.768743630216611518E+00
    0.644079146786046301E-03    0.260047272682041125E+03    0.769317402175052067E+00
    0.643995587635883709E-03    0.260047532167451550E+03    0.769689659574363527E+00
    0.643934924899110619E-03    0.260047720571208515E+03    0.769506815837716851E+00
    0.643962306180067830E-03    0.260047635529389026E+03    0.769414360866739533E+00
    0.643977491478363003E-03    0.260047588367873175E+03    0.768753856906083777E+00
    0.643962883530977206E-03    0.260047633736269631E+03    0.770196791714252926E+00
    0.643928520961219468E-03    0.260047740461323144E+03    0.769095977954311172E+00
    0.643949142849869517E-03    0.260047676412107194E+03    0.769604585103098038E+00
    0.643997040526501745E-03    0.260047527655343060E+03    0.769672242778217552E+00
    0.643969329735304477E-03    0.260047613715947875E+03    0.769546496110005918E+00
    0.643937056534331386E-03    0.260047713950565310E+03    0.769173876353814845E+00
    0.643954031507601725E-03    0.260047661228798916E+03    0.770096461041680391E+00
    0.643964091950585617E-03    0.260047629983200920E+03    0.768852009653179458E+00
    0.643930527020462776E-03    0.260047734230643641E+03    0.768369411138764224E+00
    0.643964632253648541E-03    0.260047628305148237E+03    0.768835631433212430E+00
    0.643952162595510884E-03    0.260047667033296477E+03    0.769046647610300393E+00
    0.643973232631898495E-03    0.260047601594610455E+03    0.769526597602986029E+00
    0.643925202838281055E-03    0.260047750767223192E+03    0.769905072019704928E+00
    0.643935765807405656E-03    0.260047717959429860E+03    0.769485687322176926E+00
    0.643953876581484976E-03    0.260047661709970328E+03    0.769067603007066225E+00
    0.643963239128418023E-03    0.260047632631866406E+03    0.769433678169372248E+00
    0.643930722790926960E-03    0.260047733622595331E+03    0.768376063262517062E+00
    0.643938693704595218E-03    0.260047708865695085E+03    0.769145270540497528E+00
    0.643933879358725338E-03    0.260047723818559120E+03    0.768394324402876916E+00
    0.643978276578230607E-03    0.260047585929591094E+03    0.768747680311913761E+00
    0.643954097512085505E-03    0.260047661023801425E+03    0.770103752549810117E+00
    0.643941849541743031E-03    0.260047699064049539E+03    0.768904046638050676E+00
    0.643971655801511421E-03    0.260047606491808779E+03    0.770180424278352649E+00
    0.644012164068250102E-03    0.260047480688157748E+03    0.769360536651103932E+00
    0.643978618129684285E-03    0.260047584868836793E+03    0.768730594897196085E+00
    0.643963420885932660E-03    0.260047632067369932E+03    0.769437246820437015E+00
    0.643964818109485988E-03    0.260047627727924578E+03    0.768830862573095519E+00
    0.643947057764384387E-03    0.260047682888049849E+03    0.769582838383709222E+00
    0.125413466882173114E-02    0.260048055365282266E+03    0.767059963190484861E+00
    0.122317370690529573E-02    0.260048049260849609E+03    0.767082139030434540E+00
    0.119297578499058857E-02    0.260048045330315972E+03    0.767077725185754233E+00
    0.116352557335917448E-02    0.260048037654581549E+03    0.766372990561937639E+00
    0.113479807489375332E-02    0.260048037565934749E+03    0.766373496374783802E+00
    0.110678020300706940E-02    0.260048036856828105E+03    0.766852116356941393E+00
    0.107945370698002592E-02    0.260048036848396976E+03    0.766321651128949455E+00
    0.105280192010653991E-02    0.260048036810188137E+03    0.766320268421597950E+00
    0.102681483996156365E-02    0.260048023775898514E+03    0.766391895755077268E+00
    0.100146296482170696E-02    0.260048023229518947E+03    0.766399730135399748E+00
    0.976742652338139297E-03    0.260048011156254745E+03    0.766870760641285898E+00
    0.952626960591370698E-03    0.260048010798790301E+03    0.766871542767244341E+00
    0.929106866179125785E-03    0.260048010047425691E+03    0.766914530611444767E+00
    0.906167314432137811E-03    0.260048009653427641E+03    0.766879306937343186E+00
    0.883794811434504579E-03    0.260048007735079295E+03    0.766938334040518810E+00
    0.861974411137621829E-03    0.260048006409409936E+03    0.766897334655238572E+00
    0.840698771808986805E-03    0.260047990744494825E+03    0.766964269794017772E+00
    0.840645924804370669E-03    0.260047908141070479E+03    0.766675918792657951E+00
    0.840616318262645489E-03    0.260047978579913320E+03    0.766999097805859287E+00
    0.840670803558210165E-03    0.260047848952332458E+03    0.766490086806713600E+00
    0.840684995747618545E-03    0.260047815188653374E+03    0.766444158315210400E+00
    0.840631157534441975E-03    0.260047943274529644E+03    0.767020466400476608E+00
    0.840645087350724526E-03    0.260047910133476648E+03    0.766587931335013906E+00
    0.840682262180235569E-03    0.260047821691854551E+03    0.766763136684030400E+00
    0.840685066600412446E-03    0.260047815020093708E+03    0.766445785365561960E+00
    0.840615897732303712E-03    0.260047979580442188E+03    0.766992708350583863E+00
    0.840614479362511761E-03    0.260047982955041675E+03    0.766983186966105457E+00
    0.840633535868022292E-03    0.260047937616090280E+03    0.767024421560068115E+00
    0.840630295671851999E-03    0.260047945325043770E+03    0.767018279873162068E+00
    0.840611399980257146E-03    0.260047990281558100E+03    0.766962476042367114E+00
    0.840684389437148399E-03    0.260047816631073999E+03    0.766705440907668678E+00
    0.840614510666804035E-03    0.260047982880562131E+03    0.766983394771834526E+00
    0.840682880021749630E-03    0.260047820221997711E+03    0.766756043886287264E+00
    0.840652791176163647E-03    0.260047891805194581E+03    0.766573008143368262E+00
    0.840652416560533681E-03    0.260047892696444137E+03    0.766560939426023547E+00
    0.840676818250857749E-03    0.260047834643113902E+03    0.766430479674359955E+00
    0.840652635466415817E-03    0.260047892175644222E+03    0.766571492988409209E+00
    0.840676079294731642E-03    0.260047836401117536E+03    0.766434496490596362E+00
    0.840664911994686557E-03    0.260047862968720665E+03    0.766497438790723296E+00
    0.840646370379532831E-03    0.260047907080992672E+03    0.766674056533623971E+00
    0.840635118382870731E-03    0.260047933851040966E+03    0.766547767354233245E+00
    0.840682511652269962E-03    0.260047821098355655E+03    0.766758921688960426E+00
    0.840695335494663219E-03    0.260047790590418572E+03    0.766792599552077681E+00
    0.840648595251683494E-03    0.260047901787758121E+03    0.766685137731899724E+00
    0.840648696924438561E-03    0.260047901545866921E+03    0.766663448303205985E+00
    0.840678373384121450E-03    0.260047830943400072E+03    0.766464851215689413E+00
    0.840689160018943992E-03    0.260047805281824935E+03    0.766771435901438148E+00
    0.840682312979736785E-03    0.260047821571001521E+03    0.766762620356627234E+00
    0.840676042314121119E-03    0.260047836489095801E+03    0.766433891744443097E+00
    0.840647904806938280E-03    0.260047903430406507E+03    0.766621481502373969E+00
    0.840687131731191178E-03    0.260047810107128498E+03    0.766722187374336395E+00
    0.840611601803511110E-03    0.260047989801376104E+03    0.766966877724307938E+00
    0.840686961577445050E-03    0.260047810511925377E+03    0.766723157974313785E+00
    0.840670891422031310E-03    0.260047848743299824E+03    0.766485112161503723E+00
    0.840664627898921849E-03    0.260047863644604263E+03    0.766502615645707541E+00
    0.840691588544748057E-03    0.260047799504368982E+03    0.766807320359906064E+00
    0.840686362594771802E-03    0.260047811936909739E+03    0.766725441522398965E+00
    0.125415618750240811E-02    0.260048056201005522E+03    0.772520872819011717E+00
    0.122071771387474389E-02    0.260048050167072461E+03    0.772503573562957846E+00
    0.118816723398846983E-02    0.260048050103913909E+03    0.772504799845117551E+00
    0.115649620765451719E-02    0.260048030163574481E+03    0.772498840844566770E+00
    0.112566255638741480E-02    0.260048022353951865E+03    0.772492988030459959E+00
    0.109565456710626966E-02    0.260048007976820600E+03    0.772619692435733141E+00
    0.106643928969015682E-02    0.260048007183467519E+03    0.772627430344668298E+00
    0.103800262220552116E-02    0.260048007172511348E+03    0.772627567359434830E+00
    0.101034997010318486E-02    0.260047956188583839E+03    0.772609113684724513E+00
    0.983409709811061033E-03    0.260047954586980040E+03    0.773432124918758346E+00
    0.957188052232157169E-03    0.260047952442295639E+03    0.773413381298708180E+00
    0.931664731008608371E-03    0.260047952097580492E+03    0.773414646401718420E+00
    0.906821844425015301E-03    0.260047952066272558E+03    0.773306359064635296E+00
    0.882641719009361145E-03    0.260047951299997123E+03    0.773443723218738222E+00
    0.859108414516602061E-03    0.260047945725661748E+03    0.772587744017566580E+00
    0.859083341146895741E-03    0.260047760616388473E+03    0.772900545303999209E+00
    0.859016349845532416E-03    0.260047916582428741E+03    0.773221223797712853E+00
    0.859011527015881475E-03    0.260047927811186355E+03    0.773266204603748175E+00
    0.859090061649093344E-03    0.260047744970698261E+03    0.772973529644717106E+00
    0.859006223105755490E-03    0.260047940160092821E+03    0.772588874389389724E+00
    0.859018896212692946E-03    0.260047910653872464E+03    0.772676389146089493E+00
    0.859081660950774834E-03    0.260047764527994445E+03    0.772980044696861768E+00
    0.859079510657573416E-03    0.260047769534028191E+03    0.772927059944886419E+00
    0.859023045183900341E-03    0.260047900994105476E+03    0.772721884899288725E+00
    0.859081927363569112E-03    0.260047763907767603E+03    0.772890822964529933E+00
    0.859089947743641108E-03    0.260047745235875254E+03    0.772971789557183153E+00
    0.859068958625147736E-03    0.260047794100083138E+03    0.773022900632227339E+00
    0.859017755792302229E-03    0.260047913309043736E+03    0.772668261886859664E+00
    0.859022891129413942E-03    0.260047901352779206E+03    0.772719627581011537E+00
    0.859048371107794077E-03    0.260047842030493939E+03    0.773124546178506900E+00
    0.859017117073155646E-03    0.260047914796136126E+03    0.773229050766246262E+00
    0.859025402262309314E-03    0.260047895506301188E+03    0.772767871622067726E+00
    0.859045557624062064E-03    0.260047848580738219E+03    0.772995713477194868E+00
    0.859022434603322490E-03    0.260047902415675708E+03    0.772713981430844132E+00
    0.859061068773883012E-03    0.260047812468544521E+03    0.772844815689536002E+00
    0.859019658089546327E-03    0.260047908880042996E+03    0.772686717775900256E+00
    0.859013262450522954E-03    0.260047923770651778E+03    0.772602892141787123E+00
    0.859011653614500758E-03    0.260047927516432196E+03    0.773281807737966842E+00
    0.859056800679022835E-03    0.260047822405219847E+03    0.773178623881429439E+00
    0.859047060165279703E-03    0.260047845082577055E+03    0.773107202264774473E+00
    0.859010059038310160E-03    0.260047931229019014E+03    0.773255142910588611E+00
    0.859048598319760008E-03    0.260047841501508742E+03    0.773147755113962609E+00
    0.859010023497975704E-03    0.260047931311766206E+03    0.773268681302208161E+00
    0.859012929383387667E-03    0.260047924546116406E+03    0.772597843344391966E+00
    0.859056738125950846E-03    0.260047822550851834E+03    0.773178046812011854E+00
    0.859066879985361615E-03    0.260047798939374047E+03    0.773014291674471776E+00
    0.859023860213187890E-03    0.260047899096533797E+03    0.773380609897157068E+00
    0.859019589652696282E-03    0.260047909039380102E+03    0.773354871166082702E+00
    0.859062138614606727E-03    0.260047809977825068E+03    0.772804658901382613E+00
    0.859056882150390356E-03    0.260047822215543533E+03    0.773179374947051135E+00
    0.859081808946817230E-03    0.260047764183449715E+03    0.772871958060965092E+00
    0.859061202591773700E-03    0.260047812157000010E+03    0.772825138623882801E+00
    0.115075585265249228E-02    0.260047493683103653E+03    0.781942332524744543E+00
    0.114559106778449726E-02    0.260047481212955347E+03    0.781929569502792021E+00
    0.114047938987430928E-02    0.260047416261487740E+03    0.782522004226069323E+00
    0.113535890825038001E-02    0.260047406996034283E+03    0.781378329410837291E+00
    0.113025675409983515E-02    0.260047405980500116E+03    0.781381010333100812E+00
    0.112518145993749374E-02    0.260047397976612388E+03    0.782505237044025193E+00
    0.112012653813487080E-02    0.260047394289540932E+03    0.781326189583255060E+00
    0.111509276083899341E-02    0.260047393409278868E+03    0.781413138012253539E+00
    0.111008197098444710E-02    0.260047391869665660E+03    0.781361642154073555E+00
    0.110509296876617103E-02    0.260047391649198175E+03    0.782528769330162688E+00
    0.110012727400539585E-02    0.260047389818805470E+03    0.781353101566964914E+00
    0.109518371933762918E-02    0.260047388304477465E+03    0.781431943288948494E+00
    0.109026216725514511E-02    0.260047387178815939E+03    0.781901720109721698E+00
    0.108536353769185176E-02    0.260047384567976110E+03    0.781889518944769435E+00
    0.108048905962975709E-02    0.260047377993016880E+03    0.781317822548183938E+00
    0.107563469295980088E-02    0.260047374728444083E+03    0.781499981396597709E+00
    0.107080069468219762E-02    0.260047374155427292E+03    0.781496770683903885E+00
    0.106599696394122897E-02    0.260047357553938411E+03    0.782470281151735003E+00
    0.106120672132845495E-02    0.260047356146304139E+03    0.781238183856975521E+00
    0.105643796556615559E-02    0.260047354812384015E+03    0.781548619355107443E+00
    0.105168995162440945E-02    0.260047354786048800E+03    0.781247567329785619E+00
    0.104696371123816096E-02    0.260047353930142663E+03    0.781255921560282007E+00
    0.104225833068964375E-02    0.260047353802736609E+03    0.781834539486152558E+00
    0.103757410639732854E-02    0.260047353658343809E+03    0.780408940803896778E+00
    0.103291119204432778E-02    0.260047353015131534E+03    0.781259416578616084E+00
    0.102827251601071549E-02    0.260047345986580069E+03    0.781562380728421213E+00
    0.102365547025027844E-02    0.260047337397826254E+03    0.780444702799729551E+00
    0.101905656985725552E-02    0.260047333883616034E+03    0.781514554058799216E+00
    0.101448714350413772E-02    0.260047312995223592E+03    0.781863100214218787E+00
    0.100992791963849956E-02    0.260047312477915398E+03    0.784219021168131358E+00
    0.100539038719394845E-02    0.260047309570020332E+03    0.784214909583348163E+00
    0.100087272340539319E-02    0.260047307697513702E+03    0.784207589569450692E+00
    0.996374772198597124E-03    0.260047307003840672E+03    0.784203297581891667E+00
    0.991899546851366569E-03    0.260047301245261963E+03    0.781275795552155317E+00
    0.987441988131996292E-03    0.260047300416350026E+03    0.781277636117184593E+00
    0.983004988173115163E-03    0.260047298515903719E+03    0.781300509590653447E+00
    0.978590994540515366E-03    0.260047290343196323E+03    0.784184194766689102E+00
    0.974196332830935211E-03    0.260047283172876064E+03    0.781766012692503121E+00
    0.969819778337168391E-03    0.260047279360609195E+03    0.784157550310752183E+00
    0.965471569466391983E-03    0.260047257559014611E+03    0.782558487833005301E+00
    0.961134981658481055E-03    0.260047252142626462E+03    0.782002269537869554E+00
    0.956815325501553520E-03    0.260047252049947929E+03    0.782000141241830815E+00
    0.952515068101760366E-03    0.260047251989176061E+03    0.781998710579311140E+00
    0.948234756831168213E-03    0.260047250622203364E+03    0.781982189515168513E+00
    0.943974102750921905E-03    0.260047248359483092E+03    0.780677474175084374E+00
    0.939732170377807004E-03    0.260047246995888941E+03    0.781586516497717376E+00
    0.935510998867664545E-03    0.260047242000245149E+03    0.780699782048636881E+00
    0.931306621795203126E-03    0.260047241657395034E+03    0.780630171696542807E+00
    0.927121781618951354E-03    0.260047239930543128E+03    0.781442146321890019E+00
    0.922955095683081076E-03    0.260047239613079569E+03    0.781432715138799527E+00
    0.918807093852414122E-03    0.260047239386784554E+03    0.781434425341588690E+00
    0.914677887299161904E-03    0.260047238825789691E+03    0.780636830614192201E+00
    0.910569054520920292E-03    0.260047234274478171E+03    0.782554998620862752E+00
    0.906476773761665444E-03    0.260047233926923013E+03    0.782552512369615649E+00
    0.902404626533128101E-03    0.260047229718575807E+03    0.780696946984761109E+00
    0.898350003287319327E-03    0.260047227222793481E+03    0.780729855648082616E+00
    0.894315716668197028E-03    0.260047219988928077E+03    0.782036324558070373E+00
    0.890297679183019684E-03    0.260047216951260452E+03    0.780358793399376749E+00
    0.886296807650751141E-03    0.260047215914133233E+03    0.782078417777902768E+00
    0.882313919026486552E-03    0.260047214868939477E+03    0.780599944010338609E+00
    0.878349760803512044E-03    0.260047211929555090E+03    0.780763129365123487E+00
    0.874402567143007939E-03    0.260047210925317302E+03    0.784115077199144750E+00
    0.870473466625539070E-03    0.260047209105546699E+03    0.780770417062372046E+00
    0.866561585458202601E-03    0.260047208291912852E+03    0.780773462881084290E+00
    0.862667199818554836E-03    0.260047207673827813E+03    0.780775984035780746E+00
    0.858790366305690759E-03    0.260047206938140960E+03    0.780778777912232713E+00
    0.854931066769236913E-03    0.260047205941720563E+03    0.780782604049585882E+00
    0.851088901772141288E-03    0.260047205435692433E+03    0.780666367572469322E+00
    0.847264359421120061E-03    0.260047204090526577E+03    0.780670213120247647E+00
    0.843456479711113304E-03    0.260047203987211219E+03    0.780790153774998941E+00
    0.839665709852197169E-03    0.260047203893400479E+03    0.780670812559850824E+00
    0.835892385220206834E-03    0.260047202822753775E+03    0.780674076936661465E+00
    0.832136859251526948E-03    0.260047199728543660E+03    0.781630884162672790E+00
    0.828397613269072817E-03    0.260047198065939369E+03    0.781645196840428214E+00
    0.824674492474348803E-03    0.260047198045896039E+03    0.781645310589192954E+00
    0.820968233537767403E-03    0.260047197712085790E+03    0.781640283375651168E+00
    0.817280546597891713E-03    0.260047192691269743E+03    0.784368770315331476E+00
    0.813610455447575363E-03    0.260047185135677296E+03    0.781656898401605904E+00
    0.809954027111879898E-03    0.260047184538854481E+03    0.780555974775141825E+00
    0.806315448628120053E-03    0.260047180425836302E+03    0.782022871991584601E+00
    0.802694097057707313E-03    0.260047174117140230E+03    0.780562857483576344E+00
    0.799088166793301491E-03    0.260047169918428551E+03    0.784381213539704469E+00
    0.795499055120467945E-03    0.260047164161633077E+03    0.784307466483453286E+00
    0.791923919254660714E-03    0.260047163821310846E+03    0.784306789402149040E+00
    0.788364777171096849E-03    0.260047163667733059E+03    0.784296371634712441E+00
    0.784821700040833677E-03    0.260047163338043561E+03    0.784294652177421225E+00
    0.781295101944557389E-03    0.260047161585843355E+03    0.784333576131102439E+00
    0.777783991131527535E-03    0.260047160758046971E+03    0.784281761371477870E+00
    0.774288364316375174E-03    0.260047160691729289E+03    0.780794214909252604E+00
    0.770808905193041396E-03    0.260047159439251061E+03    0.780799195396013057E+00
    0.767344854581564467E-03    0.260047158779234223E+03    0.784272488897158393E+00
    0.763898112681270615E-03    0.260047153560728134E+03    0.782448850900472781E+00
    0.760465134494016826E-03    0.260047152861247582E+03    0.782447645122149482E+00
    0.757047691085029322E-03    0.260047151879396210E+03    0.782416116930978456E+00
    0.753648152930490745E-03    0.260047144136674717E+03    0.780149461487450124E+00
    0.750261327793530822E-03    0.260047143198712320E+03    0.780947171592065281E+00
    0.746889715051377956E-03    0.260047142281326614E+03    0.782394518836627362E+00
    0.743533953307522547E-03    0.260047139483063575E+03    0.781722399757935560E+00
    0.740193211919122000E-03    0.260047136838869278E+03    0.784339311785709925E+00
    0.736866835178095819E-03    0.260047135946682488E+03    0.781713588559280526E+00
    0.733557151232513732E-03    0.260047130298786783E+03    0.783950644636140170E+00
    0.730260582019775302E-03    0.260047129446219401E+03    0.782382175145677872E+00
    0.726979284571994868E-03    0.260047127335988534E+03    0.780365367262204956E+00
    0.723712215506405743E-03    0.260047126650496409E+03    0.780914888381222694E+00
    0.720459682374634779E-03    0.260047126371364584E+03    0.780969813033932980E+00
    0.717221680522531430E-03    0.260047126333079405E+03    0.780969954615858275E+00
    0.713998447542592263E-03    0.260047125689355539E+03    0.780972335912482496E+00
    0.710789574303321886E-03    0.260047125399160961E+03    0.780369511379482073E+00
    0.707596516107227057E-03    0.260047121169913112E+03    0.782356016486765116E+00
    0.704416602767310158E-03    0.260047120345525798E+03    0.782353061593669241E+00
    0.701250825947323064E-03    0.260047119960058353E+03    0.782347507928469188E+00
    0.698101656720155920E-03    0.260047112756048477E+03    0.780994290721958917E+00
    0.694964205844106797E-03    0.260047112527643890E+03    0.780995108633889323E+00
    0.691840801911772110E-03    0.260047112454126363E+03    0.780988222109594954E+00
    0.688732783566341211E-03    0.260047108466302063E+03    0.780860845936949377E+00
    0.685638462191709300E-03    0.260047105252816152E+03    0.784241249459163847E+00
    0.682557781260007186E-03    0.260047102805994882E+03    0.781215160809053288E+00
    0.679490881364805182E-03    0.260047100538558368E+03    0.781197326130717018E+00
    0.676437453849534887E-03    0.260047099181642466E+03    0.780882356709667103E+00
    0.673397305451070745E-03    0.260047099137673058E+03    0.780882624515765400E+00
    0.670375269600257772E-03    0.260047087066568679E+03    0.783945136642528961E+00
    0.667097458444630307E-03    0.260047086164229654E+03    0.783942782272125549E+00
    0.663835623160819702E-03    0.260047085415666459E+03    0.783980657720730778E+00
    0.660591314905968358E-03    0.260047079889617635E+03    0.783925760470973731E+00
    0.657362676917556715E-03    0.260047074927548465E+03    0.783968880258568590E+00
    0.654148197114172328E-03    0.260047074923900141E+03    0.784056193211082331E+00
    0.650950374319930703E-03    0.260047072037330395E+03    0.784393557906187922E+00
    0.647767273099999802E-03    0.260047071963734766E+03    0.784394843317092638E+00
    0.648092643225289507E-03    0.260046059616640377E+03    0.783433594295573243E+00
    0.648117074868629229E-03    0.260045984222534003E+03    0.783439888982301769E+00
    0.648034945366565002E-03    0.260046237678921500E+03    0.783142766752309760E+00
    0.648147208758475092E-03    0.260045891235663248E+03    0.782996939652799262E+00
    0.648151281434172755E-03    0.260045878668570936E+03    0.783026199156174330E+00
    0.648207223576967632E-03    0.260045706055385267E+03    0.783080268608383978E+00
    0.648032072086750515E-03    0.260046246546610519E+03    0.783169303087201674E+00
    0.648035235103702929E-03    0.260046236784719497E+03    0.783156206759108575E+00
    0.648207249783762179E-03    0.260045705974525958E+03    0.783080619137828116E+00
    0.648040740794954685E-03    0.260046219792841384E+03    0.783114518874626908E+00
    0.648143663981320885E-03    0.260045902173878517E+03    0.782991226429537890E+00
    0.648207078302724150E-03    0.260045706503619272E+03    0.783095113083578709E+00
    0.648152495256406236E-03    0.260045874923083943E+03    0.783032734732628133E+00
    0.648206718722593180E-03    0.260045707613080253E+03    0.783069363711647592E+00
    0.648147496076151471E-03    0.260045890349081901E+03    0.783007014513585564E+00
    0.648040670827853562E-03    0.260046220008775663E+03    0.783112013819704633E+00
    0.648032283981583249E-03    0.260046245892646596E+03    0.783165443397712768E+00
    0.648206999358043497E-03    0.260045706747197869E+03    0.783075772166330064E+00
    0.648031758260114829E-03    0.260046247515163543E+03    0.783173482329116877E+00
    0.648151414115838648E-03    0.260045878259155245E+03    0.783016105028112586E+00
    0.647831021962475863E-03    0.260046867137247943E+03    0.782644569643606069E+00
    0.648028762749352323E-03    0.260046256760135407E+03    0.782869074047380376E+00
    0.647791961216653031E-03    0.260046987730186913E+03    0.782739189757735820E+00
    0.648028739701108237E-03    0.260046256831268806E+03    0.782866977721453750E+00
    0.647831121042443617E-03    0.260046866831365833E+03    0.782651925052984865E+00
    0.648008588449717061E-03    0.260046319024697823E+03    0.782795427468624627E+00
    0.648027884810401726E-03    0.260046259469705092E+03    0.782852988513799364E+00
    0.647831103479453601E-03    0.260046866885586724E+03    0.782650181540081813E+00
    0.647806536554761353E-03    0.260046942730634555E+03    0.782700060624017646E+00
    0.647807155025125468E-03    0.260046940821206249E+03    0.782694419041009115E+00
    0.647791812646002457E-03    0.260046988188885621E+03    0.782743050148780539E+00
    0.647877401703297949E-03    0.260046723957686879E+03    0.782670021278263572E+00
    0.647828746504528039E-03    0.260046874162110498E+03    0.782610299966937872E+00
    0.647807571305814749E-03    0.260046939536007244E+03    0.782696583874318952E+00
    0.647859676249051418E-03    0.260046778676980011E+03    0.782659241641513237E+00
    0.647858610345725745E-03    0.260046781967520360E+03    0.782661146146766851E+00
    0.647807329632610405E-03    0.260046940282133903E+03    0.782682338905767216E+00
    0.647807271426182338E-03    0.260046940461836812E+03    0.782690710507997212E+00
    0.647828404703777142E-03    0.260046875217330239E+03    0.782619439993649690E+00
    0.648008555319524136E-03    0.260046319126950152E+03    0.782796301198423583E+00
    0.647807341655492119E-03    0.260046940245015207E+03    0.782680651836938912E+00
    0.647831065413666967E-03    0.260046867003104353E+03    0.782653156486553647E+00
    0.648028767370081469E-03    0.260046256745874530E+03    0.782869502924185112E+00
    0.647789865333246316E-03    0.260046994201050779E+03    0.782761708314829607E+00
    0.647807347440090505E-03    0.260046940227156199E+03    0.782679813066502805E+00
    0.648152505786009792E-03    0.260045874890592813E+03    0.783033271823996957E+00
    0.648028734848900734E-03    0.260046256846244091E+03    0.782866541370855207E+00
    0.648008460595252199E-03    0.260046319419305178E+03    0.782798786252955736E+00
    0.647785098655819522E-03    0.260047008917844664E+03    0.782728743467894228E+00
    0.648039861714227962E-03    0.260046222505884771E+03    0.782809035587225810E+00
    0.648049025099175276E-03    0.260046194225772069E+03    0.783193904296617061E+00
    0.648107248653900076E-03    0.260046014545108733E+03    0.783353471485523256E+00
    0.648039157890534841E-03    0.260046224678047679E+03    0.783318515593233178E+00
    0.648103832773180193E-03    0.260046025086233612E+03    0.783360842879958219E+00
    0.648039064328464749E-03    0.260046224966802072E+03    0.783320151777902485E+00
    0.648113673559748090E-03    0.260045994718532143E+03    0.783327404426206519E+00
    0.648088703564918679E-03    0.260046071774384757E+03    0.783379933604083423E+00
    0.648067173525345352E-03    0.260046138217132750E+03    0.783251829364613017E+00
    0.648072704356955870E-03    0.260046121148507041E+03    0.783248398286503167E+00
    0.648088874750814433E-03    0.260046071246105612E+03    0.783377513649005985E+00
    0.648066726219233063E-03    0.260046139597564547E+03    0.783261598713537288E+00
    0.648040811831952909E-03    0.260046219573605185E+03    0.783286450102539944E+00
    0.648060758320664941E-03    0.260046158015192873E+03    0.783265300251662633E+00
    0.648107685695199385E-03    0.260046013196439503E+03    0.783347163876505714E+00
    0.648068410036980081E-03    0.260046134401138033E+03    0.782929574362027370E+00
    0.648087857251862043E-03    0.260046074386106284E+03    0.783387314365999843E+00
    0.648062185706107206E-03    0.260046153610100134E+03    0.782909921682082288E+00
    0.648020186635579623E-03    0.260046283228622656E+03    0.783279072584308622E+00
    0.648119239989140817E-03    0.260045977541281559E+03    0.783468715747372757E+00
    0.648119461926316594E-03    0.260045976856416416E+03    0.783466286018847824E+00
    0.648123702336419615E-03    0.260045963771186052E+03    0.783458452587908361E+00
    0.648123614848682508E-03    0.260045964041158413E+03    0.783459697301592151E+00
    0.647799406937884874E-03    0.260046964742317698E+03    0.782320799729175009E+00
    0.647849085061520473E-03    0.260046811373177945E+03    0.782179751615588614E+00
    0.647867815835795834E-03    0.260046753549515188E+03    0.782224806637955683E+00
    0.647840147626623929E-03    0.260046838964469657E+03    0.782289024317200377E+00
    0.647869282602026551E-03    0.260046749021540393E+03    0.782238940852904574E+00
    0.647848803637858322E-03    0.260046812241972020E+03    0.782184587095054451E+00
    0.647765883787884472E-03    0.260047068243546846E+03    0.782098988261505590E+00
    0.647848367361028121E-03    0.260046813588820157E+03    0.782186270093102376E+00
    0.647848561619624418E-03    0.260046812989116347E+03    0.782172479556859312E+00
    0.647867823622317262E-03    0.260046753525477811E+03    0.782224678757507008E+00
    0.647784136268129149E-03    0.260047011889164651E+03    0.782127182475071514E+00
    0.647769886204562287E-03    0.260047055885982445E+03    0.782169437887509922E+00
    0.647867427011504385E-03    0.260046754749835372E+03    0.782251529245222121E+00
    0.647771706583927871E-03    0.260047050265539610E+03    0.782165721990046636E+00
    0.647766076186540507E-03    0.260047067649509302E+03    0.782095083541208824E+00
    0.647806042116169070E-03    0.260046944257135920E+03    0.782049326285806257E+00
    0.647778861391078479E-03    0.260047028175140895E+03    0.782145408951744892E+00
    0.647799593505923887E-03    0.260046964166312193E+03    0.782157353632173646E+00
    0.647842401014632669E-03    0.260046832007864396E+03    0.782267792609353085E+00
    0.647805974719353837E-03    0.260046944465213073E+03    0.782047434984462164E+00
    0.647954416367626422E-03    0.260046486227255059E+03    0.784864466904547475E+00
    0.647814948818227574E-03    0.260046916759273131E+03    0.784718001544583266E+00
    0.647898305800027928E-03    0.260046659427701911E+03    0.784624363369612943E+00
    0.647810374025745454E-03    0.260046930883086247E+03    0.784704169903910342E+00
    0.647865099055430381E-03    0.260046761936368171E+03    0.785280949548331053E+00
    0.647862824240250080E-03    0.260046768958876953E+03    0.785348108477895490E+00
    0.647795382250530654E-03    0.260046977168077319E+03    0.784652502777272276E+00
    0.647837135994135073E-03    0.260046848261946820E+03    0.784745638564765646E+00
    0.647839427598650270E-03    0.260046841187327800E+03    0.785037871651174890E+00
    0.647865510958528382E-03    0.260046760664798001E+03    0.785293836928905309E+00
    0.647831243918612059E-03    0.260046866452019572E+03    0.784768184344584729E+00
    0.647954208272257361E-03    0.260046486869570003E+03    0.784856631943486094E+00
    0.647830264332495734E-03    0.260046869476223378E+03    0.785070771180178650E+00
    0.647891449090787284E-03    0.260046680593818451E+03    0.784571924393123954E+00
    0.647845749422492462E-03    0.260046821670784880E+03    0.784643169788097783E+00
    0.647802780216947312E-03    0.260046954327765775E+03    0.784514427288173666E+00
    0.647891309312849362E-03    0.260046681025304167E+03    0.784570209424963916E+00
    0.647839072108465346E-03    0.260046842284791978E+03    0.785051592538244969E+00
    0.647837569099003556E-03    0.260046846924867793E+03    0.784974134665402556E+00
    0.647821285173749879E-03    0.260046897197129510E+03    0.784521581742561702E+00
    0.647865622895713381E-03    0.260046760319241173E+03    0.785335860499564720E+00
    0.647793732608264658E-03    0.260046982261180517E+03    0.784448615670479299E+00
    0.647794383743348552E-03    0.260046980250865431E+03    0.784796276938865556E+00
    0.647779428596749040E-03    0.260047026423909244E+03    0.784432385129603782E+00
    0.647889465565739731E-03    0.260046686716844420E+03    0.784938964116644988E+00
    0.647803346310819937E-03    0.260046952580031302E+03    0.784473435895421400E+00
    0.647830379191280436E-03    0.260046869121628106E+03    0.784774850112972433E+00
    0.647793812518058175E-03    0.260046982014466835E+03    0.784802659543402559E+00
    0.647891655101549228E-03    0.260046679957876336E+03    0.784552489990293034E+00
    0.647891449139842662E-03    0.260046680593667020E+03    0.784571956363236178E+00
    0.647938154804088089E-03    0.260046536421426708E+03    0.784894079220946117E+00
    0.647846299189155320E-03    0.260046819973570905E+03    0.785185700308065337E+00
    0.647879822459595514E-03    0.260046716484816955E+03    0.785263644583328646E+00
    0.647840853058289268E-03    0.260046836786675385E+03    0.785231789791919099E+00
    0.647796505794426595E-03    0.260046973699256910E+03    0.785122708910980349E+00
    0.647837557637699103E-03    0.260046846960251059E+03    0.784738211785511841E+00
    0.647865502410657204E-03    0.260046760691185796E+03    0.785291950801220939E+00
    0.647891544596983118E-03    0.260046680298996876E+03    0.784572739649415873E+00
    0.647948597853944706E-03    0.260046504186974630E+03    0.784914563401502785E+00
    0.647803391066260935E-03    0.260046952441855296E+03    0.784471177503608397E+00
    0.647955021138120956E-03    0.260046484360549016E+03    0.784871450672038118E+00
    0.647846192671793874E-03    0.260046820302406218E+03    0.785004069977689234E+00
    0.647840693784055167E-03    0.260046837278383350E+03    0.785063949529110738E+00
    0.647901840179931801E-03    0.260046648517439507E+03    0.784641638134862096E+00
    0.647810766614352910E-03    0.260046929671038697E+03    0.784814798140868630E+00
    0.647855581965889674E-03    0.260046791316433428E+03    0.784411135213565647E+00
    0.647840715026612576E-03    0.260046837212803780E+03    0.784687642435113353E+00
    0.647888386298243720E-03    0.260046690048488017E+03    0.784928862156222151E+00
    0.647892436943268307E-03    0.260046677544382533E+03    0.784555472591775382E+00
    0.647819613863200071E-03    0.260046902356925102E+03    0.784550424187344442E+00
    0.647820802479503327E-03    0.260046898687338114E+03    0.784544137648307771E+00
    0.647810770286825176E-03    0.260046929659700595E+03    0.784815642598851837E+00
    0.647830293922213780E-03    0.260046869384873162E+03    0.785070050235759154E+00
    0.647790195302885060E-03    0.260046993182295864E+03    0.784440477335877739E+00
    0.647788542898128199E-03    0.260046998283968833E+03    0.785084350605728898E+00
    0.647830294682518902E-03    0.260046869382525927E+03    0.785070031695240811E+00
    0.647790025632939540E-03    0.260046993706138210E+03    0.784445187983520809E+00
    0.647830891132755325E-03    0.260046867541148742E+03    0.784770294419695813E+00
    0.647855106109755555E-03    0.260046792785453135E+03    0.784408687916992586E+00
    0.647894008318427531E-03    0.260046672693659900E+03    0.784585170558244727E+00
    0.647875419532663722E-03    0.260046730076664517E+03    0.785209731465191130E+00
    0.647892473170429660E-03    0.260046677432551746E+03    0.784557229066533246E+00
    0.647795190412065402E-03    0.260046977760358459E+03    0.784657886721780717E+00
    0.647803394954181736E-03    0.260046952429851899E+03    0.785145851475674172E+00
    0.647816952880599138E-03    0.260046910572138131E+03    0.784713744291726245E+00
    0.647840946456592574E-03    0.260046836498338223E+03    0.785226706194664947E+00
    0.647810153276219373E-03    0.260046931564611498E+03    0.784729606427139625E+00
    0.647865250604285551E-03    0.260046761468527450E+03    0.785308873480781044E+00
    0.647837555908677555E-03    0.260046846965588884E+03    0.785031256303719283E+00
    0.647792874730270972E-03    0.260046984909796947E+03    0.784458535616815555E+00
    0.647837617413544184E-03    0.260046846775711458E+03    0.785029640732235356E+00
    0.647851065827871435E-03    0.260046805258286781E+03    0.785027784127836026E+00
    0.647765037473696471E-03    0.260047070856573441E+03    0.784067562761719850E+00
    0.647784590335881189E-03    0.260047010487254454E+03    0.783689701155228846E+00
    0.647782660318617994E-03    0.260047016446087582E+03    0.783734745901488505E+00
    0.647765880171413959E-03    0.260047068254712826E+03    0.783775294279829171E+00
    0.647791010102793810E-03    0.260046990666668421E+03    0.783718007264187388E+00
    0.648048243615969763E-03    0.260046196637576259E+03    0.783551959068728543E+00
    0.647778607650008982E-03    0.260047028958559849E+03    0.783761491183899262E+00
    0.647784731933420004E-03    0.260047010050079734E+03    0.783687722433643374E+00
    0.648047863615948405E-03    0.260046197810328863E+03    0.783553597536977287E+00
    0.647772740036580428E-03    0.260047047074749344E+03    0.783886960172694991E+00
    0.648057300784968065E-03    0.260046168685627322E+03    0.783555109266567129E+00
    0.648030859838688708E-03    0.260046250287935209E+03    0.783651905631904122E+00
    0.647764842940954559E-03    0.260047071457201014E+03    0.784063072102749503E+00
    0.648032270744562503E-03    0.260046245933499563E+03    0.783646704779727643E+00
    0.648020637039186504E-03    0.260046281838531854E+03    0.783612823311564344E+00
    0.648036735945675007E-03    0.260046232152748416E+03    0.783555352467777633E+00
    0.647768624590254146E-03    0.260047059781240819E+03    0.784016109149759499E+00
    0.647767524401175201E-03    0.260047063178101894E+03    0.784037776893283689E+00
    0.647773631782787903E-03    0.260047044321482531E+03    0.783774894653427090E+00
    0.647766678625674567E-03    0.260047065789458657E+03    0.784042602044374148E+00
    0.647766773770285182E-03    0.260047065495696700E+03    0.784042097977251329E+00
    0.648020468868322876E-03    0.260046282357561267E+03    0.783614937879269946E+00
    0.647791796363280325E-03    0.260046988239157088E+03    0.783709393667089915E+00
    0.648030752414573423E-03    0.260046250619475359E+03    0.783663090228592929E+00
    0.648021427902588506E-03    0.260046279397674653E+03    0.783630317311899915E+00
    0.647788024359235710E-03    0.260046999884920581E+03    0.783845407501165159E+00
    0.648033511061131030E-03    0.260046242105556303E+03    0.783574240638466479E+00
    0.647767903631377238E-03    0.260047062007218585E+03    0.784020343850191703E+00
    0.648033984352465323E-03    0.260046240644856653E+03    0.783564181187635933E+00
    0.647766247266708117E-03    0.260047067121293480E+03    0.784044955510517450E+00
    0.648063810894598910E-03    0.260046148594573879E+03    0.783530807679688746E+00
    0.648063231807155657E-03    0.260046150381705615E+03    0.783545382009464664E+00
    0.647789836925317963E-03    0.260046994288758015E+03    0.782762351901422626E+00
    0.647877429174950723E-03    0.260046723872881785E+03    0.782665679082318322E+00
    0.647822812454438624E-03    0.260046892482005376E+03    0.784784987774722165E+00
    0.647822795783691160E-03    0.260046892533472374E+03    0.784784333716337601E+00
    0.647839173913914834E-03    0.260046841970499599E+03    0.784699323082299505E+00
    0.647798605875847967E-03    0.260046967215498512E+03    0.783672609941667431E+00
    0.648027903989717522E-03    0.260046259410512221E+03    0.782855319292660834E+00
    0.647778567146490474E-03    0.260047029083613438E+03    0.783761797359038836E+00
    0.115075692921727643E-02    0.260047506044540683E+03    0.777051586914540682E+00
    0.114166176266596660E-02    0.260047503103896815E+03    0.779081677619521074E+00
    0.113263685316348215E-02    0.260047503037707884E+03    0.777056208879328802E+00
    0.112369159596353765E-02    0.260047488181260690E+03    0.779056231585478653E+00
    0.111481248073475557E-02    0.260047481407290888E+03    0.779150424778586648E+00
    0.110600076532920213E-02    0.260047479625369760E+03    0.779168329183192232E+00
    0.109725976952314221E-02    0.260047475893274623E+03    0.779018147297688146E+00
    0.108858633526733636E-02    0.260047474955053076E+03    0.779191405895231282E+00
    0.107998162362171876E-02    0.260047473716256718E+03    0.779043041738962105E+00
    0.107144433579659318E-02    0.260047473582458565E+03    0.779040960256301762E+00
    0.106297462476240734E-02    0.260047473280699478E+03    0.779036105366410658E+00
    0.105457588511940906E-02    0.260047465357337501E+03    0.777095766775034336E+00
    0.104624115621170660E-02    0.260047461924534105E+03    0.777101414180534800E+00
    0.103797201145171053E-02    0.260047459047622624E+03    0.778789217316957494E+00
    0.102976714317560549E-02    0.260047458268479090E+03    0.778791027053664320E+00
    0.102172109762243006E-02    0.260047441509834130E+03    0.779271049366523361E+00
    0.997682516769473953E-03    0.260047439919576277E+03    0.779326180470248375E+00
    0.974208946062089082E-03    0.260047439475793112E+03    0.779278227585570860E+00
    0.951287635762738232E-03    0.260047439090946682E+03    0.779362092857449507E+00
    0.928907003552197573E-03    0.260047435729213305E+03    0.779288778447991271E+00
    0.907052107552589327E-03    0.260047434143745022E+03    0.779296261012414893E+00
    0.885720331046141126E-03    0.260047412399285065E+03    0.779417181110964474E+00
    0.864881069414388044E-03    0.260047411835379535E+03    0.779418850968543908E+00
    0.844534080559271034E-03    0.260047406616034266E+03    0.779394979009851219E+00
    0.824666912393278600E-03    0.260047398626576182E+03    0.779384098895605559E+00
    0.805283389931528101E-03    0.260047350198167294E+03    0.779503138983453914E+00
    0.786336677657361867E-03    0.260047349568264281E+03    0.779446269195432584E+00
    0.767835712472378644E-03    0.260047349019803733E+03    0.779448442961445220E+00
    0.749770387660733022E-03    0.260047347540867690E+03    0.779454403455849709E+00
    0.732131298586580822E-03    0.260047342777930567E+03    0.779436274892084557E+00
    0.714908415324074713E-03    0.260047334577304355E+03    0.779689881600626800E+00
    0.698087880813180652E-03    0.260047334420591142E+03    0.779687390215456855E+00
    0.681663141871690715E-03    0.260047334152239955E+03    0.779660696313583590E+00
    0.665626165931877071E-03    0.260047329921452956E+03    0.779702460697976552E+00
    0.649965232898808056E-03    0.260047329527673583E+03    0.779677330384221268E+00
    0.649958445215789759E-03    0.260047161453174283E+03    0.779786539809407597E+00
    0.649965150811015763E-03    0.260047140819360891E+03    0.779972469989267836E+00
    0.649955308258164674E-03    0.260047171105991993E+03    0.779887122349457451E+00
    0.649939914090498158E-03    0.260047218476479713E+03    0.779633437225798698E+00
    0.649960352749475020E-03    0.260047155583473227E+03    0.779797201841816778E+00
    0.649939978901926192E-03    0.260047218277041509E+03    0.779625010817662112E+00
    0.649964458058276476E-03    0.260047142951023204E+03    0.779965701459805261E+00
    0.649936520109010052E-03    0.260047228920492387E+03    0.779617167864072647E+00
    0.649961016699072687E-03    0.260047153540427814E+03    0.779803928125059609E+00
    0.649943875325139460E-03    0.260047206286975779E+03    0.779944771312440555E+00
    0.649946935121032570E-03    0.260047196871428355E+03    0.780091530112362985E+00
    0.649946456249623898E-03    0.260047198344999686E+03    0.779915238921322307E+00
    0.649984542470980939E-03    0.260047081150405802E+03    0.780081788362468442E+00
    0.649932798015824629E-03    0.260047240374238186E+03    0.779586076929986049E+00
    0.649947248121095179E-03    0.260047195908272840E+03    0.779766754877132429E+00
    0.649934285097343968E-03    0.260047235798134864E+03    0.779744070940757150E+00
    0.649984240966391524E-03    0.260047082078134508E+03    0.780078106090620116E+00
    0.649936346496447033E-03    0.260047229454737135E+03    0.779614901411477601E+00
    0.649945119065386753E-03    0.260047202459755908E+03    0.779842463717429379E+00
    0.649947689365735831E-03    0.260047194550487291E+03    0.779769566886850729E+00
    0.649983905575570288E-03    0.260047083110131553E+03    0.780067526611988415E+00
    0.649953726990577102E-03    0.260047175971771196E+03    0.779825231610690062E+00
    0.649984376894769994E-03    0.260047081659883247E+03    0.780079366381900008E+00
    0.649966383856578661E-03    0.260047137025174720E+03    0.780006787542993796E+00
    0.649950605385041301E-03    0.260047185577418190E+03    0.779565862840903345E+00
    0.649945433969336024E-03    0.260047201490739099E+03    0.779532725476124622E+00
    0.649947958675134289E-03    0.260047193721776466E+03    0.780095925040898419E+00
    0.649960778411858508E-03    0.260047154273663352E+03    0.779801052270147732E+00
    0.649956459632307078E-03    0.260047167563061862E+03    0.780112478762150396E+00
    0.649947137609831194E-03    0.260047196248335126E+03    0.779859550889109965E+00
    0.649966312486450755E-03    0.260047137244786484E+03    0.780004945357018142E+00
    0.649965409839114755E-03    0.260047140022308781E+03    0.779975045978779757E+00
    0.649967265430970056E-03    0.260047134312499679E+03    0.780016958039669195E+00
    0.649950572925576823E-03    0.260047185677301059E+03    0.779565022315609091E+00
    0.649938107041768214E-03    0.260047224037151409E+03    0.779595703462365064E+00
    0.649976874856620008E-03    0.260047104743765601E+03    0.780038402774187900E+00
    0.649973196723017304E-03    0.260047116061534439E+03    0.780022710348763360E+00
    0.649949034050026613E-03    0.260047190412668442E+03    0.779935543724095237E+00
    0.649983865840460446E-03    0.260047083232396460E+03    0.780074615100475155E+00
    0.649944422253711227E-03    0.260047204603974023E+03    0.779835852567913324E+00
    0.649937913813827513E-03    0.260047224631755626E+03    0.779607362786776337E+00
    0.649944394199404303E-03    0.260047204690302351E+03    0.779950340757426641E+00
    0.102166510841639538E-02    0.260047409390655616E+03    0.777115043920955761E+00
    0.100957458144533834E-02    0.260047409306613417E+03    0.777932390907813298E+00
    0.997629232317605134E-03    0.260047405018869313E+03    0.777109846735024257E+00
    0.985836798047469388E-03    0.260047377244858353E+03    0.778004983614657086E+00
    0.974175054070098201E-03    0.260047367335481340E+03    0.777990291064534989E+00
    0.962646788042066117E-03    0.260047366717420459E+03    0.778675636642730651E+00
    0.951258989136380298E-03    0.260047357598899964E+03    0.777969968349301544E+00
    0.940016067913023519E-03    0.260047326855697747E+03    0.777169956254854855E+00
    0.928893888802826122E-03    0.260047322246352110E+03    0.777177939627435532E+00
    0.917901703316619617E-03    0.260047321129583224E+03    0.777179917147445609E+00
    0.907043160228677720E-03    0.260047312152190841E+03    0.777849446735364269E+00
    0.896309526057548081E-03    0.260047311084726630E+03    0.777845820411212308E+00
    0.885702973130439008E-03    0.260047309874686562E+03    0.777201487919773615E+00
    0.875225097051179793E-03    0.260047301436032853E+03    0.778640331362785987E+00
    0.864868630029198382E-03    0.260047298881117115E+03    0.778654599167132200E+00
    0.854639323820308378E-03    0.260047285529604949E+03    0.777596025365130950E+00
    0.844528137484220395E-03    0.260047278970285333E+03    0.777606396014793200E+00
    0.834533880275843578E-03    0.260047278871348453E+03    0.777605954368539631E+00
    0.824659873173416757E-03    0.260047273978308510E+03    0.778663129478133320E+00
    0.814902349846681625E-03    0.260047269927421780E+03    0.777614581956141859E+00
    0.805258804800885217E-03    0.260047269538665546E+03    0.777618723395826494E+00
    0.795729466937220562E-03    0.260047268934808926E+03    0.777643951988644888E+00
    0.786313494964470091E-03    0.260047266812908674E+03    0.777630506272897426E+00
    0.777008337496764082E-03    0.260047266250671953E+03    0.777205613113414406E+00
    0.767813955635365006E-03    0.260047263971150528E+03    0.777689805122026678E+00
    0.758730876013268322E-03    0.260047255089489795E+03    0.777553740324625542E+00
    0.749752058398185715E-03    0.260047254714458859E+03    0.777551881935286793E+00
    0.740879363583641878E-03    0.260047254697070059E+03    0.777685560924142649E+00
    0.732111776105132659E-03    0.260047254389180466E+03    0.777550301253987719E+00
    0.723448845301736610E-03    0.260047251591008717E+03    0.777536760759423240E+00
    0.714915516720637410E-03    0.260047125749907934E+03    0.778551620010459300E+00
    0.714922664105063256E-03    0.260047105754961592E+03    0.778283580306435629E+00
    0.714922763370759939E-03    0.260047105477265291E+03    0.778285124006137585E+00
    0.714917796615750388E-03    0.260047119371835493E+03    0.778315399702363853E+00
    0.714915575190353350E-03    0.260047125586336961E+03    0.778327620277741272E+00
    0.714972076976116587E-03    0.260046967526965773E+03    0.778530009356421138E+00
    0.714917392644399984E-03    0.260047120501955533E+03    0.778599421037103889E+00
    0.714955272031427740E-03    0.260047014536192364E+03    0.778536756191879009E+00
    0.714948935547886095E-03    0.260047032261809250E+03    0.778483109201865919E+00
    0.714951500667773644E-03    0.260047025086149119E+03    0.778121153867969872E+00
    0.714957440198994232E-03    0.260047008471017762E+03    0.778378796434799458E+00
    0.714955964107486961E-03    0.260047012600195103E+03    0.778545481748922352E+00
    0.714918482793869378E-03    0.260047117452236364E+03    0.778560426634572700E+00
    0.714912829911420133E-03    0.260047133266360447E+03    0.778626200573206306E+00
    0.714947978504317460E-03    0.260047034939047194E+03    0.778458197633746130E+00
    0.714954977152398342E-03    0.260047015361080582E+03    0.778533137860255020E+00
    0.714918996210083760E-03    0.260047116015943857E+03    0.778587375155553651E+00
    0.714936872137033274E-03    0.260047066008310651E+03    0.778434393601655117E+00
    0.714926932015301042E-03    0.260047093815495373E+03    0.778207416081346359E+00
    0.714921766682007358E-03    0.260047108265508996E+03    0.778257532657544049E+00
    0.714946252029210159E-03    0.260047039768705417E+03    0.778371901166677982E+00
    0.714936263344443258E-03    0.260047067711378077E+03    0.778039171082465453E+00
    0.714913521464752310E-03    0.260047131331710602E+03    0.778630535948774627E+00
    0.714923602677921253E-03    0.260047103129300694E+03    0.778288450039593127E+00
    0.714918528767759546E-03    0.260047117323623411E+03    0.778582281631610917E+00
    0.714955997714025087E-03    0.260047012506185013E+03    0.778108411494690122E+00
    0.714917233504237457E-03    0.260047120947154326E+03    0.778597218669900393E+00
    0.714959241159073542E-03    0.260047003433073655E+03    0.778400627492719543E+00
    0.714951788914659748E-03    0.260047024279809591E+03    0.778125216525077712E+00
    0.714923974366493101E-03    0.260047102089501550E+03    0.778087129463771898E+00
    0.714917190666511360E-03    0.260047121066994009E+03    0.778596626249839607E+00
    0.714948591433196877E-03    0.260047033224436802E+03    0.778479779636410574E+00
    0.714917472002728053E-03    0.260047120279948558E+03    0.778600521415297453E+00
    0.714950272930737693E-03    0.260047028520614504E+03    0.778512562582721168E+00
    0.714911827491842449E-03    0.260047136070675151E+03    0.778345374797650980E+00
    0.714915585544409395E-03    0.260047125557371146E+03    0.778327751326731265E+00
    0.714920033432200550E-03    0.260047113114296621E+03    0.778237374484860300E+00
    0.714926868096383466E-03    0.260047093994307829E+03    0.778206405445639349E+00
    0.714957087394318459E-03    0.260047009457942977E+03    0.778376257859413667E+00
    0.714924123681304484E-03    0.260047101671793371E+03    0.778218150624574112E+00
    0.714947405092766796E-03    0.260047036543112938E+03    0.778451685287277262E+00
    0.714918130314099614E-03    0.260047118438306427E+03    0.778576991172190147E+00
    0.714948642912874711E-03    0.260047033080427354E+03    0.778480277856608671E+00
    0.714915532260315244E-03    0.260047125706435168E+03    0.778327077113926236E+00
    0.714959324355768518E-03    0.260047003200342374E+03    0.778401213891362631E+00
    0.714926174322354138E-03    0.260047095935133939E+03    0.778195851765787094E+00
    0.714879328233489187E-03    0.260047226990969989E+03    0.777724684514405462E+00
    0.714899875173353127E-03    0.260047169508136790E+03    0.777485795843733563E+00
    0.714880161314535934E-03    0.260047224660281358E+03    0.777690890964050752E+00
    0.714882194691228651E-03    0.260047218971569009E+03    0.777268126193225495E+00
    0.714879685823758323E-03    0.260047225990548895E+03    0.777799701240825758E+00
    0.714883991800198751E-03    0.260047213943868712E+03    0.777774105740663413E+00
    0.714886541482835538E-03    0.260047206810744683E+03    0.777307587587752313E+00
    0.714876508927793928E-03    0.260047234878486506E+03    0.777671827642878899E+00
    0.714908110693088152E-03    0.260047146468624305E+03    0.777417508825925307E+00
    0.714903623751857046E-03    0.260047159021161463E+03    0.777436680617120679E+00
    0.714879152538006935E-03    0.260047227482508902E+03    0.777726306997598260E+00
    0.714908771655973488E-03    0.260047144619540290E+03    0.777413951009156556E+00
    0.714890466371143562E-03    0.260047195830323858E+03    0.777311300687923090E+00
    0.714886818604007468E-03    0.260047206035457691E+03    0.777819257815156817E+00
    0.714897692244773476E-03    0.260047175615095227E+03    0.777372502900516182E+00
    0.714883305952175412E-03    0.260047215862636961E+03    0.777778347489474720E+00
    0.714880910338706855E-03    0.260047222564758727E+03    0.777793036614227717E+00
    0.714897451685076965E-03    0.260047176288085893E+03    0.777385240706636949E+00
    0.714881006611006449E-03    0.260047222295420738E+03    0.777274632111052299E+00
    0.714902595242761230E-03    0.260047161898499894E+03    0.777324561433735850E+00
    0.714899550217077155E-03    0.260047170417232905E+03    0.777483348988362688E+00
    0.714886121972247487E-03    0.260047207984387455E+03    0.777761935404033711E+00
    0.714875340175904063E-03    0.260047238148289978E+03    0.777491418016316826E+00
    0.714879902177247267E-03    0.260047225385262550E+03    0.777692672156014564E+00
    0.714875317085719784E-03    0.260047238212889170E+03    0.777495984033408694E+00
    0.714897801341782681E-03    0.260047175309885120E+03    0.777323147223556998E+00
    0.714877047227118964E-03    0.260047233372494588E+03    0.777649704130691233E+00
    0.714903692979437636E-03    0.260047158827491785E+03    0.777424639855003097E+00
    0.714875696317232622E-03    0.260047237151916988E+03    0.777529731366144006E+00
    0.714905378624214392E-03    0.260047154111771874E+03    0.777349954713194347E+00
    0.714876528742041826E-03    0.260047234823052463E+03    0.777671641925756219E+00
    0.714875320563405914E-03    0.260047238203159679E+03    0.777489407182355707E+00
    0.714879238633937342E-03    0.260047227241640428E+03    0.777804039726044283E+00
    0.714880481160767574E-03    0.260047223765456806E+03    0.777796449289098635E+00
    0.714889479102805516E-03    0.260047198592338646E+03    0.777746633147407662E+00
    0.714897315649593848E-03    0.260047176668659347E+03    0.777357222003892123E+00
    0.714905003251958110E-03    0.260047155161903447E+03    0.777453059120578716E+00
    0.714875263957377455E-03    0.260047238361525842E+03    0.777488979834470850E+00
    0.670374916733604124E-03    0.260047080109579156E+03    0.780813272669551917E+00
    0.670368569987937887E-03    0.260047099044582694E+03    0.780883825991879110E+00
    0.670368587600645729E-03    0.260047098992036354E+03    0.780883511999705959E+00
    0.670416248127501686E-03    0.260046956805085529E+03    0.781105288190103830E+00
    0.670383359349682479E-03    0.260047054921993208E+03    0.781077659640183941E+00
    0.670381375950336459E-03    0.260047060839211326E+03    0.781061055734069809E+00
    0.670381572156328342E-03    0.260047060253855079E+03    0.781063173214168294E+00
    0.670382842788268718E-03    0.260047056463086392E+03    0.781072288617941646E+00
    0.670380413518820249E-03    0.260047063710508894E+03    0.781051406660763226E+00
    0.670380396707643124E-03    0.260047063760663036E+03    0.781041835329575607E+00
    0.670383902725994632E-03    0.260047053300902576E+03    0.781170023976304528E+00
    0.670379795258904763E-03    0.260047065555014456E+03    0.781193934938150925E+00
    0.670373968895670224E-03    0.260047082937365758E+03    0.780075501972967378E+00
    0.670373881521477383E-03    0.260047083198038763E+03    0.780379229151792475E+00
    0.670375829855382618E-03    0.260047077385368766E+03    0.780393593358066018E+00
    0.670377494576193471E-03    0.260047072418845005E+03    0.781698016831073650E+00
    0.670391836782768293E-03    0.260047029630853842E+03    0.781679432325573464E+00
    0.670391943506050739E-03    0.260047029312463110E+03    0.781681510375592303E+00
