    0.768165160833928939E+00   -0.130026826984858246E+03   -0.623832398925672837E+01    1
    0.768175247404318973E+00   -0.130026824693188360E+03   -0.624027711425674614E+01    1
    0.768037416258220529E+00   -0.130026820712800770E+03   -0.624223023925675147E+01    1
    0.768030019744411763E+00   -0.130026820119276408E+03   -0.624418336425673370E+01    1
    0.768042721013261542E+00   -0.130026818347551369E+03   -0.624613648925673814E+01    1
    0.768226693023751239E+00   -0.130026718988981685E+03   -0.624808961425675236E+01    1
    0.768230964459095333E+00   -0.130026717400686834E+03   -0.625004273925673637E+01    1
    0.770649971578639570E+00   -0.130026707574069121E+03   -0.625199586425673903E+01    1
    0.772330934957232818E+00   -0.130026682715682568E+03   -0.625394898925674969E+01    1
    0.772333470872201833E+00   -0.130026682636371049E+03   -0.625590211425673193E+01    1
    0.772322748324937525E+00   -0.130026676979380625E+03   -0.625785523925673726E+01    1
    0.770591181967725802E+00   -0.130026657199200969E+03   -0.625980836425676213E+01    1
    0.772301927789386000E+00   -0.130026656572389754E+03   -0.626176148925674791E+01    1
    0.772305345166019119E+00   -0.130026656562155551E+03   -0.626371461425672393E+01    1
    0.768285685873235313E+00   -0.130026652780441395E+03   -0.626566773925672837E+01    1
    0.768315185152451674E+00   -0.130026644818375416E+03   -0.626762086425674170E+01    1
    0.770609613879182254E+00   -0.130026636470287258E+03   -0.626957398925675236E+01    1
    0.770909219501816123E+00   -0.130026618350141860E+03   -0.627152711425675413E+01    1
    0.770905863781827905E+00   -0.130026618316673051E+03   -0.627348023925674880E+01    1
    0.770930253552045475E+00   -0.130026612888816942E+03   -0.627543336425674436E+01    1
    0.772065329548893065E+00   -0.130026611217937244E+03   -0.627738648925673104E+01    1
    0.770954818016090226E+00   -0.130026608072455616E+03   -0.627933961425673814E+01    1
    0.771942526639094462E+00   -0.130026603773118609E+03   -0.628129273925674703E+01    1
    0.771996644046472502E+00   -0.130026593756473716E+03   -0.628324586425675147E+01    1
    0.770964627131578206E+00   -0.130026587287412042E+03   -0.628519898925675946E+01    1
    0.772073692016805313E+00   -0.130026585559816226E+03   -0.628715211425673370E+01    1
    0.772077705407672510E+00   -0.130026584981118447E+03   -0.628910523925671416E+01    1
    0.770753600413663476E+00   -0.130026582606745933E+03   -0.629105836425672926E+01    1
    0.772091859033046668E+00   -0.130026580431975731E+03   -0.629301148925673637E+01    1
    0.771933409448177121E+00   -0.130026577459284795E+03   -0.629496461425674347E+01    1
    0.772087684649828909E+00   -0.130026577116502210E+03   -0.629691773925675058E+01    1
    0.772140734483818258E+00   -0.130026575778209207E+03   -0.629887086425675502E+01    1
    0.771812235872309516E+00   -0.130026571946852528E+03   -0.630082398925674525E+01    1
    0.771812689162828525E+00   -0.130026571911909116E+03   -0.630277711425674170E+01    1
    0.771868867500651867E+00   -0.130026570576160111E+03   -0.630473023925673193E+01    1
    0.770576073806145345E+00   -0.130026566762556229E+03   -0.630668336425673548E+01    1
    0.771005417569339602E+00   -0.130026557827483344E+03   -0.630863648925674436E+01    1
    0.770973763732920814E+00   -0.130026557798531258E+03   -0.631058961425672482E+01    1
    0.772250557528075254E+00   -0.130026555398663618E+03   -0.631254273925674436E+01    1
    0.772265709077665008E+00   -0.130026555027869392E+03   -0.631449586425675502E+01    1
    0.772278448025575548E+00   -0.130026554579351853E+03   -0.631644898925675147E+01    1
    0.770698004388597591E+00   -0.130026527561526876E+03   -0.631840211425674347E+01    1
    0.772189044748678222E+00   -0.130026522953534908E+03   -0.632035523925672393E+01    1
    0.772187183631434015E+00   -0.130026522930076140E+03   -0.632230836425673726E+01    1
    0.770680787341403550E+00   -0.130026519865719337E+03   -0.632426148925675413E+01    1
    0.771642935859726986E+00   -0.130026511627586814E+03   -0.632621461425673992E+01    1
    0.771686991816088685E+00   -0.130026490125943042E+03   -0.632816773925674614E+01    1
    0.771688871201968496E+00   -0.130026489997897443E+03   -0.633012086425676035E+01    1
    0.771700867986560790E+00   -0.130026489381750594E+03   -0.633207398925673903E+01    1
    0.768573360935080774E+00   -0.130026481021520880E+03   -0.633402711425673548E+01    1
    0.771764197353402959E+00   -0.130026477090968257E+03   -0.633598023925674703E+01    1
    0.771529177066303751E+00   -0.130026469043164354E+03   -0.633793336425674525E+01    1
    0.771100038825259126E+00   -0.130026460019553070E+03   -0.633988648925674791E+01    1
    0.768700283422190545E+00   -0.130026459819027082E+03   -0.634183961425675413E+01    1
    0.768601917095988019E+00   -0.130026454394406272E+03   -0.634379273925674880E+01    1
    0.771422042936838248E+00   -0.130026450840438031E+03   -0.634574586425673814E+01    1
    0.771412567223948575E+00   -0.130026450764390120E+03   -0.634769898925675147E+01    1
    0.771511320616866336E+00   -0.130026449214200852E+03   -0.634965211425675058E+01    1
    0.768640238984373947E+00   -0.130026448868950183E+03   -0.635160523925672660E+01    1
    0.771477225634025321E+00   -0.130026448664929660E+03   -0.635355836425673726E+01    1
    0.768648804690856391E+00   -0.130026447911784658E+03   -0.635551148925674969E+01    1
    0.771333997247918512E+00   -0.130026430950421741E+03   -0.635746461425673903E+01    1
    0.771383344257844605E+00   -0.130026412558138446E+03   -0.635941773925672660E+01    1
    0.768546914801576775E+00   -0.130026410039374156E+03   -0.636137086425671328E+01    1
    0.768468565190962627E+00   -0.130026409047662526E+03   -0.636332398925672482E+01    1
    0.770256674116918560E+00   -0.130026408290980697E+03   -0.636527711425674259E+01    1
    0.768437969793614783E+00   -0.130026401958271009E+03   -0.636723023925674347E+01    1
    0.768714558077275067E+00   -0.130026395696236449E+03   -0.636918336425673548E+01    1
    0.771200283395551689E+00   -0.130026391734321464E+03   -0.637113648925672749E+01    1
    0.771325110698524607E+00   -0.130026389117722431E+03   -0.637308961425673814E+01    1
    0.771327596374745905E+00   -0.130026389075600576E+03   -0.637504273925672926E+01    1
    0.768381455769613697E+00   -0.130026386530700790E+03   -0.637699586425670972E+01    1
    0.771127176883333765E+00   -0.130026383167299770E+03   -0.637894898925670795E+01    1
    0.771309030873892132E+00   -0.130026382523303624E+03   -0.638090211425670972E+01    1
    0.768538821796038607E+00   -0.130026380397493426E+03   -0.638285523925672837E+01    1
    0.768398220668078280E+00   -0.130026379175708172E+03   -0.638480836425674347E+01    1
    0.770398026542514769E+00   -0.130026335416473842E+03   -0.638676148925673726E+01    1
    0.770423780751448239E+00   -0.130026328427572111E+03   -0.638871461425673193E+01    1
    0.769092725683411027E+00   -0.130026323632317656E+03   -0.639066773925673104E+01    1
    0.769095343807239873E+00   -0.130026322650266138E+03   -0.639262086425671949E+01    1
    0.773529942044105301E+00   -0.130026322433824134E+03   -0.639457398925673992E+01    1
    0.773532080616251672E+00   -0.130026319174866302E+03   -0.639652711425672660E+01    1
    0.769771413485746958E+00   -0.130026317661444807E+03   -0.639848023925674347E+01    1
    0.769771436321541436E+00   -0.130026317656218112E+03   -0.640043336425672749E+01    1
    0.769778494865592910E+00   -0.130026317116568947E+03   -0.640238648925672038E+01    1
    0.770555473636009847E+00   -0.130026317064450495E+03   -0.640433961425670972E+01    1
    0.769791398231223223E+00   -0.130026314655541569E+03   -0.640629273925670351E+01    1
    0.768839150171565455E+00   -0.130026308876294564E+03   -0.640824586425673015E+01    1
    0.770336973904375055E+00   -0.130026308235478325E+03   -0.641019898925674703E+01    1
    0.770337375814356684E+00   -0.130026308182179548E+03   -0.641215211425674259E+01    1
    0.768784239220331789E+00   -0.130026306766825428E+03   -0.641410523925674525E+01    1
    0.770288759549851654E+00   -0.130026301757612771E+03   -0.641605836425672749E+01    1
    0.770306291731008397E+00   -0.130026301575802904E+03   -0.641801148925670883E+01    1
    0.769865755003185104E+00   -0.130026301468857355E+03   -0.641996461425673282E+01    1
    0.770291579770461032E+00   -0.130026301368925857E+03   -0.642191773925673193E+01    1
    0.769039809438818889E+00   -0.130026301161551231E+03   -0.642387086425670528E+01    1
    0.770315468294991312E+00   -0.130026298284162181E+03   -0.642582398925672749E+01    1
    0.768777455847602931E+00   -0.130026294401191961E+03   -0.642777711425674170E+01    1
    0.769150704623623449E+00   -0.130026292056381976E+03   -0.642973023925674614E+01    1
    0.769154051209293921E+00   -0.130026291086977892E+03   -0.643168336425675680E+01    1
    0.769495205418063599E+00   -0.130026284740244080E+03   -0.643363648925675058E+01    1
    0.769521667536623655E+00   -0.130026283009377636E+03   -0.643558961425673814E+01    1
    0.768816470802349050E+00   -0.130026280147610350E+03   -0.643754273925673548E+01    1
    0.768808681512876513E+00   -0.130026279338173993E+03   -0.643949586425673548E+01    1
    0.768795783856194848E+00   -0.130026278040435500E+03   -0.644144898925671505E+01    1
    0.770045835794307743E+00   -0.130026269253143795E+03   -0.644340211425670972E+01    1
    0.770058863615017519E+00   -0.130026269110006922E+03   -0.644535523925671594E+01    1
    0.770055125395472939E+00   -0.130026267589751455E+03   -0.644730836425673370E+01    1
    0.770039421219658515E+00   -0.130026265482372168E+03   -0.644926148925673370E+01    1
    0.769594343594117047E+00   -0.130026263744787798E+03   -0.645121461425670617E+01    1
    0.769431428469651069E+00   -0.130026259933879402E+03   -0.645316773925673193E+01    1
    0.769613966392251991E+00   -0.130026258097090334E+03   -0.645512086425674347E+01    1
    0.769990472694344730E+00   -0.130026256026476830E+03   -0.645707398925671061E+01    1
    0.769999221087182550E+00   -0.130026250342911055E+03   -0.645902711425671594E+01    1
    0.773734797388581308E+00   -0.130026249101029748E+03   -0.646098023925671594E+01    1
    0.769974767376740643E+00   -0.130026248945285374E+03   -0.646293336425672216E+01    1
    0.769662477612102713E+00   -0.130026248517415695E+03   -0.646488648925673992E+01    1
    0.769913365350946455E+00   -0.130026242023073195E+03   -0.646683961425673903E+01    1
    0.769915404587387053E+00   -0.130026241992008437E+03   -0.646879273925673193E+01    1
    0.773751330503732682E+00   -0.130026240979561379E+03   -0.647074586425670972E+01    1
    0.773571496339189646E+00   -0.130026240946966738E+03   -0.647269898925672216E+01    1
    0.769188245527840597E+00   -0.130026238970511145E+03   -0.647465211425673903E+01    1
    0.773760022948874138E+00   -0.130026238051115143E+03   -0.647660523925673193E+01    1
    0.769540026373538022E+00   -0.130026236728140759E+03   -0.647855836425671772E+01    1
    0.773765830091392104E+00   -0.130026235444488691E+03   -0.648051148925672837E+01    1
    0.773560666463691704E+00   -0.130026226746573315E+03   -0.648246461425674791E+01    1
    0.773590040146038715E+00   -0.130026221770275015E+03   -0.648441773925675502E+01    1
    0.773596472989323547E+00   -0.130026219363233992E+03   -0.648637086425673282E+01    1
    0.773859650952717693E+00   -0.130026214092427580E+03   -0.648832398925671061E+01    1
    0.773863889276159789E+00   -0.130026212899571249E+03   -0.649027711425673726E+01    1
    0.773550617572362431E+00   -0.130026212348432580E+03   -0.649223023925674436E+01    1
    0.773553283651359558E+00   -0.130026211194903624E+03   -0.649418336425673370E+01    1
    0.773875111927321613E+00   -0.130026208537481153E+03   -0.649613648925671416E+01    1
    0.774613225317445697E+00   -0.130026204624362606E+03   -0.649808961425671150E+01    1
    0.774627853927343568E+00   -0.130026202968592656E+03   -0.650004273925673726E+01    1
    0.774644331094798688E+00   -0.130026201866144390E+03   -0.650199586425672393E+01    1
    0.773894662792704136E+00   -0.130026199375507133E+03   -0.650394898925671949E+01    1
    0.773894831777582781E+00   -0.130026199311906225E+03   -0.650590211425674703E+01    1
    0.774714845744351344E+00   -0.130026192225753846E+03   -0.650785523925673903E+01    1
    0.774728958265295531E+00   -0.130026190639105920E+03   -0.650980836425673282E+01    1
    0.769359156605718630E+00   -0.130026187432937604E+03   -0.651176148925672837E+01    1
    0.769365573463947294E+00   -0.130026186832365852E+03   -0.651371461425673637E+01    1
    0.772376636232581681E+00   -0.130026186174110649E+03   -0.651566773925674969E+01    1
    0.772369460084188941E+00   -0.130026184441974067E+03   -0.651762086425675236E+01    1
    0.769391545754717354E+00   -0.130026181162392788E+03   -0.651957398925676301E+01    1
    0.769381760616813404E+00   -0.130026180907447724E+03   -0.652152711425673548E+01    1
    0.774760793646279922E+00   -0.130026180506854075E+03   -0.652348023925671860E+01    1
    0.773843582545982400E+00   -0.130026180157817635E+03   -0.652543336425674703E+01    1
    0.774734998332916480E+00   -0.130026179329422291E+03   -0.652738648925670706E+01    1
    0.769691038340168943E+00   -0.130026178101520202E+03   -0.652933961425671860E+01    1
    0.774753670020214225E+00   -0.130026177505897465E+03   -0.653129273925672926E+01    1
    0.774744382702628465E+00   -0.130026177222424280E+03   -0.653324586425675324E+01    1
    0.769699549240744796E+00   -0.130026176309701611E+03   -0.653519898925672749E+01    1
    0.773942894274073367E+00   -0.130026174985720957E+03   -0.653715211425671061E+01    1
    0.773947446589688615E+00   -0.130026173197925715E+03   -0.653910523925674436E+01    1
    0.775238810763465125E+00   -0.130026169045247002E+03   -0.654105836425674436E+01    1
    0.770112040187665881E+00   -0.130026165398171088E+03   -0.654301148925673992E+01    1
    0.773983676719306790E+00   -0.130026165244135939E+03   -0.654496461425673548E+01    1
    0.773983923345886393E+00   -0.130026165148217387E+03   -0.654691773925671328E+01    1
    0.769719108098655291E+00   -0.130026164788309302E+03   -0.654887086425672837E+01    1
    0.769720164254146688E+00   -0.130026164590205383E+03   -0.655082398925671860E+01    1
    0.773987083819832500E+00   -0.130026163918101503E+03   -0.655277711425671416E+01    1
    0.773976216265273687E+00   -0.130026162520983945E+03   -0.655473023925672837E+01    1
    0.772396987492558140E+00   -0.130026160217161532E+03   -0.655668336425673015E+01    1
    0.772400275846952922E+00   -0.130026160007908686E+03   -0.655863648925673193E+01    1
    0.775266818865306684E+00   -0.130026159622418788E+03   -0.656058961425672305E+01    1
    0.772401897188355946E+00   -0.130026159586438041E+03   -0.656254273925671860E+01    1
    0.774137772659972523E+00   -0.130026159157736714E+03   -0.656449586425673193E+01    1
    0.769338727704041214E+00   -0.130026158710591233E+03   -0.656644898925674703E+01    1
    0.774097625049823601E+00   -0.130026151237981736E+03   -0.656840211425672749E+01    1
    0.770218015400565115E+00   -0.130026150242817664E+03   -0.657035523925670528E+01    1
    0.772405038251876785E+00   -0.130026150046316786E+03   -0.657230836425671772E+01    1
    0.774166482962492020E+00   -0.130026143800707018E+03   -0.657426148925673459E+01    1
    0.770171504596304457E+00   -0.130026139494377873E+03   -0.657621461425671150E+01    1
    0.770175120644349009E+00   -0.130026139200864918E+03   -0.657816773925671949E+01    1
    0.775176700828044352E+00   -0.130026137202612176E+03   -0.658012086425671949E+01    1
    0.772414076659303395E+00   -0.130026134429970284E+03   -0.658207398925672837E+01    1
    0.772416805536735196E+00   -0.130026133696970987E+03   -0.658402711425675680E+01    1
    0.774058006088315320E+00   -0.130026132240979109E+03   -0.658598023925673637E+01    1
    0.772477814786865502E+00   -0.130026131519117030E+03   -0.658793336425673370E+01    1
    0.772449034835173021E+00   -0.130026126699916830E+03   -0.658988648925672127E+01    1
    0.772451657526160851E+00   -0.130026126093999380E+03   -0.659183961425670972E+01    1
    0.772473577605213180E+00   -0.130026123169567427E+03   -0.659379273925671683E+01    1
    0.772532796529061816E+00   -0.130026121414589340E+03   -0.659574586425670439E+01    1
    0.774052681922849151E+00   -0.130026116573207446E+03   -0.659769898925670706E+01    1
    0.774042754061230243E+00   -0.130026116375914768E+03   -0.659965211425672305E+01    1
    0.774389508748578481E+00   -0.130026112812466579E+03   -0.660160523925673015E+01    1
    0.774822671798387486E+00   -0.130026112499553506E+03   -0.660355836425673459E+01    1
    0.775271535598641703E+00   -0.130026112010209658E+03   -0.660551148925674347E+01    1
    0.772520872819011717E+00   -0.130026110911191154E+03   -0.660746461425673903E+01    1
    0.774394687906750256E+00   -0.130026110529300695E+03   -0.660941773925672837E+01    1
    0.772503573562957846E+00   -0.130026109468910818E+03   -0.661137086425671860E+01    1
    0.772504799845117551E+00   -0.130026109316973589E+03   -0.661332398925672749E+01    1
    0.774361456116937852E+00   -0.130026108900709630E+03   -0.661527711425675502E+01    1
    0.774362986115163188E+00   -0.130026108337278004E+03   -0.661723023925675591E+01    1
    0.769255923971727817E+00   -0.130026107020108213E+03   -0.661918336425673370E+01    1
    0.772498840844566770E+00   -0.130026101478988124E+03   -0.662113648925671505E+01    1
    0.772492988030459959E+00   -0.130026098617503578E+03   -0.662308961425671949E+01    1
    0.775389040604137603E+00   -0.130026096080672687E+03   -0.662504273925673015E+01    1
    0.775330195045527359E+00   -0.130026095866348157E+03   -0.662699586425675058E+01    1
    0.774177594860050999E+00   -0.130026094445292472E+03   -0.662894898925673548E+01    1
    0.774844975518785839E+00   -0.130026094431045863E+03   -0.663090211425672571E+01    1
    0.774845350025814117E+00   -0.130026094417317779E+03   -0.663285523925673992E+01    1
    0.774428874232768849E+00   -0.130026091729615672E+03   -0.663480836425674347E+01    1
    0.775371634019849987E+00   -0.130026086760815673E+03   -0.663676148925674880E+01    1
    0.774465770025793976E+00   -0.130026076815487556E+03   -0.663871461425674259E+01    1
    0.769291644863130619E+00   -0.130026076553108425E+03   -0.664066773925674347E+01    1
    0.772619692435733141E+00   -0.130026074481358137E+03   -0.664262086425673104E+01    1
    0.772627430344668298E+00   -0.130026073287365364E+03   -0.664457398925669995E+01    1
    0.772627567359434830E+00   -0.130026073268076090E+03   -0.664652711425672038E+01    1
    0.774269103597192698E+00   -0.130026070812045532E+03   -0.664848023925673814E+01    1
    0.774286399427877359E+00   -0.130026067552876611E+03   -0.665043336425671416E+01    1
    0.774544018017122915E+00   -0.130026066761080187E+03   -0.665238648925672660E+01    1
    0.774235614904693281E+00   -0.130026063903019406E+03   -0.665433961425673104E+01    1
    0.774552715029423244E+00   -0.130026062803148960E+03   -0.665629273925673903E+01    1
    0.774560110401442348E+00   -0.130026060575319832E+03   -0.665824586425675591E+01    1
    0.774449190097263984E+00   -0.130026053167218066E+03   -0.666019898925674525E+01    1
    0.775455734825285736E+00   -0.130026051973351002E+03   -0.666215211425673282E+01    1
    0.772587744017566580E+00   -0.130026049722529223E+03   -0.666410523925673459E+01    1
    0.775469081205327537E+00   -0.130026049684560604E+03   -0.666605836425673104E+01    1
    0.772588874389389724E+00   -0.130026046809120999E+03   -0.666801148925671949E+01    1
    0.774602743687812456E+00   -0.130026045478515897E+03   -0.666996461425673459E+01    1
    0.772602892141787123E+00   -0.130026037011398245E+03   -0.667191773925673193E+01    1
    0.772668261886859664E+00   -0.130026027171219937E+03   -0.667387086425673104E+01    1
    0.774918416575391844E+00   -0.130026026848902632E+03   -0.667582398925674791E+01    1
    0.774910821390171756E+00   -0.130026025971410661E+03   -0.667777711425671772E+01    1
    0.772676389146089493E+00   -0.130026025052730517E+03   -0.667973023925669196E+01    1
    0.774909986741886159E+00   -0.130026024939541458E+03   -0.668168336425671505E+01    1
    0.775136906030919115E+00   -0.130026024854073967E+03   -0.668363648925671505E+01    1
    0.772686717775900256E+00   -0.130026023237358686E+03   -0.668558961425669196E+01    1
    0.775837684038975794E+00   -0.130026021123206220E+03   -0.668754273925668752E+01    1
    0.772713981430844132E+00   -0.130026017753779797E+03   -0.668949586425671772E+01    1
    0.772719627581011537E+00   -0.130026016742326760E+03   -0.669144898925674170E+01    1
    0.772721884899288725E+00   -0.130026016356330700E+03   -0.669340211425672038E+01    1
    0.772767871622067726E+00   -0.130026008438379108E+03   -0.669535523925672482E+01    1
    0.775844000419709023E+00   -0.130026005055014110E+03   -0.669730836425672926E+01    1
    0.774956101345113835E+00   -0.130026005013466886E+03   -0.669926148925671505E+01    1
    0.775845105672158364E+00   -0.130026004760966117E+03   -0.670121461425673282E+01    1
    0.775854692138650881E+00   -0.130025998388452194E+03   -0.670316773925673903E+01    1
    0.775849551801329640E+00   -0.130025996817017869E+03   -0.670512086425674969E+01    1
    0.774960129579247425E+00   -0.130025996307806111E+03   -0.670707398925676301E+01    1
    0.775867908354664571E+00   -0.130025996084315693E+03   -0.670902711425673548E+01    1
    0.775106819871786534E+00   -0.130025994882414068E+03   -0.671098023925673104E+01    1
    0.775904916043082316E+00   -0.130025993278751912E+03   -0.671293336425675857E+01    1
    0.775824837762831510E+00   -0.130025992468652049E+03   -0.671488648925674170E+01    1
    0.773306359064635296E+00   -0.130025988283800189E+03   -0.671683961425672216E+01    1
    0.773221223797712853E+00   -0.130025983056420642E+03   -0.671879273925673370E+01    1
    0.773413381298708180E+00   -0.130025982992107515E+03   -0.672074586425673637E+01    1
    0.773266204603748175E+00   -0.130025982817141369E+03   -0.672269898925671594E+01    1
    0.775818086360214765E+00   -0.130025982816174576E+03   -0.672465211425670972E+01    1
    0.773414646401718420E+00   -0.130025982683985291E+03   -0.672660523925672926E+01    1
    0.773432124918758346E+00   -0.130025982285140799E+03   -0.672855836425672926E+01    1
    0.773229050766246262E+00   -0.130025981394739574E+03   -0.673051148925672127E+01    1
    0.773443723218738222E+00   -0.130025979469376949E+03   -0.673246461425674525E+01    1
    0.775727818748499054E+00   -0.130025979229710003E+03   -0.673441773925674614E+01    1
    0.775729611358360160E+00   -0.130025978762903662E+03   -0.673637086425673282E+01    1
    0.775679550729858724E+00   -0.130025978658786869E+03   -0.673832398925674880E+01    1
    0.773469378091965920E+00   -0.130025975134443513E+03   -0.674027711425675324E+01    1
    0.775775263536750970E+00   -0.130025974708887247E+03   -0.674223023925672926E+01    1
    0.775798049092411346E+00   -0.130025973467367862E+03   -0.674418336425670439E+01    1
    0.776136160431576183E+00   -0.130025971336399493E+03   -0.674613648925672038E+01    1
    0.775790587496588580E+00   -0.130025970294729603E+03   -0.674808961425671594E+01    1
    0.776144003385165648E+00   -0.130025969777787282E+03   -0.675004273925672571E+01    1
    0.775622694168941473E+00   -0.130025969110976291E+03   -0.675199586425676479E+01    1
    0.775913173466340256E+00   -0.130025968043334018E+03   -0.675394898925674969E+01    1
    0.775085149844683019E+00   -0.130025966861729160E+03   -0.675590211425670439E+01    1
    0.772995713477194868E+00   -0.130025966084475812E+03   -0.675785523925669285E+01    1
    0.775090509405630512E+00   -0.130025964747495266E+03   -0.675980836425673370E+01    1
    0.775087982624979244E+00   -0.130025964717720910E+03   -0.676176148925672837E+01    1
    0.775087076043941337E+00   -0.130025964702985164E+03   -0.676371461425672127E+01    1
    0.772844815689536002E+00   -0.130025955421530966E+03   -0.676566773925672393E+01    1
    0.775576286125755687E+00   -0.130025955370650649E+03   -0.676762086425668841E+01    1
    0.775577149318784298E+00   -0.130025955135780123E+03   -0.676957398925671949E+01    1
    0.773109477979566639E+00   -0.130025951634252095E+03   -0.677152711425675680E+01    1
    0.775720005481442376E+00   -0.130025950495261242E+03   -0.677348023925673992E+01    1
    0.773124546178506900E+00   -0.130025948931543041E+03   -0.677543336425672393E+01    1
    0.775928758896023751E+00   -0.130025947771421443E+03   -0.677738648925670706E+01    1
    0.775647871774066133E+00   -0.130025946379350898E+03   -0.677933961425669818E+01    1
    0.775711949013175195E+00   -0.130025945715512535E+03   -0.678129273925669018E+01    1
    0.775651871463456710E+00   -0.130025945298453053E+03   -0.678324586425667864E+01    1
    0.773022900632227339E+00   -0.130025941689185714E+03   -0.678519898925668130E+01    1
    0.775663588509567514E+00   -0.130025930867650601E+03   -0.678715211425671416E+01    1
    0.772890822964529933E+00   -0.130025930843162712E+03   -0.678910523925670706E+01    1
    0.772921567936331266E+00   -0.130025929540054619E+03   -0.679105836425667864E+01    1
    0.772900545303999209E+00   -0.130025928177696414E+03   -0.679301148925670439E+01    1
    0.772927059944886419E+00   -0.130025928053694855E+03   -0.679496461425673992E+01    1
    0.775007910053677085E+00   -0.130025920326752242E+03   -0.679691773925674347E+01    1
    0.775009451469799604E+00   -0.130025920290697428E+03   -0.679887086425674347E+01    1
    0.774988979180112780E+00   -0.130025918968482500E+03   -0.680082398925676124E+01    1
    0.772980044696861768E+00   -0.130025918406216135E+03   -0.680277711425673548E+01    1
    0.775022779581205912E+00   -0.130025917422158471E+03   -0.680473023925668929E+01    1
    0.776184093905828432E+00   -0.130025913426680972E+03   -0.680668336425670528E+01    1
    0.772971789557183153E+00   -0.130025911037116714E+03   -0.680863648925674525E+01    1
    0.772973529644717106E+00   -0.130025910707742412E+03   -0.681058961425672038E+01    1
    0.776189324444537587E+00   -0.130025910356611575E+03   -0.681254273925671772E+01    1
    0.776205045747197842E+00   -0.130025867374549989E+03   -0.681449586425671772E+01    1
    0.776246365975389541E+00   -0.130025862819506017E+03   -0.681644898925671683E+01    1
    0.776246540669216833E+00   -0.130025862798146818E+03   -0.681840211425675058E+01    1
    0.776330542138946922E+00   -0.130025860447906325E+03   -0.682035523925671328E+01    1
    0.776326251293177561E+00   -0.130025860429249576E+03   -0.682230836425668397E+01    1
    0.776335414155683856E+00   -0.130025858958529057E+03   -0.682426148925669551E+01    1
    0.776338903465069397E+00   -0.130025858483292268E+03   -0.682621461425670706E+01    1
    0.776366691201494818E+00   -0.130025854528271594E+03   -0.682816773925672393E+01    1
    0.776366718604448169E+00   -0.130025854524077829E+03   -0.683012086425672571E+01    1
    0.776092846638532730E+00   -0.130025852370116553E+03   -0.683207398925673193E+01    1
    0.775982512072480923E+00   -0.130025851905232400E+03   -0.683402711425673015E+01    1
    0.776382184146210963E+00   -0.130025848786944039E+03   -0.683598023925669196E+01    1
    0.776266920473936306E+00   -0.130025847141238273E+03   -0.683793336425670617E+01    1
    0.776397219233249336E+00   -0.130025838910723223E+03   -0.683988648925673637E+01    1
    0.775965555353343217E+00   -0.130025835820782049E+03   -0.684183961425670351E+01    1
    0.775968343603840482E+00   -0.130025834413080702E+03   -0.684379273925670883E+01    1
    0.775970067706318267E+00   -0.130025833708575476E+03   -0.684574586425675324E+01    1
    0.776280222324178926E+00   -0.130025833672473652E+03   -0.684769898925675680E+01    1
    0.776287594860403662E+00   -0.130025832273782669E+03   -0.684965211425673637E+01    1
    0.767539873395026606E+00   -0.130024553181384761E+03   -0.685158816156555783E+01    2
    0.776416126129229500E+00   -0.130025829929798363E+03   -0.685160490731336225E+01    3
    0.767426043810640612E+00   -0.130024533210324421E+03   -0.686189743991607592E+01    2
    0.776469100605097329E+00   -0.130025691412710728E+03   -0.685401454586758696E+01    3
    0.767353501342544542E+00   -0.130024527380190250E+03   -0.687220671826659135E+01    2
    0.776539214331837924E+00   -0.130025613761193370E+03   -0.685642418442180190E+01    3
    0.767357704270505314E+00   -0.130024527084754169E+03   -0.688251599661710678E+01    2
    0.776544313719349399E+00   -0.130025612629219154E+03   -0.685883382297603461E+01    3
    0.767400568198398969E+00   -0.130024526904904974E+03   -0.689282527496762309E+01    2
    0.776880587918854171E+00   -0.130025602550988339E+03   -0.686124346153024778E+01    3
    0.767372105664248738E+00   -0.130024526892799827E+03   -0.690313455331813408E+01    2
    0.776882605461290066E+00   -0.130025601397401886E+03   -0.686365310008444673E+01    3
    0.767364525322295044E+00   -0.130024526651999395E+03   -0.691344383166865040E+01    2
    0.776885269256707756E+00   -0.130025599637173400E+03   -0.686606273863867678E+01    3
    0.767377578262378734E+00   -0.130024524071451253E+03   -0.692375311001916760E+01    2
    0.776900942604199729E+00   -0.130025542789573876E+03   -0.686847237719288817E+01    3
    0.767737311673478806E+00   -0.130024523545449426E+03   -0.693406238836967592E+01    2
    0.776923711355166580E+00   -0.130025536157647338E+03   -0.687088201574709601E+01    3
    0.767749464883262789E+00   -0.130024522007670271E+03   -0.694437166672019401E+01    2
    0.776984640357864187E+00   -0.130025519260082064E+03   -0.687329165430132161E+01    3
    0.767759120998928180E+00   -0.130024521964560421E+03   -0.695468094507071033E+01    2
    0.776791516902765489E+00   -0.130025501691820381E+03   -0.687570129285554277E+01    3
    0.767761997167233923E+00   -0.130024519387873710E+03   -0.696499022342122398E+01    2
    0.777014155622136604E+00   -0.130025496527751727E+03   -0.687811093140977015E+01    3
    0.767768147988457716E+00   -0.130024519167723497E+03   -0.697529950177174562E+01    2
    0.777031759736045879E+00   -0.130025487145978332E+03   -0.688052056996399486E+01    3
    0.767715763817875319E+00   -0.130024518749431763E+03   -0.698560878012226283E+01    2
    0.776765258022775629E+00   -0.130025484853906249E+03   -0.688293020851821247E+01    3
    0.767688864375382640E+00   -0.130024518008277340E+03   -0.699591805847277826E+01    2
    0.776667440897428563E+00   -0.130025462612890919E+03   -0.688533984707242475E+01    3
    0.767687153992851146E+00   -0.130024517684928469E+03   -0.700622733682329191E+01    2
    0.776689069820102218E+00   -0.130025456574453756E+03   -0.688774948562663791E+01    3
    0.767713499648859710E+00   -0.130024517610599048E+03   -0.701653661517380645E+01    2
    0.776628385980042246E+00   -0.130025446285207749E+03   -0.689015912418083865E+01    3
    0.767712128359405499E+00   -0.130024517375422221E+03   -0.702684589352432010E+01    2
    0.776632591191582455E+00   -0.130025445138805253E+03   -0.689256876273504560E+01    3
    0.767684725406115875E+00   -0.130024517201361903E+03   -0.703715517187483020E+01    2
    0.776615958740725310E+00   -0.130025436331655726E+03   -0.689497840128928274E+01    3
    0.767656726438592174E+00   -0.130024515411879548E+03   -0.704746445022535095E+01    2
    0.777051586914540682E+00   -0.130025372320551639E+03   -0.689738803984350035E+01    3
    0.767656221767535674E+00   -0.130024515317488522E+03   -0.705777372857586727E+01    2
    0.777056208879328802E+00   -0.130025370417409704E+03   -0.689979767839770997E+01    3
    0.767652886599762385E+00   -0.130024514936076230E+03   -0.706808300692638181E+01    2
    0.777109846735024257E+00   -0.130025311723086020E+03   -0.690220731695193468E+01    3
    0.767338775680520446E+00   -0.130024513978848745E+03   -0.707839228527690256E+01    2
    0.777169956254854855E+00   -0.130025268040362732E+03   -0.690461695550615051E+01    3
    0.767696723332497832E+00   -0.130024510951853614E+03   -0.708870156362741533E+01    2
    0.777172282080515364E+00   -0.130025267147331618E+03   -0.690702659406037256E+01    3
    0.767300375008643898E+00   -0.130024509780696121E+03   -0.709901084197792898E+01    2
    0.777201487919773615E+00   -0.130025256803409832E+03   -0.690943623261457684E+01    3
    0.767290215381610685E+00   -0.130024509171142824E+03   -0.710932012032844884E+01    2
    0.777213225518099349E+00   -0.130025235644143066E+03   -0.691184587116877847E+01    3
    0.767287409986368685E+00   -0.130024508864995710E+03   -0.711962939867896161E+01    2
    0.778971320217674901E+00   -0.130025231860719003E+03   -0.691425550972301295E+01    3
    0.767669947221764626E+00   -0.130024507382452299E+03   -0.712993867702947437E+01    2
    0.777943470835260054E+00   -0.130025231323289233E+03   -0.691666514827722434E+01    3
    0.767310542646104099E+00   -0.130024507001510756E+03   -0.714024795537999335E+01    2
    0.777932390907813298E+00   -0.130025220419148297E+03   -0.691907478683143307E+01    3
    0.767216753754890624E+00   -0.130024497486051075E+03   -0.715055723373051233E+01    2
    0.778850326209178490E+00   -0.130025214602265351E+03   -0.692148442538565689E+01    3
    0.767233230922345855E+00   -0.130024495679055775E+03   -0.716086651208102598E+01    2
    0.777596025365130950E+00   -0.130025208012828841E+03   -0.692389406393988693E+01    3
    0.767241644287174451E+00   -0.130024495645087995E+03   -0.717117579043153786E+01    2
    0.778877457656717787E+00   -0.130025205422197132E+03   -0.692630370249411520E+01    3
    0.767237879254720645E+00   -0.130024495260387766E+03   -0.718148506878205417E+01    2
    0.777605954368539631E+00   -0.130025204187510212E+03   -0.692871334104831416E+01    3
    0.767528675863238585E+00   -0.130024494452906424E+03   -0.719179434713257315E+01    2
    0.777274632111052299E+00   -0.130025202899117801E+03   -0.693112297960252022E+01    3
    0.767506333013253106E+00   -0.130024492446205414E+03   -0.720210362548308147E+01    2
    0.777267628411046130E+00   -0.130025201728477271E+03   -0.693353261815672806E+01    3
    0.767485955800849662E+00   -0.130024492306262601E+03   -0.721241290383359246E+01    2
    0.777268126193225495E+00   -0.130025201555095236E+03   -0.693594225671094922E+01    3
    0.767490453310558318E+00   -0.130024492055002810E+03   -0.722272218218411055E+01    2
    0.777630506272897426E+00   -0.130025195912251434E+03   -0.693835189526518903E+01    3
    0.767474853037608429E+00   -0.130024491626970644E+03   -0.723303146053462509E+01    2
    0.777643951988644888E+00   -0.130025195737847469E+03   -0.694076153381939243E+01    3
    0.767480513447243662E+00   -0.130024491174169725E+03   -0.724334073888514052E+01    2
    0.777553740324625542E+00   -0.130025193885040665E+03   -0.694317117237359138E+01    3
    0.767274890262084508E+00   -0.130024490996419502E+03   -0.725365001723565861E+01    2
    0.777550301253987719E+00   -0.130025193830257081E+03   -0.694558081092782675E+01    3
    0.767208264548319474E+00   -0.130024489897489190E+03   -0.726395929558618203E+01    2
    0.777544187674542586E+00   -0.130025193721948966E+03   -0.694799044948206301E+01    3
    0.767207468720884300E+00   -0.130024489818636795E+03   -0.727426857393669213E+01    2
    0.778924688383703878E+00   -0.130025192619501610E+03   -0.695040008803628151E+01    3
    0.767494281731490813E+00   -0.130024489517201687E+03   -0.728457785228720311E+01    2
    0.778912349062195530E+00   -0.130025192560826213E+03   -0.695280972659048579E+01    3
    0.767172582477767095E+00   -0.130024486503926056E+03   -0.729488713063772032E+01    2
    0.777689805122026678E+00   -0.130025192195501290E+03   -0.695521936514470784E+01    3
    0.767982864970748746E+00   -0.130024485378866018E+03   -0.730519640898823930E+01    2
    0.778915077939627332E+00   -0.130025191594362781E+03   -0.695762900369892545E+01    3
    0.777307587587752313E+00   -0.130025191238921536E+03   -0.696003864225312796E+01    3
    0.767156071054276301E+00   -0.130024430220877804E+03   -0.731549529055300773E+01    4
    0.777679135097089413E+00   -0.130025187775089762E+03   -0.696244828080734734E+01    3
    0.767145723126089418E+00   -0.130024311032979341E+03   -0.732848230354002261E+01    4
    0.778004983614657086E+00   -0.130025187186504297E+03   -0.696485791936155607E+01    3
    0.767135330446349295E+00   -0.130024305535665860E+03   -0.734146931652703660E+01    4
    0.777491418016316826E+00   -0.130025187161656874E+03   -0.696726755791578256E+01    3
    0.777495984033408694E+00   -0.130025186809253228E+03   -0.696967719647000461E+01    3
    0.777311300687923090E+00   -0.130025185170199734E+03   -0.697208683502421334E+01    3
    0.777521573328955884E+00   -0.130025185125504436E+03   -0.697449647357842384E+01    3
    0.777990291064534989E+00   -0.130025184196962186E+03   -0.697690611213264855E+01    3
    0.777905027917163872E+00   -0.130025183971517663E+03   -0.697931575068687948E+01    3
    0.777969968349301544E+00   -0.130025182014156002E+03   -0.698172538924109265E+01    3
    0.777849446735364269E+00   -0.130025181407295179E+03   -0.698413502779531825E+01    3
    0.777504918537970879E+00   -0.130025181372236148E+03   -0.698654466634952875E+01    3
    0.777845820411212308E+00   -0.130025181295059838E+03   -0.698895430490373393E+01    3
    0.777671827642878899E+00   -0.130025178317264476E+03   -0.699136394345793732E+01    3
    0.777692672156014564E+00   -0.130025170149557965E+03   -0.699377358201216826E+01    3
    0.777690890964050752E+00   -0.130025169971035297E+03   -0.699618322056640274E+01    3
    0.777839120389132943E+00   -0.130025167231231848E+03   -0.699859285912060347E+01    3
    0.777372502900516182E+00   -0.130025166894676431E+03   -0.700100249767482108E+01    3
    0.777324561433735850E+00   -0.130025166103216094E+03   -0.700341213622905023E+01    3
    0.777385240706636949E+00   -0.130025165927440810E+03   -0.700582177478327139E+01    3
    0.777726306997598260E+00   -0.130025165522713593E+03   -0.700823141333746147E+01    3
    0.777724684514405462E+00   -0.130025165442648699E+03   -0.701064105189166398E+01    3
    0.777799701240825758E+00   -0.130025161798481179E+03   -0.701305069044590912E+01    3
    0.777793036614227717E+00   -0.130025160819863629E+03   -0.701546032900013206E+01    3
    0.777787342508892143E+00   -0.130025160484292201E+03   -0.701786996755433723E+01    3
    0.777783403334356693E+00   -0.130025160219530619E+03   -0.702027960610855128E+01    3
    0.777483348988362688E+00   -0.130025159144751399E+03   -0.702268924466276800E+01    3
    0.777778347489474720E+00   -0.130025159041093161E+03   -0.702509888321699449E+01    3
    0.777774105740663413E+00   -0.130025158537686480E+03   -0.702750852177119878E+01    3
    0.777485795843733563E+00   -0.130025158464022468E+03   -0.702991816032541994E+01    3
    0.777761935404033711E+00   -0.130025156987786545E+03   -0.703232779887964998E+01    3
    0.777424248810644869E+00   -0.130025155622125254E+03   -0.703473743743384894E+01    3
    0.777436680617120679E+00   -0.130025154471665985E+03   -0.703714707598805500E+01    3
    0.777398626854785668E+00   -0.130025151307177339E+03   -0.703955671454226550E+01    3
    0.777819257815156817E+00   -0.130025148938383552E+03   -0.704196635309648844E+01    3
    0.777417508825925307E+00   -0.130025148634507474E+03   -0.704437599165072115E+01    3
    0.777413951009156556E+00   -0.130025148070151999E+03   -0.704678563020493076E+01    3
    0.777732385857875519E+00   -0.130025139080150979E+03   -0.704919526875913593E+01    3
    0.779081677619521074E+00   -0.130025135281744042E+03   -0.705160490731335532E+01    3
    0.779060746463418829E+00   -0.130025130676190372E+03   -0.705401454586758891E+01    3
    0.779018147297688146E+00   -0.130025129811473676E+03   -0.705642418442180386E+01    3
    0.778789217316957494E+00   -0.130025128313878326E+03   -0.705883382297601170E+01    3
    0.778791027053664320E+00   -0.130025127744307724E+03   -0.706124346153025151E+01    3
    0.778813057278841425E+00   -0.130025126576598666E+03   -0.706365310008447622E+01    3
    0.779036105366410658E+00   -0.130025126140527931E+03   -0.706606273863866807E+01    3
    0.779040960256301762E+00   -0.130025125848760240E+03   -0.706847212087814825E+01    7
    0.778755114552568073E+00   -0.130025118117059208E+03   -0.706839458119440689E+01    8
    0.779043041738962105E+00   -0.130025125721167797E+03   -0.707118214797844136E+01    7
    0.778768140037577883E+00   -0.130025115056648872E+03   -0.709013371162919004E+01    8
    0.779150424778586648E+00   -0.130025123422652115E+03   -0.707389217507871315E+01    7
    0.778675636642730651E+00   -0.130025105600249930E+03   -0.711187284206397319E+01    8
    0.779168329183192232E+00   -0.130025121392682280E+03   -0.707660220217899383E+01    7
    0.778711457772853222E+00   -0.130025097240979676E+03   -0.713361197249875278E+01    8
    0.779191405895231282E+00   -0.130025117734123654E+03   -0.707931222927924342E+01    7
    0.778640331362785987E+00   -0.130025078426107854E+03   -0.715535110293353771E+01    8
    0.779193124385331726E+00   -0.130025117358623163E+03   -0.708202225637953386E+01    7
    0.778648242511065014E+00   -0.130025077003538001E+03   -0.717709023336832086E+01    8
    0.779232960190315738E+00   -0.130025110850029307E+03   -0.708473228347980299E+01    7
    0.778654599167132200E+00   -0.130025075600249409E+03   -0.719882936380310134E+01    8
    0.780154336719695474E+00   -0.130025107711323130E+03   -0.708744231058007479E+01    7
    0.778663129478133320E+00   -0.130025061584531471E+03   -0.722056849423788272E+01    8
    0.780168965149411031E+00   -0.130025097904564717E+03   -0.709015233768034125E+01    7
    0.778061941794859435E+00   -0.130025053504759626E+03   -0.724230762467266409E+01    8
    0.779278227585570860E+00   -0.130025094557503706E+03   -0.709286236478061838E+01    7
    0.778093104123855017E+00   -0.130025041857583005E+03   -0.726404675510744724E+01    8
    0.779296261012414893E+00   -0.130025090674724197E+03   -0.709557239188089994E+01    7
    0.778327620277741272E+00   -0.130025037272865347E+03   -0.728578588554223217E+01    8
    0.779326180470248375E+00   -0.130025089334431527E+03   -0.709828241898117795E+01    7
    0.778363487318228353E+00   -0.130025036936626691E+03   -0.730752501597701709E+01    8
    0.780261413579492635E+00   -0.130025086489564046E+03   -0.710099244608142754E+01    7
    0.778315399702363853E+00   -0.130025036019879053E+03   -0.732926414641179758E+01    8
    0.780261447833184296E+00   -0.130025086472925125E+03   -0.710370247318166648E+01    7
    0.778041696718062781E+00   -0.130025034833942158E+03   -0.735100327684657984E+01    8
    0.780272362201121616E+00   -0.130025081302160629E+03   -0.710641250028194094E+01    7
    0.779312383083267002E+00   -0.130025076627621218E+03   -0.710912252738221095E+01    7
    0.780286316013294678E+00   -0.130025076426180703E+03   -0.711183255448248008E+01    7
    0.780191862600463915E+00   -0.130025073949498960E+03   -0.711454258158278119E+01    7
    0.780226815067385004E+00   -0.130025071982658119E+03   -0.711725260868306364E+01    7
    0.780227205559469339E+00   -0.130025071786309752E+03   -0.711996263578332123E+01    7
    0.779394979009851219E+00   -0.130025069106910848E+03   -0.712267266288358414E+01    7
    0.779417181110964474E+00   -0.130025068303795052E+03   -0.712538268998383817E+01    7
    0.779384098895605559E+00   -0.130025065922061970E+03   -0.712809271708412062E+01    7
    0.779434149740443449E+00   -0.130025063841602901E+03   -0.713080274418441107E+01    7
    0.780310521955367209E+00   -0.130025062593534756E+03   -0.713351277128468642E+01    7
    0.780316470679810470E+00   -0.130025060257910212E+03   -0.713622279838495466E+01    7
    0.780322760799380233E+00   -0.130025057161986069E+03   -0.713893282548520780E+01    7
    0.780323966529324897E+00   -0.130025056653025132E+03   -0.714164285258548759E+01    7
    0.780336748865244845E+00   -0.130025049940211005E+03   -0.714435287968577359E+01    7
    0.779488297200427782E+00   -0.130025033497287211E+03   -0.714706290678604717E+01    7
    0.779454403455849709E+00   -0.130025027690387333E+03   -0.714977293388632074E+01    7
    0.779497487217430618E+00   -0.130025023870339737E+03   -0.715248296098659520E+01    7
    0.779687390215456855E+00   -0.130024994140410058E+03   -0.715519298808685900E+01    7
    0.779687780707541300E+00   -0.130024994045010772E+03   -0.715790301518711658E+01    7
    0.779689881600626800E+00   -0.130024994010827584E+03   -0.716061304228738393E+01    7
    0.779660696313583590E+00   -0.130024992825814252E+03   -0.716332306938765129E+01    7
    0.779702460697976552E+00   -0.130024990643996603E+03   -0.716603309648791331E+01    7
    0.779586076929986049E+00   -0.130024962689673572E+03   -0.716874312358820021E+01    7
    0.779588411157711492E+00   -0.130024962231300265E+03   -0.717145315068847466E+01    7
    0.779721376978586123E+00   -0.130024956160686770E+03   -0.717416317778872781E+01    7
    0.779614901411477601E+00   -0.130024954004150885E+03   -0.717687320488898539E+01    7
    0.779574211157769814E+00   -0.130024953564573480E+03   -0.717958323198926429E+01    7
    0.779617167864072647E+00   -0.130024953546743802E+03   -0.718229325908954142E+01    7
    0.779625010817662112E+00   -0.130024947604342969E+03   -0.718500328618981854E+01    7
    0.779633437225798698E+00   -0.130024946292203197E+03   -0.718771331329009211E+01    7
    0.780408940803896778E+00   -0.130024944230813958E+03   -0.719042334039034881E+01    7
    0.779744070940757150E+00   -0.130024944049365786E+03   -0.719313336749064192E+01    7
    0.780406569306647535E+00   -0.130024943601307598E+03   -0.719584339459090572E+01    7
    0.780474205445416569E+00   -0.130024939332834919E+03   -0.719855342169114643E+01    7
    0.780444702799729551E+00   -0.130024936155083026E+03   -0.720126344879143776E+01    7
    0.781922678801829418E+00   -0.130024928338991430E+03   -0.720397347589174242E+01    7
    0.781922798689750120E+00   -0.130024928335039704E+03   -0.720668350299198401E+01    7
    0.780349834057490477E+00   -0.130024922643955847E+03   -0.720939353009224160E+01    7
    0.780352826496602314E+00   -0.130024921658817732E+03   -0.721210355719252671E+01    7
    0.779755164085424224E+00   -0.130024920898393191E+03   -0.721481358429278519E+01    7
    0.779837044594110185E+00   -0.130024919550183682E+03   -0.721752361139305432E+01    7
    0.779840990619383945E+00   -0.130024919026676770E+03   -0.722023363849335453E+01    7
    0.779844497055615316E+00   -0.130024918066422828E+03   -0.722294366559361478E+01    7
    0.779766754877132429E+00   -0.130024917206291718E+03   -0.722565369269387237E+01    7
    0.780517704284060532E+00   -0.130024910862479345E+03   -0.722836371979416104E+01    7
    0.779944771312440555E+00   -0.130024907830745462E+03   -0.723107374689444349E+01    7
    0.779911743902988230E+00   -0.130024905998660728E+03   -0.723378377399473127E+01    7
    0.779915238921322307E+00   -0.130024904918064749E+03   -0.723649380109497642E+01    7
    0.779786539809407597E+00   -0.130024899893361749E+03   -0.723920382819523489E+01    7
    0.779887122349457451E+00   -0.130024896543817988E+03   -0.724191385529551734E+01    7
    0.779888271531386956E+00   -0.130024896259985098E+03   -0.724462388239579891E+01    7
    0.779797201841816778E+00   -0.130024896104431548E+03   -0.724733390949606715E+01    7
    0.779803928125059609E+00   -0.130024894617213306E+03   -0.725004393659633006E+01    7
    0.781941576718861997E+00   -0.130024889115097125E+03   -0.725275396369658765E+01    7
    0.780090107442958924E+00   -0.130024886954819607E+03   -0.725546399079684079E+01    7
    0.780091530112362985E+00   -0.130024886371539310E+03   -0.725817401789714101E+01    7
    0.781326189583255060E+00   -0.130024883457288013E+03   -0.726088404499740658E+01    7
    0.781929569502792021E+00   -0.130024883140811767E+03   -0.726359407209766772E+01    7
    0.781378329410837291E+00   -0.130024882458320008E+03   -0.726630409919796172E+01    7
    0.780101950281740009E+00   -0.130024882123063719E+03   -0.726901412629822374E+01    7
    0.781381010333100812E+00   -0.130024881735496166E+03   -0.727172415339850087E+01    7
    0.781397444309470224E+00   -0.130024878404706698E+03   -0.727443418049876378E+01    7
    0.781361642154073555E+00   -0.130024877810910397E+03   -0.727714420759900094E+01    7
    0.781353101566964914E+00   -0.130024877719885893E+03   -0.727985423469927362E+01    7
    0.781236649165877872E+00   -0.130024877505567218E+03   -0.728256426179956584E+01    7
    0.781238183856975521E+00   -0.130024877215200775E+03   -0.728527428889984385E+01    7
    0.779965701459805261E+00   -0.130024876348804071E+03   -0.728798431600010854E+01    7
    0.781368831053229518E+00   -0.130024876239177104E+03   -0.729069434310037146E+01    7
    0.781371903418290881E+00   -0.130024875595851711E+03   -0.729340437020062993E+01    7
    0.781317822548183938E+00   -0.130024875370368704E+03   -0.729611439730090527E+01    7
    0.779972469989267836E+00   -0.130024874752679295E+03   -0.729882442440119750E+01    7
    0.781413138012253539E+00   -0.130024874448415289E+03   -0.730153445150147995E+01    7
    0.781255921560282007E+00   -0.130024873976997924E+03   -0.730424447860174286E+01    7
    0.779978993404851106E+00   -0.130024873260306663E+03   -0.730695450570200489E+01    7
    0.781259416578616084E+00   -0.130024873193331501E+03   -0.730966453280227668E+01    7
    0.780699782048636881E+00   -0.130024869951251333E+03   -0.731237455990255469E+01    7
    0.780626633094713585E+00   -0.130024869895666598E+03   -0.731508458700282027E+01    7
    0.781431943288948494E+00   -0.130024869333676094E+03   -0.731779461410308496E+01    7
    0.780630171696542807E+00   -0.130024869199355862E+03   -0.732050464120336208E+01    7
    0.780118331825576439E+00   -0.130024867436228590E+03   -0.732321466830363033E+01    7
    0.780636830614192201E+00   -0.130024866608756838E+03   -0.732592469540389768E+01    7
    0.780358793399376749E+00   -0.130024864084186362E+03   -0.732863472250417480E+01    7
    0.780696946984761109E+00   -0.130024863543112701E+03   -0.733134474960444127E+01    7
    0.780729855648082616E+00   -0.130024860614183524E+03   -0.733405477670470773E+01    7
    0.781496770683903885E+00   -0.130024859330473021E+03   -0.733676480380499463E+01    7
    0.781499981396597709E+00   -0.130024859282680438E+03   -0.733947483090527442E+01    7
